0,56471341	0,43528659		0,48938905	0,51061095		0,39043978	0,60956022		0,46415985	0,53584015		0,44621561	0,55378439		1,00000000	0,00000000		0,87136584	0,12863416		1,00000000	0,00000000	0,00000000		
0,63670452	0,36329548		0,60493851	0,39506149		0,13298770	0,86701230		0,72710426	0,27289574		0,41382560	0,58617440		1,00000000	0,00000000		1,00000000	0,00000000		1,00000000	0,00000000	0,00000000		
0,74848019	0,25151981		0,81035979	0,18964021		0,00000000	1,00000000		1,00000000	0,00000000		0,40765607	0,59234393		0,95665592	0,04334408		1,00000000	0,00000000		1,00000000	0,00000000	0,00000000		
0,83373282	0,16626718		0,87455394	0,12544606		0,00000000	1,00000000		1,00000000	0,00000000		0,34287605	0,65712395		1,00000000	0,00000000		1,00000000	0,00000000		1,00000000	0,00000000	0,00000000		
0,39799716	0,60200284		0,42519490	0,57480510		0,00000000	1,00000000		0,59626111	0,40373889		0,06062026	0,93937974		1,00000000	0,00000000		0,91920499	0,08079501		1,00000000	0,00000000	0,00000000		
0,73142966	0,26857034		0,75900447	0,24099553		0,00000000	1,00000000		0,93846626	0,06153374		0,44621561	0,55378439		1,00000000	0,00000000		1,00000000	0,00000000		1,00000000	0,00000000	0,00000000		
0,67270007	0,32729993		0,63917539	0,36082461		0,16357606	0,83642394		0,71578129	0,28421871		0,52796182	0,47203818		0,59849416	0,40150584		0,87242893	0,12757107		1,00000000	0,00000000	0,00000000		
0,78258124	0,21741876		0,80608018	0,19391982		0,00000000	1,00000000		0,89569062	0,10430938		0,46163942	0,53836058		0,95625213	0,04374787		1,00000000	0,00000000		1,00000000	0,00000000	0,00000000		
0,30516652	0,69483348		0,22405323	0,77594677		0,29612565	0,70387435		0,09930877	0,90069123		0,21023126	0,78976874		1,00000000	0,00000000		0,17291426	0,82708574		1,00000000	0,00000000	0,00000000		
0,34116207	0,65883793		0,31392504	0,68607496		0,00000000	1,00000000		0,31192889	0,68807111		0,14853600	0,85146400		1,00000000	0,00000000		0,53861798	0,46138202		1,00000000	0,00000000	0,00000000		
0,56471341	0,43528659		0,48510944	0,51489056		0,42612620	0,57387380		0,52580711	0,47419289		0,55418230	0,44581770		0,21206709	0,78793291		0,77143517	0,22856483		1,00000000	0,00000000	0,00000000		
0,79773726	0,20226274		0,78040252	0,21959748		0,17122316	0,82877684		0,87304469	0,12695531		0,61741994	0,38258006		1,00000000	0,00000000		1,00000000	0,00000000		1,00000000	0,00000000	0,00000000		
0,82426030	0,17573970		0,84031706	0,15968294		0,00000000	1,00000000		0,87178658	0,12821342		0,62050470	0,37949530		0,43697814	0,56302186		1,00000000	0,00000000		1,00000000	0,00000000	0,00000000		
0,84509983	0,15490017		0,82319862	0,17680138		0,26553728	0,73446272		0,82146229	0,17853771		0,68682710	0,31317290		0,78019968	0,21980032		1,00000000	0,00000000		1,00000000	0,00000000	0,00000000		
0,85267784	0,14732216		0,82747823	0,17252177		0,30377274	0,69622726		0,81768797	0,18231203		0,75160712	0,24839288		0,86257284	0,13742716		1,00000000	0,00000000		1,00000000	0,00000000	0,00000000		
0,69164510	0,30835490		0,72904720	0,27095280		0,00000000	1,00000000		0,98250001	0,01749999		0,41382560	0,58617440		0,35662393	0,64337607		1,00000000	0,00000000		1,00000000	0,00000000	0,00000000		
0,80531527	0,19468473		0,92162964	0,07837036		0,00000000	1,00000000		1,00000000	0,00000000		0,33670653	0,66329347		0,00000000	1,00000000		1,00000000	0,00000000		1,00000000	0,00000000	0,00000000		
0,48324979	0,51675021		0,52790554	0,47209446		0,00000000	1,00000000		0,76107315	0,23892685		0,13465457	0,86534543		1,00000000	0,00000000		1,00000000	0,00000000		1,00000000	0,00000000	0,00000000		
0,67080557	0,32919443		0,75900447	0,24099553		0,00000000	1,00000000		1,00000000	0,00000000		0,20868887	0,79131113		1,00000000	0,00000000		1,00000000	0,00000000		1,00000000	0,00000000	0,00000000		
1,00000000	0,00000000		1,00000000	0,00000000		0,45161651	0,54838349		1,00000000	0,00000000		0,85186191	0,14813809		0,39013850	0,60986150		1,00000000	0,00000000		1,00000000	0,00000000	0,00000000		
0,77310872	0,22689128		0,67769188	0,32230812		0,71161761	0,28838239		0,59626111	0,40373889		0,72847140	0,27152860		0,80604224	0,19395776		0,91814190	0,08185810		1,00000000	0,00000000	0,00000000		
0,78258124	0,21741876		0,73760642	0,26239358		0,35985141	0,64014859		0,76987990	0,23012010		0,66831853	0,33168147		0,96109761	0,03890239		0,87242893	0,12757107		1,00000000	0,00000000	0,00000000		
0,44725423	0,55274577		0,46371139	0,53628861		0,00000000	1,00000000		0,64658540	0,35341460		0,14545124	0,85454876		1,00000000	0,00000000		1,00000000	0,00000000		1,00000000	0,00000000	0,00000000		
1,00000000	0,00000000		1,00000000	0,00000000		0,50769518	0,49230482		1,00000000	0,00000000		1,00000000	0,00000000		1,00000000	0,00000000		1,00000000	0,00000000		1,00000000	0,00000000	0,00000000		
0,61207598	0,38792402		0,52362593	0,47637407		0,52553839	0,47446161		0,43144907	0,56855093		0,54955516	0,45044484		1,00000000	0,00000000		1,00000000	0,00000000		1,00000000	0,00000000	0,00000000		
0,38852465	0,61147535		0,35244153	0,64755847		0,03612454	0,96387546		0,37609235	0,62390765		0,27809604	0,72190396		1,00000000	0,00000000		0,77887682	0,22112318		1,00000000	0,00000000	0,00000000		
0,98908205	0,01091795		0,95158691	0,04841309		0,56632288	0,43367712		0,92714330	0,07285670		0,88733668	0,11266332		0,68450144	0,31549856		1,00000000	0,00000000		1,00000000	0,00000000	0,00000000		
1,00000000	0,00000000		0,99010340	0,00989660		0,76259822	0,23740178		0,92714330	0,07285670		0,99530338	0,00469662		1,00000000	0,00000000		1,00000000	0,00000000		1,00000000	0,00000000	0,00000000		
0,78258124	0,21741876		0,77184330	0,22815670		0,11004642	0,88995358		0,74345965	0,25654035		0,58657231	0,41342769		0,93444747	0,06555253		1,00000000	0,00000000		1,00000000	0,00000000	0,00000000		
0,90761843	0,09238157		0,84031706	0,15968294		0,66063701	0,33936299		0,77491233	0,22508767		0,82718381	0,17281619		0,62070261	0,37929739		1,00000000	0,00000000		1,00000000	0,00000000	0,00000000		
0,96255901	0,03744099		0,92590925	0,07409075		0,51279324	0,48720676		0,85291497	0,14708503		0,96599813	0,03400187		1,00000000	0,00000000		1,00000000	0,00000000		1,00000000	0,00000000	0,00000000		
0,52113985	0,47886015		0,44659295	0,55340705		0,35475335	0,64524665		0,47170850	0,52829150		0,35521511	0,64478489		0,66875363	0,33124637		0,86286110	0,13713890		1,00000000	0,00000000	0,00000000		
0,78637024	0,21362976		0,67341227	0,32658773		0,85181429	0,14818571		0,52203278	0,47796722		0,64055566	0,35944434		0,46362829	0,53637171		0,78738156	0,21261844		1,00000000	0,00000000	0,00000000		
0,81478779	0,18521221		0,77612291	0,22387709		0,34455723	0,65544277		0,68810293	0,31189707		0,69608139	0,30391861		1,00000000	0,00000000		1,00000000	0,00000000		1,00000000	0,00000000	0,00000000		
0,60449797	0,39550203		0,55786280	0,44213720		0,21455667	0,78544333		0,52832332	0,47167668		0,42153751	0,57846249		1,00000000	0,00000000		0,72253293	0,27746707		1,00000000	0,00000000	0,00000000		
0,40178617	0,59821383		0,42091529	0,57908471		0,00000000	1,00000000		0,53209764	0,46790236		0,17938363	0,82061637		1,00000000	0,00000000		0,63429628	0,36570372		1,00000000	0,00000000	0,00000000		
0,38663014	0,61336986		0,30536582	0,69463418		0,32926304	0,67073696		0,38489910	0,61510090		0,21177364	0,78822636		0,90658596	0,09341404		0,54499653	0,45500347		1,00000000	0,00000000	0,00000000		
0,21991389	0,78008611		0,25829011	0,74170989		0,00000000	1,00000000		0,37735046	0,62264954		0,00000000	1,00000000		0,85288188	0,14711812		0,59070950	0,40929050		1,00000000	0,00000000	0,00000000		
0,65186054	0,34813946		0,62633656	0,37366344		0,10239933	0,89760067		0,59877732	0,40122268		0,48323276	0,51676724		0,78989064	0,21010936		0,77675064	0,22324936		1,00000000	0,00000000	0,00000000		
0,75037469	0,24962531		0,77612291	0,22387709		0,00000000	1,00000000		0,92462708	0,07537292		0,46780895	0,53219105		0,00000000	1,00000000		1,00000000	0,00000000		1,00000000	0,00000000	0,00000000		
0,89056790	0,10943210		0,91307042	0,08692958		0,00000000	1,00000000		0,98627433	0,01372567		0,68682710	0,31317290		1,00000000	0,00000000		0,91601572	0,08398428		1,00000000	0,00000000	0,00000000		
0,89814591	0,10185409		0,91307042	0,08692958		0,02847745	0,97152255		0,98250001	0,01749999		0,68374234	0,31625766		1,00000000	0,00000000		0,91814190	0,08185810		1,00000000	0,00000000	0,00000000		
0,96255901	0,03744099		1,00000000	0,00000000		0,00000000	1,00000000		1,00000000	0,00000000		0,61741994	0,38258006		1,00000000	0,00000000		1,00000000	0,00000000		1,00000000	0,00000000	0,00000000		
0,51924534	0,48075466		0,48082983	0,51917017		0,11004642	0,88995358		0,32073564	0,67926436		0,31665557	0,68334443		0,14423037	0,85576963		0,54393344	0,45606656		1,00000000	0,00000000	0,00000000		
0,59313095	0,40686905		0,61777734	0,38222266		0,00000000	1,00000000		0,69565158	0,30434842		0,21485840	0,78514160		0,78343000	0,21657000		0,91388953	0,08611047		1,00000000	0,00000000	0,00000000		
0,84131083	0,15868917		0,83175784	0,16824216		0,17632122	0,82367878		0,95104733	0,04895267		0,68836948	0,31163052		1,00000000	0,00000000		1,00000000	0,00000000		1,00000000	0,00000000	0,00000000		
0,54576838	0,45423162		0,52362593	0,47637407		0,00553618	0,99446382		0,54216250	0,45783750		0,32128272	0,67871728		1,00000000	0,00000000		0,96491796	0,03508204		1,00000000	0,00000000	0,00000000		
0,61586499	0,38413501		0,60921812	0,39078188		0,00000000	1,00000000		0,70697454	0,29302546		0,34596082	0,65403918		0,85207430	0,14792570		0,91920499	0,08079501		1,00000000	0,00000000	0,00000000		
0,65375504	0,34624496		0,62633656	0,37366344		0,11259546	0,88740454		0,73842722	0,26157278		0,47860562	0,52139438		0,95463697	0,04536303		0,98724289	0,01275711		1,00000000	0,00000000	0,00000000		
0,64049353	0,35950647		0,56214241	0,43785759		0,47710681	0,52289319		0,57109896	0,42890104		0,52950420	0,47049580		1,00000000	0,00000000		0,73210076	0,26789924		1,00000000	0,00000000	0,00000000		
0,72195715	0,27804285		0,67769188	0,32230812		0,28592953	0,71407047		0,68810293	0,31189707		0,50791086	0,49208914		0,44141983	0,55858017		0,95216085	0,04783915		1,00000000	0,00000000	0,00000000		
0,46619926	0,53380074		0,45943178	0,54056822		0,00000000	1,00000000		0,57613139	0,42386861		0,25804508	0,74195492		0,00000000	1,00000000		0,96066559	0,03933441		1,00000000	0,00000000	0,00000000		
0,71059013	0,28940987		0,58782007	0,41217993		0,82887302	0,17112698		0,52454900	0,47545100		0,75314950	0,24685050		0,38448544	0,61551456		0,68426161	0,31573839		1,00000000	0,00000000	0,00000000		
0,74090218	0,25909782		0,72904720	0,27095280		0,08200709	0,91799291		0,79000961	0,20999039		0,62050470	0,37949530		0,70267199	0,29732801		0,86711347	0,13288653		1,00000000	0,00000000	0,00000000		
0,70490662	0,29509338		0,59209968	0,40790032		0,78044144	0,21955856		0,49183821	0,50816179		0,75314950	0,24685050		1,00000000	0,00000000		0,58752022	0,41247978		1,00000000	0,00000000	0,00000000		
0,60828698	0,39171302		0,51934632	0,48065368		0,52298936	0,47701064		0,54090439	0,45909561		0,60045375	0,39954625		1,00000000	0,00000000		0,63854865	0,36145135		1,00000000	0,00000000	0,00000000		
0,71627364	0,28372636		0,69908993	0,30091007		0,11514449	0,88485551		0,93595005	0,06404995		0,34596082	0,65403918		0,91506555	0,08493445		1,00000000	0,00000000		1,00000000	0,00000000	0,00000000		
0,62912651	0,37087349		0,66485305	0,33514695		0,00000000	1,00000000		0,94098248	0,05901752		0,29197747	0,70802253		1,00000000	0,00000000		1,00000000	0,00000000		1,00000000	0,00000000	0,00000000		
0,54197938	0,45802062		0,51934632	0,48065368		0,01573230	0,98426770		0,59122868	0,40877132		0,28118080	0,71881920		1,00000000	0,00000000		0,86923966	0,13076034		1,00000000	0,00000000	0,00000000		
1,00000000	0,00000000		1,00000000	0,00000000		1,00000000	0,00000000		1,00000000	0,00000000		0,87808239	0,12191761		1,00000000	0,00000000		1,00000000	0,00000000		1,00000000	0,00000000	0,00000000		
1,00000000	0,00000000		1,00000000	0,00000000		0,45926360	0,54073640		1,00000000	0,00000000		1,00000000	0,00000000		0,95625213	0,04374787		1,00000000	0,00000000		1,00000000	0,00000000	0,00000000		
1,00000000	0,00000000		1,00000000	0,00000000		0,05906582	0,94093418		1,00000000	0,00000000		1,00000000	0,00000000		1,00000000	0,00000000		1,00000000	0,00000000		1,00000000	0,00000000	0,00000000		
1,00000000	0,00000000		1,00000000	0,00000000		0,00000000	1,00000000		1,00000000	0,00000000		0,86265858	0,13734142		0,74628131	0,25371869		1,00000000	0,00000000		1,00000000	0,00000000	0,00000000		
0,95119199	0,04880801		0,91735003	0,08264997		0,46691069	0,53308931		0,92714330	0,07285670		0,81947190	0,18052810		0,36793005	0,63206995		1,00000000	0,00000000		1,00000000	0,00000000	0,00000000		
1,00000000	0,00000000		1,00000000	0,00000000		0,37514559	0,62485441		1,00000000	0,00000000		0,88733668	0,11266332		1,00000000	0,00000000		1,00000000	0,00000000		1,00000000	0,00000000	0,00000000		
1,00000000	0,00000000		1,00000000	0,00000000		0,00000000	1,00000000		1,00000000	0,00000000		0,74389521	0,25610479		1,00000000	0,00000000		1,00000000	0,00000000		1,00000000	0,00000000	0,00000000		
0,73900767	0,26099233		0,69053071	0,30946929		0,34965529	0,65034471		0,63148811	0,36851189		0,63438614	0,36561386		1,00000000	0,00000000		0,94578230	0,05421770		1,00000000	0,00000000	0,00000000		
0,80152627	0,19847373		0,72476759	0,27523241		0,60710737	0,39289263		0,65790836	0,34209164		0,68374234	0,31625766		1,00000000	0,00000000		0,96491796	0,03508204		1,00000000	0,00000000	0,00000000		
0,73332416	0,26667584		0,68197149	0,31802851		0,34965529	0,65034471		0,70823265	0,29176735		0,69145425	0,30854575		1,00000000	0,00000000		0,78631847	0,21368153		1,00000000	0,00000000	0,00000000		
1,00000000	0,00000000		0,95586652	0,04413348		1,00000000	0,00000000		0,90575547	0,09424453		1,00000000	0,00000000		0,61989503	0,38010497		1,00000000	0,00000000		1,00000000	0,00000000	0,00000000		
0,11571623	0,88428377		0,00151352	0,99848648		0,48475390	0,51524610		0,00000000	1,00000000		0,06216264	0,93783736		0,40063704	0,59936296		0,00000000	1,00000000		0,00000000	1,00000000	0,00000000		
0,26538196	0,73461804		0,13418143	0,86581857		0,61220543	0,38779457		0,16850467	0,83149533		0,18092601	0,81907399		0,15876681	0,84123319		0,17291426	0,82708574		0,00000000	1,00000000	0,00000000		
0,18581284	0,81418716		0,10850377	0,89149623		0,25534116	0,74465884		0,19366681	0,80633319		0,01126406	0,98873594		0,21368225	0,78631775		0,26434019	0,73565981		0,00000000	1,00000000	0,00000000		
0,00000000	1,00000000		0,00000000	1,00000000		0,00000000	1,00000000		0,00000000	1,00000000		0,00000000	1,00000000		0,86095768	0,13904232		0,00000000	1,00000000		0,00000000	1,00000000	0,00000000		
0,26917097	0,73082903		0,20265518	0,79734482		0,19671346	0,80328654		0,14460063	0,85539937		0,17784125	0,82215875		0,42970992	0,57029008		0,21118558	0,78881442		0,00000000	1,00000000	0,00000000		
0,27864348	0,72135652		0,15557948	0,84442052		0,57396997	0,42603003		0,25783028	0,74216972		0,25187555	0,74812445		0,05983825	0,94016175		0,26008782	0,73991218		0,00000000	1,00000000	0,00000000		
0,17444582	0,82555418		0,03147079	0,96852921		0,67338216	0,32661784		0,08546959	0,91453041		0,30585890	0,69414110		0,50239213	0,49760787		0,12507511	0,87492489		0,00000000	1,00000000	0,00000000		
0,00000000	1,00000000		0,00000000	1,00000000		0,25534116	0,74465884		0,00000000	1,00000000		0,00000000	1,00000000		0,24921578	0,75078422		0,00000000	1,00000000		0,00000000	1,00000000	0,00000000		
0,00000000	1,00000000		0,00000000	1,00000000		0,28847856	0,71152144		0,00000000	1,00000000		0,00000000	1,00000000		0,00169248	0,99830752		0,00000000	1,00000000		0,00000000	1,00000000	0,00000000		
0,21233588	0,78766412		0,18553675	0,81446325		0,00000000	1,00000000		0,35470453	0,64529547		0,05445074	0,94554926		0,89245331	0,10754669		0,31217934	0,68782066		0,00000000	1,00000000	0,00000000		
0,32411155	0,67588845		0,27540855	0,72459145		0,10239933	0,89760067		0,32325185	0,67674815		0,20714649	0,79285351		0,00000000	1,00000000		0,16972498	0,83027502		0,00000000	1,00000000	0,00000000		
0,00000000	1,00000000		0,00000000	1,00000000		0,00000000	1,00000000		0,15843981	0,84156019		0,00000000	1,00000000		0,00000000	1,00000000		0,17078807	0,82921193		0,00000000	1,00000000	0,00000000		
0,00000000	1,00000000		0,00000000	1,00000000		0,00000000	1,00000000		0,00000000	1,00000000		0,00000000	1,00000000		0,00000000	1,00000000		0,00000000	1,00000000		0,00000000	1,00000000	0,00000000		
0,00000000	1,00000000		0,00000000	1,00000000		0,21455667	0,78544333		0,00000000	1,00000000		0,00000000	1,00000000		1,00000000	0,00000000		0,00000000	1,00000000		0,00000000	1,00000000	0,00000000		
0,00000000	1,00000000		0,00000000	1,00000000		0,21200764	0,78799236		0,00000000	1,00000000		0,00000000	1,00000000		0,85045914	0,14954086		0,00000000	1,00000000		0,00000000	1,00000000	0,00000000		
0,00000000	1,00000000		0,00000000	1,00000000		0,00000000	1,00000000		0,00000000	1,00000000		0,00000000	1,00000000		1,00000000	0,00000000		0,00000000	1,00000000		0,00000000	1,00000000	0,00000000		
0,00000000	1,00000000		0,00000000	1,00000000		0,00000000	1,00000000		0,06030745	0,93969255		0,00000000	1,00000000		1,00000000	0,00000000		0,00000000	1,00000000		0,00000000	1,00000000	0,00000000		
0,00000000	1,00000000		0,00000000	1,00000000		0,69632343	0,30367657		0,00000000	1,00000000		0,00000000	1,00000000		0,55609621	0,44390379		0,00000000	1,00000000		0,00000000	1,00000000	0,00000000		
0,00000000	1,00000000		0,00000000	1,00000000		0,00000000	1,00000000		0,00000000	1,00000000		0,00000000	1,00000000		0,00000000	1,00000000		0,00000000	1,00000000		0,00000000	1,00000000	0,00000000		
0,00000000	1,00000000		0,00000000	1,00000000		0,00000000	1,00000000		0,00000000	1,00000000		0,00000000	1,00000000		0,02107440	0,97892560		0,00000000	1,00000000		0,00000000	1,00000000	0,00000000		
0,00000000	1,00000000		0,00000000	1,00000000		0,29867468	0,70132532		0,00000000	1,00000000		0,00000000	1,00000000		1,00000000	0,00000000		0,00000000	1,00000000		0,00000000	1,00000000	0,00000000		
0,00000000	1,00000000		0,00000000	1,00000000		0,00000000	1,00000000		0,00000000	1,00000000		0,00000000	1,00000000		0,78666032	0,21333968		0,00000000	1,00000000		0,00000000	1,00000000	0,00000000		
0,00000000	1,00000000		0,00000000	1,00000000		0,00000000	1,00000000		0,00000000	1,00000000		0,00000000	1,00000000		0,73941688	0,26058312		0,00000000	1,00000000		0,00000000	1,00000000	0,00000000		
0,00000000	1,00000000		0,00000000	1,00000000		0,00000000	1,00000000		0,11943849	0,88056151		0,00000000	1,00000000		0,00000000	1,00000000		0,17291426	0,82708574		0,00000000	1,00000000	0,00000000		
0,00000000	1,00000000		0,00000000	1,00000000		1,00000000	0,00000000		0,00000000	1,00000000		0,17938363	0,82061637		0,05458898	0,94541102		0,00000000	1,00000000		0,00000000	1,00000000	0,00000000		
0,25969845	0,74030155		0,14274065	0,85725935		0,54847966	0,45152034		0,00000000	1,00000000		0,21331602	0,78668398		0,55407726	0,44592274		0,07723596	0,92276404		0,00000000	1,00000000	0,00000000		
0,00000000	1,00000000		0,00000000	1,00000000		0,12279158	0,87720842		0,00000000	1,00000000		0,00000000	1,00000000		0,64250727	0,35749273		0,00000000	1,00000000		0,00000000	1,00000000	0,00000000		
0,00000000	1,00000000		0,00000000	1,00000000		0,44906748	0,55093252		0,00000000	1,00000000		0,07604408	0,92395592		1,00000000	0,00000000		0,00000000	1,00000000		0,00000000	1,00000000	0,00000000		
0,01341308	0,98658692		0,00000000	1,00000000		0,57651900	0,42348100		0,00000000	1,00000000		0,13773933	0,86226067		0,89447226	0,10552774		0,00000000	1,00000000		0,00000000	1,00000000	0,00000000		
0,00000000	1,00000000		0,00000000	1,00000000		0,13553673	0,86446327		0,00000000	1,00000000		0,00000000	1,00000000		1,00000000	0,00000000		0,00000000	1,00000000		0,00000000	1,00000000	0,00000000		
0,34684558	0,65315442		0,31392504	0,68607496		0,00000000	1,00000000		0,52077468	0,47922532		0,11768837	0,88231163		0,34370264	0,65629736		0,44825514	0,55174486		0,00000000	1,00000000	0,00000000		
0,04751413	0,95248587		0,05286884	0,94713116		0,00000000	1,00000000		0,30438024	0,69561976		0,00000000	1,00000000		1,00000000	0,00000000		0,21543795	0,78456205		0,00000000	1,00000000	0,00000000		
0,00000000	1,00000000		0,00000000	1,00000000		0,00000000	1,00000000		0,02382234	0,97617766		0,00000000	1,00000000		0,30695775	0,69304225		0,03258609	0,96741391		0,00000000	1,00000000	0,00000000		
0,00000000	1,00000000		0,00000000	1,00000000		0,37259656	0,62740344		0,00000000	1,00000000		0,00000000	1,00000000		0,69096208	0,30903792		0,00000000	1,00000000		0,00000000	1,00000000	0,00000000		
0,00000000	1,00000000		0,00000000	1,00000000		0,08710515	0,91289485		0,00000000	1,00000000		0,00000000	1,00000000		0,68652039	0,31347961		0,00000000	1,00000000		0,00000000	1,00000000	0,00000000		
0,00000000	1,00000000		0,00000000	1,00000000		0,00000000	1,00000000		0,11943849	0,88056151		0,00000000	1,00000000		1,00000000	0,00000000		0,17078807	0,82921193		0,00000000	1,00000000	0,00000000		
0,00000000	1,00000000		0,00000000	1,00000000		0,00000000	1,00000000		0,00000000	1,00000000		0,00000000	1,00000000		0,89851016	0,10148984		0,00000000	1,00000000		0,00000000	1,00000000	0,00000000		
0,11571623	0,88428377		0,05286884	0,94713116		0,16102703	0,83897297		0,12447092	0,87552908		0,04365407	0,95634593		0,53348396	0,46651604		0,11763346	0,88236654		0,00000000	1,00000000	0,00000000		
0,00000000	1,00000000		0,00000000	1,00000000		0,28338050	0,71661950		0,00000000	1,00000000		0,00000000	1,00000000		0,73336003	0,26663997		0,00000000	1,00000000		0,00000000	1,00000000	0,00000000		
0,00000000	1,00000000		0,00000000	1,00000000		0,00000000	1,00000000		0,00000000	1,00000000		0,00000000	1,00000000		1,00000000	0,00000000		0,15484169	0,84515831		0,00000000	1,00000000	0,00000000		
0,00000000	1,00000000		0,00000000	1,00000000		0,00000000	1,00000000		0,03137098	0,96862902		0,00000000	1,00000000		1,00000000	0,00000000		0,26115091	0,73884909		0,00000000	1,00000000	0,00000000		
0,00000000	1,00000000		0,00000000	1,00000000		0,37514559	0,62485441		0,00000000	1,00000000		0,00000000	1,00000000		0,56134548	0,43865452		0,07936214	0,92063786		0,00000000	1,00000000	0,00000000		
0,00000000	1,00000000		0,00000000	1,00000000		0,00000000	1,00000000		0,00000000	1,00000000		0,00000000	1,00000000		1,00000000	0,00000000		0,12294893	0,87705107		0,00000000	1,00000000	0,00000000		
0,00000000	1,00000000		0,00000000	1,00000000		0,35985141	0,64014859		0,00000000	1,00000000		0,00000000	1,00000000		0,00000000	1,00000000		0,00000000	1,00000000		0,00000000	1,00000000	0,00000000		
0,00000000	1,00000000		0,00000000	1,00000000		0,01063424	0,98936576		0,00000000	1,00000000		0,00000000	1,00000000		0,15795923	0,84204077		0,00000000	1,00000000		0,00000000	1,00000000	0,00000000		
0,00000000	1,00000000		0,00000000	1,00000000		0,02337939	0,97662061		0,00000000	1,00000000		0,00000000	1,00000000		1,00000000	0,00000000		0,00000000	1,00000000		0,00000000	1,00000000	0,00000000		
0,00000000	1,00000000		0,00000000	1,00000000		0,00000000	1,00000000		0,10182499	0,89817501		0,00000000	1,00000000		0,29645921	0,70354079		0,30792697	0,69207303		0,00000000	1,00000000	0,00000000		
0,00000000	1,00000000		0,00000000	1,00000000		0,00000000	1,00000000		0,00000000	1,00000000		0,00000000	1,00000000		0,80119676	0,19880324		0,00000000	1,00000000		0,00000000	1,00000000	0,00000000		
0,00000000	1,00000000		0,00000000	1,00000000		0,00000000	1,00000000		0,00000000	1,00000000		0,00000000	1,00000000		0,57709329	0,42290671		0,07829905	0,92170095		0,00000000	1,00000000	0,00000000		
0,00000000	1,00000000		0,00000000	1,00000000		0,13298770	0,86701230		0,00000000	1,00000000		0,00000000	1,00000000		0,80967635	0,19032365		0,00000000	1,00000000		0,00000000	1,00000000	0,00000000		
0,00000000	1,00000000		0,00000000	1,00000000		0,00000000	1,00000000		0,00000000	1,00000000		0,00000000	1,00000000		0,00000000	1,00000000		0,00000000	1,00000000		0,00000000	1,00000000	0,00000000		
0,01909659	0,98090341		0,00000000	1,00000000		0,23239989	0,76760011		0,09176013	0,90823987		0,05907788	0,94092212		0,58516909	0,41483091		0,03045990	0,96954010		0,00000000	1,00000000	0,00000000		
0,39231365	0,60768635		0,25829011	0,74170989		0,70142149	0,29857851		0,46541796	0,53458204		0,33053700	0,66946300		0,31584113	0,68415887		0,35789230	0,64210770		0,00000000	1,00000000	0,00000000		
0,00000000	1,00000000		0,00579313	0,99420687		0,00000000	1,00000000		0,19115060	0,80884940		0,00000000	1,00000000		0,84157576	0,15842424		0,14314768	0,85685232		0,00000000	1,00000000	0,00000000		
0,42641470	0,57358530		0,46799100	0,53200900		0,00000000	1,00000000		0,96740273	0,03259727		0,02977263	0,97022737		0,69944167	0,30055833		0,95216085	0,04783915		0,00000000	1,00000000	0,00000000		
0,00000000	1,00000000		0,00000000	1,00000000		0,00000000	1,00000000		0,02633856	0,97366144		0,00000000	1,00000000		0,35541256	0,64458744		0,05065865	0,94934135		0,00000000	1,00000000	0,00000000		
0,00000000	1,00000000		0,00000000	1,00000000		0,42102814	0,57897186		0,00000000	1,00000000		0,01126406	0,98873594		0,27344318	0,72655682		0,00000000	1,00000000		0,00000000	1,00000000	0,00000000		
0,04940863	0,95059137		0,05714845	0,94285155		0,00000000	1,00000000		0,19240870	0,80759130		0,00000000	1,00000000		1,00000000	0,00000000		0,12826439	0,87173561		0,00000000	1,00000000	0,00000000		
0,00000000	1,00000000		0,00000000	1,00000000		0,32671401	0,67328599		0,00000000	1,00000000		0,00000000	1,00000000		1,00000000	0,00000000		0,00000000	1,00000000		0,00000000	1,00000000	0,00000000		
0,13087226	0,86912774		0,13846104	0,86153896		0,00000000	1,00000000		0,42893285	0,57106715		0,00000000	1,00000000		0,00000000	1,00000000		0,40254218	0,59745782		0,00000000	1,00000000	0,00000000		
0,00000000	1,00000000		0,04003001	0,95996999		0,00000000	1,00000000		0,19240870	0,80759130		0,00000000	1,00000000		0,90093290	0,09906710		0,08255142	0,91744858		0,00000000	1,00000000	0,00000000		
0,00000000	1,00000000		0,00000000	1,00000000		0,00000000	1,00000000		0,00000000	1,00000000		0,00000000	1,00000000		0,87226381	0,12773619		0,09637162	0,90362838		0,00000000	1,00000000	0,00000000		
0,54197938	0,45802062		0,46371139	0,53628861		0,40063590	0,59936410		0,31192889	0,68807111		0,51408039	0,48591961		0,24477409	0,75522591		0,26008782	0,73991218		0,00000000	1,00000000	0,00000000		
0,39420815	0,60579185		0,27968816	0,72031184		0,55867579	0,44132421		0,36099507	0,63900493		0,31819795	0,68180205		0,32391693	0,67608307		0,26008782	0,73991218		0,00000000	1,00000000	0,00000000		
0,50787833	0,49212167		0,46799100	0,53200900		0,10239933	0,89760067		0,44780446	0,55219554		0,29814699	0,70185301		0,03884117	0,96115883		0,20480703	0,79519297		0,00000000	1,00000000	0,00000000		
0,54197938	0,45802062		0,56642202	0,43357798		0,00000000	1,00000000		0,82397851	0,17602149		0,21023126	0,78976874		0,59284110	0,40715890		0,63854865	0,36145135		0,00000000	1,00000000	0,00000000		
0,16686781	0,83313219		0,09566494	0,90433506		0,19926249	0,80073751		0,00000000	1,00000000		0,04211169	0,95788831		0,62272156	0,37727844		0,07298359	0,92701641		0,00000000	1,00000000	0,00000000		
0,50598382	0,49401618		0,35672114	0,64327886		0,85691235	0,14308765		0,26663703	0,73336297		0,57114850	0,42885150		0,98047954	0,01952046		0,17078807	0,82921193		0,00000000	1,00000000	0,00000000		
0,50030031	0,49969969		0,37383958	0,62616042		0,72181374	0,27818626		0,37735046	0,62264954		0,48631752	0,51368248		0,94615738	0,05384262		0,30580079	0,69419921		0,00000000	1,00000000	0,00000000		
0,38094663	0,61905337		0,34388231	0,65611769		0,03357551	0,96642449		0,32702617	0,67297383		0,19943459	0,80056541		0,52460058	0,47539942		0,12507511	0,87492489		0,00000000	1,00000000	0,00000000		
0,97960954	0,02039046		0,88311316	0,11688684		0,97671678	0,02328322		0,83026904	0,16973096		0,93669289	0,06330711		0,00000000	1,00000000		0,68532471	0,31467529		0,00000000	0,00000000	1,00000000		
0,93224696	0,06775304		0,87455394	0,12544606		0,63769573	0,36230427		0,74345965	0,25654035		0,81484476	0,18515524		0,00000000	1,00000000		0,63748556	0,36251444		0,00000000	0,00000000	1,00000000		
0,92845796	0,07154204		0,87027433	0,12972567		0,61985252	0,38014748		0,93469194	0,06530806		0,81330238	0,18669762		0,00000000	1,00000000		0,77887682	0,22112318		0,00000000	0,00000000	1,00000000		
1,00000000	0,00000000		1,00000000	0,00000000		0,53828354	0,46171646		1,00000000	0,00000000		0,97833718	0,02166282		0,00000000	1,00000000		0,87030275	0,12969725		0,00000000	0,00000000	1,00000000		
1,00000000	0,00000000		1,00000000	0,00000000		1,00000000	0,00000000		1,00000000	0,00000000		1,00000000	0,00000000		0,24113997	0,75886003		0,91601572	0,08398428		0,00000000	0,00000000	1,00000000		
1,00000000	0,00000000		1,00000000	0,00000000		1,00000000	0,00000000		1,00000000	0,00000000		1,00000000	0,00000000		0,00000000	1,00000000		0,81289577	0,18710423		0,00000000	0,00000000	1,00000000		
1,00000000	0,00000000		1,00000000	0,00000000		1,00000000	0,00000000		1,00000000	0,00000000		1,00000000	0,00000000		1,00000000	0,00000000		0,96491796	0,03508204		0,00000000	0,00000000	1,00000000		
1,00000000	0,00000000		1,00000000	0,00000000		0,52298936	0,47701064		1,00000000	0,00000000		0,97833718	0,02166282		0,26132948	0,73867052		1,00000000	0,00000000		0,00000000	0,00000000	1,00000000		
1,00000000	0,00000000		0,97298496	0,02701504		0,94867745	0,05132255		0,93846626	0,06153374		1,00000000	0,00000000		0,73012971	0,26987029		0,76930899	0,23069101		0,00000000	0,00000000	1,00000000		
1,00000000	0,00000000		1,00000000	0,00000000		1,00000000	0,00000000		1,00000000	0,00000000		1,00000000	0,00000000		0,00000000	1,00000000		0,89900624	0,10099376		0,00000000	0,00000000	1,00000000		
1,00000000	0,00000000		1,00000000	0,00000000		0,93593230	0,06406770		1,00000000	0,00000000		1,00000000	0,00000000		0,00000000	1,00000000		0,77887682	0,22112318		0,00000000	0,00000000	1,00000000		
1,00000000	0,00000000		1,00000000	0,00000000		1,00000000	0,00000000		0,91456223	0,08543777		1,00000000	0,00000000		0,00000000	1,00000000		0,81821123	0,18178877		0,00000000	0,00000000	1,00000000		
1,00000000	0,00000000		1,00000000	0,00000000		1,00000000	0,00000000		0,91078790	0,08921210		1,00000000	0,00000000		0,12605981	0,87394019		0,72253293	0,27746707		0,00000000	0,00000000	1,00000000		
1,00000000	0,00000000		1,00000000	0,00000000		1,00000000	0,00000000		1,00000000	0,00000000		1,00000000	0,00000000		0,70105683	0,29894317		1,00000000	0,00000000		0,00000000	0,00000000	1,00000000		
1,00000000	0,00000000		1,00000000	0,00000000		1,00000000	0,00000000		1,00000000	0,00000000		1,00000000	0,00000000		0,41194316	0,58805684		0,82565288	0,17434712		0,00000000	0,00000000	1,00000000		
1,00000000	0,00000000		1,00000000	0,00000000		1,00000000	0,00000000		1,00000000	0,00000000		1,00000000	0,00000000		0,00000000	1,00000000		0,87242893	0,12757107		0,00000000	0,00000000	1,00000000		
1,00000000	0,00000000		1,00000000	0,00000000		0,68102925	0,31897075		1,00000000	0,00000000		1,00000000	0,00000000		0,69499998	0,30500002		1,00000000	0,00000000		0,00000000	0,00000000	1,00000000		
1,00000000	0,00000000		0,96442574	0,03557426		1,00000000	0,00000000		0,92840140	0,07159860		1,00000000	0,00000000		0,09819830	0,90180170		0,87136584	0,12863416		0,00000000	0,00000000	1,00000000		
1,00000000	0,00000000		1,00000000	0,00000000		1,00000000	0,00000000		0,86549605	0,13450395		1,00000000	0,00000000		0,27869245	0,72130755		0,77568754	0,22431246		0,00000000	0,00000000	1,00000000		
1,00000000	0,00000000		1,00000000	0,00000000		1,00000000	0,00000000		1,00000000	0,00000000		1,00000000	0,00000000		0,00000000	1,00000000		0,77568754	0,22431246		0,00000000	0,00000000	1,00000000		
1,00000000	0,00000000		0,99010340	0,00989660		1,00000000	0,00000000		0,85668929	0,14331071		1,00000000	0,00000000		0,80200434	0,19799566		0,58326785	0,41673215		0,00000000	0,00000000	1,00000000		
1,00000000	0,00000000		1,00000000	0,00000000		0,91808908	0,08191092		0,98375812	0,01624188		1,00000000	0,00000000		0,32189798	0,67810202		0,77781373	0,22218627		0,00000000	0,00000000	1,00000000		
1,00000000	0,00000000		1,00000000	0,00000000		1,00000000	0,00000000		1,00000000	0,00000000		1,00000000	0,00000000		0,03238052	0,96761948		1,00000000	0,00000000		0,00000000	0,00000000	1,00000000		
1,00000000	0,00000000		1,00000000	0,00000000		0,77789241	0,22210759		1,00000000	0,00000000		0,97679480	0,02320520		0,26213706	0,73786294		0,91814190	0,08185810		0,00000000	0,00000000	1,00000000		
1,00000000	0,00000000		1,00000000	0,00000000		0,77789241	0,22210759		1,00000000	0,00000000		1,00000000	0,00000000		0,00000000	1,00000000		1,00000000	0,00000000		0,00000000	0,00000000	1,00000000		
1,00000000	0,00000000		1,00000000	0,00000000		0,17887025	0,82112975		1,00000000	0,00000000		1,00000000	0,00000000		1,00000000	0,00000000		1,00000000	0,00000000		0,00000000	0,00000000	1,00000000		
1,00000000	0,00000000		1,00000000	0,00000000		1,00000000	0,00000000		1,00000000	0,00000000		1,00000000	0,00000000		0,05822309	0,94177691		0,81821123	0,18178877		0,00000000	0,00000000	1,00000000		
1,00000000	0,00000000		1,00000000	0,00000000		1,00000000	0,00000000		0,89946494	0,10053506		1,00000000	0,00000000		0,57749708	0,42250292		0,74592096	0,25407904		0,00000000	0,00000000	1,00000000		
1,00000000	0,00000000		1,00000000	0,00000000		1,00000000	0,00000000		1,00000000	0,00000000		1,00000000	0,00000000		0,29524784	0,70475216		0,96491796	0,03508204		0,00000000	0,00000000	1,00000000		
1,00000000	0,00000000		1,00000000	0,00000000		1,00000000	0,00000000		1,00000000	0,00000000		1,00000000	0,00000000		0,62474051	0,37525949		1,00000000	0,00000000		0,00000000	0,00000000	1,00000000		
1,00000000	0,00000000		1,00000000	0,00000000		1,00000000	0,00000000		1,00000000	0,00000000		1,00000000	0,00000000		0,00000000	1,00000000		0,93196210	0,06803790		0,00000000	0,00000000	1,00000000		
1,00000000	0,00000000		1,00000000	0,00000000		1,00000000	0,00000000		1,00000000	0,00000000		1,00000000	0,00000000		0,00000000	1,00000000		1,00000000	0,00000000		0,00000000	0,00000000	1,00000000		
1,00000000	0,00000000		1,00000000	0,00000000		1,00000000	0,00000000		1,00000000	0,00000000		1,00000000	0,00000000		0,30655396	0,69344604		1,00000000	0,00000000		0,00000000	0,00000000	1,00000000		
1,00000000	0,00000000		1,00000000	0,00000000		1,00000000	0,00000000		1,00000000	0,00000000		1,00000000	0,00000000		0,00000000	1,00000000		1,00000000	0,00000000		0,00000000	0,00000000	1,00000000		
1,00000000	0,00000000		1,00000000	0,00000000		1,00000000	0,00000000		1,00000000	0,00000000		1,00000000	0,00000000		0,00000000	1,00000000		0,90857407	0,09142593		0,00000000	0,00000000	1,00000000		
1,00000000	0,00000000		1,00000000	0,00000000		0,69632343	0,30367657		1,00000000	0,00000000		1,00000000	0,00000000		0,11919538	0,88080462		1,00000000	0,00000000		0,00000000	0,00000000	1,00000000		
1,00000000	0,00000000		1,00000000	0,00000000		1,00000000	0,00000000		1,00000000	0,00000000		1,00000000	0,00000000		0,00000000	1,00000000		1,00000000	0,00000000		0,00000000	0,00000000	1,00000000		
1,00000000	0,00000000		1,00000000	0,00000000		1,00000000	0,00000000		1,00000000	0,00000000		1,00000000	0,00000000		0,14786448	0,85213552		1,00000000	0,00000000		0,00000000	0,00000000	1,00000000		
1,00000000	0,00000000		1,00000000	0,00000000		0,99456000	0,00544000		1,00000000	0,00000000		1,00000000	0,00000000		0,00000000	1,00000000		1,00000000	0,00000000		0,00000000	0,00000000	1,00000000		
1,00000000	0,00000000		1,00000000	0,00000000		1,00000000	0,00000000		0,97495137	0,02504863		1,00000000	0,00000000		1,00000000	0,00000000		0,91601572	0,08398428		0,00000000	0,00000000	1,00000000		
1,00000000	0,00000000		1,00000000	0,00000000		0,77279435	0,22720565		1,00000000	0,00000000		1,00000000	0,00000000		0,04489802	0,95510198		1,00000000	0,00000000		0,00000000	0,00000000	1,00000000		
1,00000000	0,00000000		1,00000000	0,00000000		0,40063590	0,59936410		1,00000000	0,00000000		0,90121811	0,09878189		0,03278431	0,96721569		0,94897157	0,05102843		0,00000000	0,00000000	1,00000000		
1,00000000	0,00000000		1,00000000	0,00000000		0,72436277	0,27563723		1,00000000	0,00000000		1,00000000	0,00000000		0,08527702	0,91472298		0,93727756	0,06272244		0,00000000	0,00000000	1,00000000		
1,00000000	0,00000000		1,00000000	0,00000000		0,73455889	0,26544111		1,00000000	0,00000000		1,00000000	0,00000000		0,00000000	1,00000000		0,96172868	0,03827132		0,00000000	0,00000000	1,00000000		
1,00000000	0,00000000		0,94730730	0,05269270		0,82122592	0,17877408		0,80133258	0,19866742		0,88733668	0,11266332		0,00000000	1,00000000		0,76930899	0,23069101		0,00000000	0,00000000	1,00000000		
1,00000000	0,00000000		1,00000000	0,00000000		1,00000000	0,00000000		0,96740273	0,03259727		1,00000000	0,00000000		0,40629010	0,59370990		0,91176335	0,08823665		0,00000000	0,00000000	1,00000000		
1,00000000	0,00000000		1,00000000	0,00000000		1,00000000	0,00000000		0,90449737	0,09550263		1,00000000	0,00000000		0,06872163	0,93127837		0,73103767	0,26896233		0,00000000	0,00000000	1,00000000		
1,00000000	0,00000000		1,00000000	0,00000000		1,00000000	0,00000000		1,00000000	0,00000000		1,00000000	0,00000000		0,35904667	0,64095333		1,00000000	0,00000000		0,00000000	0,00000000	1,00000000		
1,00000000	0,00000000		1,00000000	0,00000000		0,68612731	0,31387269		1,00000000	0,00000000		1,00000000	0,00000000		0,00000000	1,00000000		1,00000000	0,00000000		0,00000000	0,00000000	1,00000000		
1,00000000	0,00000000		1,00000000	0,00000000		0,54847966	0,45152034		1,00000000	0,00000000		1,00000000	0,00000000		0,03762980	0,96237020		1,00000000	0,00000000		0,00000000	0,00000000	1,00000000		
1,00000000	0,00000000		1,00000000	0,00000000		1,00000000	0,00000000		1,00000000	0,00000000		1,00000000	0,00000000		0,00000000	1,00000000		1,00000000	0,00000000		0,00000000	0,00000000	1,00000000		
1,00000000	0,00000000		1,00000000	0,00000000		0,76514725	0,23485275		1,00000000	0,00000000		1,00000000	0,00000000		0,43738193	0,56261807		1,00000000	0,00000000		0,00000000	0,00000000	1,00000000		
1,00000000	0,00000000		1,00000000	0,00000000		0,17377219	0,82622781		1,00000000	0,00000000		0,99993052	0,00006948		0,59405247	0,40594753		0,96491796	0,03508204		0,00000000	0,00000000	1,00000000		
1,00000000	0,00000000		1,00000000	0,00000000		1,00000000	0,00000000		1,00000000	0,00000000		1,00000000	0,00000000		0,08689218	0,91310782		1,00000000	0,00000000		0,00000000	0,00000000	1,00000000		
1,00000000	0,00000000		1,00000000	0,00000000		0,57142094	0,42857906		1,00000000	0,00000000		0,96599813	0,03400187		0,37802480	0,62197520		1,00000000	0,00000000		0,00000000	0,00000000	1,00000000		
1,00000000	0,00000000		1,00000000	0,00000000		0,00808521	0,99191479		1,00000000	0,00000000		0,73309854	0,26690146		0,07881638	0,92118362		1,00000000	0,00000000		0,00000000	0,00000000	1,00000000		
1,00000000	0,00000000		1,00000000	0,00000000		0,19671346	0,80328654		1,00000000	0,00000000		0,84415000	0,15585000		0,00000000	1,00000000		1,00000000	0,00000000		0,00000000	0,00000000	1,00000000		
0,92277445	0,07722555		0,94302769	0,05697231		0,03612454	0,96387546		1,00000000	0,00000000		0,73001378	0,26998622		0,16078576	0,83921424		1,00000000	0,00000000		0,00000000	0,00000000	1,00000000		
1,00000000	0,00000000		0,99010340	0,00989660		0,97416775	0,02583225		0,90827169	0,09172831		1,00000000	0,00000000		0,71155537	0,28844463		0,85967183	0,14032817		0,00000000	0,00000000	1,00000000		
1,00000000	0,00000000		1,00000000	0,00000000		0,00000000	1,00000000		1,00000000	0,00000000		0,68836948	0,31163052		0,90456701	0,09543299		1,00000000	0,00000000		0,00000000	0,00000000	1,00000000		
1,00000000	0,00000000		1,00000000	0,00000000		0,64789185	0,35210815		1,00000000	0,00000000		0,94440479	0,05559521		0,00000000	1,00000000		1,00000000	0,00000000		0,00000000	0,00000000	1,00000000		
1,00000000	0,00000000		1,00000000	0,00000000		0,00000000	1,00000000		1,00000000	0,00000000		0,71921711	0,28078289		1,00000000	0,00000000		1,00000000	0,00000000		0,00000000	0,00000000	1,00000000		
1,00000000	0,00000000		1,00000000	0,00000000		0,46691069	0,53308931		1,00000000	0,00000000		1,00000000	0,00000000		0,41073179	0,58926821		1,00000000	0,00000000		0,00000000	0,00000000	1,00000000		
1,00000000	0,00000000		1,00000000	0,00000000		0,00000000	1,00000000		1,00000000	0,00000000		0,78708189	0,21291811		0,00000000	1,00000000		1,00000000	0,00000000		0,00000000	0,00000000	1,00000000		
1,00000000	0,00000000		1,00000000	0,00000000		0,75495113	0,24504887		1,00000000	0,00000000		0,98913385	0,01086615		0,46403208	0,53596792		1,00000000	0,00000000		0,00000000	0,00000000	1,00000000		
1,00000000	0,00000000		1,00000000	0,00000000		0,20436055	0,79563945		1,00000000	0,00000000		0,95674384	0,04325616		0,58032361	0,41967639		1,00000000	0,00000000		0,00000000	0,00000000	1,00000000		
1,00000000	0,00000000		1,00000000	0,00000000		0,89769684	0,10230316		1,00000000	0,00000000		1,00000000	0,00000000		0,30009332	0,69990668		1,00000000	0,00000000		0,00000000	0,00000000	1,00000000		
0,95498100	0,04501900		0,99438301	0,00561699		0,00000000	1,00000000		1,00000000	0,00000000		0,56960612	0,43039388		0,00000000	1,00000000		1,00000000	0,00000000		0,00000000	0,00000000	1,00000000		
1,00000000	0,00000000		1,00000000	0,00000000		0,87220653	0,12779347		1,00000000	0,00000000		1,00000000	0,00000000		0,59364868	0,40635132		1,00000000	0,00000000		0,00000000	0,00000000	1,00000000		
1,00000000	0,00000000		1,00000000	0,00000000		0,45671457	0,54328543		1,00000000	0,00000000		0,96754051	0,03245949		0,00000000	1,00000000		1,00000000	0,00000000		0,00000000	0,00000000	1,00000000		

