0,00000000	0,50218953	0,49781047	0,00000000		0,00000000	0,88559196	0,11440804		0,39043978	0,60956022		0,46415985	0,53584015		0,00000000	0,00000000	0,09423972	0,90576028	0,00000000	0,00000000	0,00000000		1,00000000	0,00000000		0,87136584	0,12863416		1,00000000	0,00000000	0,00000000		
0,00000000	0,67984541	0,32015459	0,00000000		0,05800313	0,94199687	0,00000000		0,13298770	0,86701230		0,72710426	0,27289574		0,00000000	0,00000000	0,00000000	0,99306980	0,00693020	0,00000000	0,00000000		1,00000000	0,00000000		1,00000000	0,00000000		1,00000000	0,00000000	0,00000000		
0,00000000	0,95567953	0,04432047	0,00000000		0,41669733	0,58330267	0,00000000		0,00000000	1,00000000		1,00000000	0,00000000		0,00000000	0,00000000	0,00000000	0,97075795	0,02924205	0,00000000	0,00000000		0,95665592	0,04334408		1,00000000	0,00000000		1,00000000	0,00000000	0,00000000		
0,15174777	0,84825223	0,00000000	0,00000000		0,52878927	0,47121073	0,00000000		0,00000000	1,00000000		1,00000000	0,00000000		0,00000000	0,00000000	0,00000000	0,73648349	0,26351651	0,00000000	0,00000000		1,00000000	0,00000000		1,00000000	0,00000000		1,00000000	0,00000000	0,00000000		
0,00000000	0,09077592	0,90922408	0,00000000		0,00000000	0,79638767	0,20361233		0,00000000	1,00000000		0,59626111	0,40373889		0,00000000	0,00000000	0,00000000	0,00000000	0,78164157	0,21835843	0,00000000		1,00000000	0,00000000		0,91920499	0,08079501		1,00000000	0,00000000	0,00000000		
0,00000000	0,91360314	0,08639686	0,00000000		0,32702378	0,67297622	0,00000000		0,00000000	1,00000000		0,93846626	0,06153374		0,00000000	0,00000000	0,09423972	0,90576028	0,00000000	0,00000000	0,00000000		1,00000000	0,00000000		1,00000000	0,00000000		1,00000000	0,00000000	0,00000000		
0,00000000	0,76867335	0,23132665	0,00000000		0,11778550	0,88221450	0,00000000		0,16357606	0,83642394		0,71578129	0,28421871		0,00000000	0,00000000	0,34703922	0,65296078	0,00000000	0,00000000	0,00000000		0,59849416	0,40150584		0,87242893	0,12757107		1,00000000	0,00000000	0,00000000		
0,03639896	0,96360104	0,00000000	0,00000000		0,40922454	0,59077546	0,00000000		0,00000000	1,00000000		0,89569062	0,10430938		0,00000000	0,00000000	0,14193774	0,85806226	0,00000000	0,00000000	0,00000000		0,95625213	0,04374787		1,00000000	0,00000000		1,00000000	0,00000000	0,00000000		
0,00000000	0,00000000	0,89497818	0,10502182		0,00000000	0,51688090	0,48311910		0,29612565	0,70387435		0,09930877	0,90069123		0,00000000	0,00000000	0,00000000	0,25677865	0,74322135	0,00000000	0,00000000		1,00000000	0,00000000		0,17291426	0,82708574		1,00000000	0,00000000	0,00000000		
0,00000000	0,00000000	0,96242881	0,03757119		0,00000000	0,64176690	0,35823310		0,00000000	1,00000000		0,31192889	0,68807111		0,00000000	0,00000000	0,00000000	0,03366012	0,96633988	0,00000000	0,00000000		1,00000000	0,00000000		0,53861798	0,46138202		1,00000000	0,00000000	0,00000000		
0,00000000	0,50218953	0,49781047	0,00000000		0,00000000	0,87964501	0,12035499		0,42612620	0,57387380		0,52580711	0,47419289		0,00000000	0,00000000	0,42812586	0,57187414	0,00000000	0,00000000	0,00000000		0,21206709	0,78793291		0,77143517	0,22856483		1,00000000	0,00000000	0,00000000		
0,07057638	0,92942362	0,00000000	0,00000000		0,36438776	0,63561224	0,00000000		0,17122316	0,82877684		0,87304469	0,12695531		0,00000000	0,00000000	0,62368773	0,37631227	0,00000000	0,00000000	0,00000000		1,00000000	0,00000000		1,00000000	0,00000000		1,00000000	0,00000000	0,00000000		
0,13038688	0,86961312	0,00000000	0,00000000		0,46900690	0,53099310	0,00000000		0,00000000	1,00000000		0,87178658	0,12821342		0,00000000	0,00000000	0,63322734	0,36677266	0,00000000	0,00000000	0,00000000		0,43697814	0,56302186		1,00000000	0,00000000		1,00000000	0,00000000	0,00000000		
0,17738084	0,82261916	0,00000000	0,00000000		0,43911572	0,56088428	0,00000000		0,26553728	0,73446272		0,82146229	0,17853771		0,00000000	0,00000000	0,83832882	0,16167118	0,00000000	0,00000000	0,00000000		0,78019968	0,21980032		1,00000000	0,00000000		1,00000000	0,00000000	0,00000000		
0,19446955	0,80553045	0,00000000	0,00000000		0,44658852	0,55341148	0,00000000		0,30377274	0,69622726		0,81768797	0,18231203		0,00000000	0,03765393	0,96234607	0,00000000	0,00000000	0,00000000	0,00000000		0,86257284	0,13742716		1,00000000	0,00000000		1,00000000	0,00000000	0,00000000		
0,00000000	0,81542489	0,18457511	0,00000000		0,27471421	0,72528579	0,00000000		0,00000000	1,00000000		0,98250001	0,01749999		0,00000000	0,00000000	0,00000000	0,99306980	0,00693020	0,00000000	0,00000000		0,35662393	0,64337607		1,00000000	0,00000000		1,00000000	0,00000000	0,00000000		
0,08766510	0,91233490	0,00000000	0,00000000		0,61099002	0,38900998	0,00000000		0,00000000	1,00000000		1,00000000	0,00000000		0,00000000	0,00000000	0,00000000	0,71417164	0,28582836	0,00000000	0,00000000		0,00000000	1,00000000		1,00000000	0,00000000		1,00000000	0,00000000	0,00000000		
0,00000000	0,30115788	0,69884212	0,00000000		0,00000000	0,93911453	0,06088547		0,00000000	1,00000000		0,76107315	0,23892685		0,00000000	0,00000000	0,00000000	0,00000000	0,98729443	0,01270557	0,00000000		1,00000000	0,00000000		1,00000000	0,00000000		1,00000000	0,00000000	0,00000000		
0,00000000	0,76399819	0,23600181	0,00000000		0,32702378	0,67297622	0,00000000		0,00000000	1,00000000		1,00000000	0,00000000		0,00000000	0,00000000	0,00000000	0,25120069	0,74879931	0,00000000	0,00000000		1,00000000	0,00000000		1,00000000	0,00000000		1,00000000	0,00000000	0,00000000		
0,63023173	0,36976827	0,00000000	0,00000000		0,80528272	0,19471728	0,00000000		0,45161651	0,54838349		1,00000000	0,00000000		0,00000000	0,33961887	0,66038113	0,00000000	0,00000000	0,00000000	0,00000000		0,39013850	0,60986150		1,00000000	0,00000000		1,00000000	0,00000000	0,00000000		
0,01503807	0,98496193	0,00000000	0,00000000		0,18504066	0,81495934	0,00000000		0,71161761	0,28838239		0,59626111	0,40373889		0,00000000	0,00000000	0,96711347	0,03288653	0,00000000	0,00000000	0,00000000		0,80604224	0,19395776		0,91814190	0,08185810		1,00000000	0,00000000	0,00000000		
0,03639896	0,96360104	0,00000000	0,00000000		0,28965980	0,71034020	0,00000000		0,35985141	0,64014859		0,76987990	0,23012010		0,00000000	0,00000000	0,78109120	0,21890880	0,00000000	0,00000000	0,00000000		0,96109761	0,03890239		0,87242893	0,12757107		1,00000000	0,00000000	0,00000000		
0,00000000	0,21232994	0,78767006	0,00000000		0,00000000	0,84991024	0,15008976		0,00000000	1,00000000		0,64658540	0,35341460		0,00000000	0,00000000	0,00000000	0,02250420	0,97749580	0,00000000	0,00000000		1,00000000	0,00000000		1,00000000	0,00000000		1,00000000	0,00000000	0,00000000		
0,90365114	0,09634886	0,00000000	0,00000000		1,00000000	0,00000000	0,00000000		0,50769518	0,49230482		1,00000000	0,00000000		0,00000000	0,86457330	0,13542670	0,00000000	0,00000000	0,00000000	0,00000000		1,00000000	0,00000000		1,00000000	0,00000000		1,00000000	0,00000000	0,00000000		
0,00000000	0,61906840	0,38093160	0,00000000		0,00000000	0,93316758	0,06683242		0,52553839	0,47446161		0,43144907	0,56855093		0,00000000	0,00000000	0,41381645	0,58618355	0,00000000	0,00000000	0,00000000		1,00000000	0,00000000		1,00000000	0,00000000		1,00000000	0,00000000	0,00000000		
0,00000000	0,06740015	0,93259985	0,00000000		0,00000000	0,69528948	0,30471052		0,03612454	0,96387546		0,37609235	0,62390765		0,00000000	0,00000000	0,00000000	0,50220904	0,49779096	0,00000000	0,00000000		1,00000000	0,00000000		0,77887682	0,22112318		1,00000000	0,00000000	0,00000000		
0,50206639	0,49793361	0,00000000	0,00000000		0,66329960	0,33670040	0,00000000		0,56632288	0,43367712		0,92714330	0,07285670		0,00000000	0,44646800	0,55353200	0,00000000	0,00000000	0,00000000	0,00000000		0,68450144	0,31549856		1,00000000	0,00000000		1,00000000	0,00000000	0,00000000		
0,62168738	0,37831262	0,00000000	0,00000000		0,73055476	0,26944524	0,00000000		0,76259822	0,23740178		0,92714330	0,07285670		0,00000000	0,77166101	0,22833899	0,00000000	0,00000000	0,00000000	0,00000000		1,00000000	0,00000000		1,00000000	0,00000000		1,00000000	0,00000000	0,00000000		
0,03639896	0,96360104	0,00000000	0,00000000		0,34944217	0,65055783	0,00000000		0,11004642	0,88995358		0,74345965	0,25654035		0,00000000	0,00000000	0,52829170	0,47170830	0,00000000	0,00000000	0,00000000		0,93444747	0,06555253		1,00000000	0,00000000		1,00000000	0,00000000	0,00000000		
0,31836272	0,68163728	0,00000000	0,00000000		0,46900690	0,53099310	0,00000000		0,66063701	0,33936299		0,77491233	0,22508767		0,00000000	0,26528904	0,73471096	0,00000000	0,00000000	0,00000000	0,00000000		0,62070261	0,37929739		1,00000000	0,00000000		1,00000000	0,00000000	0,00000000		
0,44225589	0,55774411	0,00000000	0,00000000		0,61846282	0,38153718	0,00000000		0,51279324	0,48720676		0,85291497	0,14708503		0,00000000	0,68339434	0,31660566	0,00000000	0,00000000	0,00000000	0,00000000		1,00000000	0,00000000		1,00000000	0,00000000		1,00000000	0,00000000	0,00000000		
0,00000000	0,39466097	0,60533903	0,00000000		0,00000000	0,82612243	0,17387757		0,35475335	0,64524665		0,47170850	0,52829150		0,00000000	0,00000000	0,00000000	0,78110720	0,21889280	0,00000000	0,00000000		0,66875363	0,33124637		0,86286110	0,13713890		1,00000000	0,00000000	0,00000000		
0,04494331	0,95505669	0,00000000	0,00000000		0,17756786	0,82243214	0,00000000		0,85181429	0,14818571		0,52203278	0,47796722		0,00000000	0,00000000	0,69523476	0,30476524	0,00000000	0,00000000	0,00000000		0,46362829	0,53637171		0,78738156	0,21261844		1,00000000	0,00000000	0,00000000		
0,10902599	0,89097401	0,00000000	0,00000000		0,35691496	0,64308504	0,00000000		0,34455723	0,65544277		0,68810293	0,31189707		0,00000000	0,00000000	0,86694763	0,13305237	0,00000000	0,00000000	0,00000000		1,00000000	0,00000000		1,00000000	0,00000000		1,00000000	0,00000000	0,00000000		
0,00000000	0,60036778	0,39963222	0,00000000		0,00000000	0,98074320	0,01925680		0,21455667	0,78544333		0,52832332	0,47167668		0,00000000	0,00000000	0,01792289	0,98207711	0,00000000	0,00000000	0,00000000		1,00000000	0,00000000		0,72253293	0,27746707		1,00000000	0,00000000	0,00000000		
0,00000000	0,10012623	0,89987377	0,00000000		0,00000000	0,79044072	0,20955928		0,00000000	1,00000000		0,53209764	0,46790236		0,00000000	0,00000000	0,00000000	0,14521939	0,85478061	0,00000000	0,00000000		1,00000000	0,00000000		0,63429628	0,36570372		1,00000000	0,00000000	0,00000000		
0,00000000	0,06272499	0,93727501	0,00000000		0,00000000	0,62987300	0,37012700		0,32926304	0,67073696		0,38489910	0,61510090		0,00000000	0,00000000	0,00000000	0,26235662	0,73764338	0,00000000	0,00000000		0,90658596	0,09341404		0,54499653	0,45500347		1,00000000	0,00000000	0,00000000		
0,00000000	0,00000000	0,73522668	0,26477332		0,00000000	0,56445652	0,43554348		0,00000000	1,00000000		0,37735046	0,62264954		0,00000000	0,00000000	0,00000000	0,00000000	0,26322496	0,73677504	0,00000000		0,85288188	0,14711812		0,59070950	0,40929050		1,00000000	0,00000000	0,00000000		
0,00000000	0,71724665	0,28275335	0,00000000		0,09536711	0,90463289	0,00000000		0,10239933	0,89760067		0,59877732	0,40122268		0,00000000	0,00000000	0,20871497	0,79128503	0,00000000	0,00000000	0,00000000		0,78989064	0,21010936		0,77675064	0,22324936		1,00000000	0,00000000	0,00000000		
0,00000000	0,96035469	0,03964531	0,00000000		0,35691496	0,64308504	0,00000000		0,00000000	1,00000000		0,92462708	0,07537292		0,00000000	0,00000000	0,16101695	0,83898305	0,00000000	0,00000000	0,00000000		0,00000000	1,00000000		1,00000000	0,00000000		1,00000000	0,00000000	0,00000000		
0,27991312	0,72008688	0,00000000	0,00000000		0,59604443	0,40395557	0,00000000		0,00000000	1,00000000		0,98627433	0,01372567		0,00000000	0,00000000	0,83832882	0,16167118	0,00000000	0,00000000	0,00000000		1,00000000	0,00000000		0,91601572	0,08398428		1,00000000	0,00000000	0,00000000		
0,29700183	0,70299817	0,00000000	0,00000000		0,59604443	0,40395557	0,00000000		0,02847745	0,97152255		0,98250001	0,01749999		0,00000000	0,00000000	0,82878922	0,17121078	0,00000000	0,00000000	0,00000000		1,00000000	0,00000000		0,91814190	0,08185810		1,00000000	0,00000000	0,00000000		
0,44225589	0,55774411	0,00000000	0,00000000		0,82022831	0,17977169	0,00000000		0,00000000	1,00000000		1,00000000	0,00000000		0,00000000	0,00000000	0,62368773	0,37631227	0,00000000	0,00000000	0,00000000		1,00000000	0,00000000		1,00000000	0,00000000		1,00000000	0,00000000	0,00000000		
0,00000000	0,38998582	0,61001418	0,00000000		0,00000000	0,87369805	0,12630195		0,11004642	0,88995358		0,32073564	0,67926436		0,00000000	0,00000000	0,00000000	0,64165812	0,35834188	0,00000000	0,00000000		0,14423037	0,85576963		0,54393344	0,45606656		1,00000000	0,00000000	0,00000000		
0,00000000	0,57231685	0,42768315	0,00000000		0,08042152	0,91957848	0,00000000		0,00000000	1,00000000		0,69565158	0,30434842		0,00000000	0,00000000	0,00000000	0,27351254	0,72648746	0,00000000	0,00000000		0,78343000	0,21657000		0,91388953	0,08611047		1,00000000	0,00000000	0,00000000		
0,16883648	0,83116352	0,00000000	0,00000000		0,45406131	0,54593869	0,00000000		0,17632122	0,82367878		0,95104733	0,04895267		0,00000000	0,00000000	0,84309862	0,15690138	0,00000000	0,00000000	0,00000000		1,00000000	0,00000000		1,00000000	0,00000000		1,00000000	0,00000000	0,00000000		
0,00000000	0,45543798	0,54456202	0,00000000		0,00000000	0,93316758	0,06683242		0,00553618	0,99446382		0,54216250	0,45783750		0,00000000	0,00000000	0,00000000	0,65839201	0,34160799	0,00000000	0,00000000		1,00000000	0,00000000		0,96491796	0,03508204		1,00000000	0,00000000	0,00000000		
0,00000000	0,62841871	0,37158129	0,00000000		0,06547593	0,93452407	0,00000000		0,00000000	1,00000000		0,70697454	0,29302546		0,00000000	0,00000000	0,00000000	0,74763942	0,25236058	0,00000000	0,00000000		0,85207430	0,14792570		0,91920499	0,08079501		1,00000000	0,00000000	0,00000000		
0,00000000	0,72192180	0,27807820	0,00000000		0,09536711	0,90463289	0,00000000		0,11259546	0,88740454		0,73842722	0,26157278		0,00000000	0,00000000	0,19440556	0,80559444	0,00000000	0,00000000	0,00000000		0,95463697	0,04536303		0,98724289	0,01275711		1,00000000	0,00000000	0,00000000		
0,00000000	0,68919572	0,31080428	0,00000000		0,00000000	0,98669015	0,01330985		0,47710681	0,52289319		0,57109896	0,42890104		0,00000000	0,00000000	0,35180903	0,64819097	0,00000000	0,00000000	0,00000000		1,00000000	0,00000000		0,73210076	0,26789924		1,00000000	0,00000000	0,00000000		
0,00000000	0,89022737	0,10977263	0,00000000		0,18504066	0,81495934	0,00000000		0,28592953	0,71407047		0,68810293	0,31189707		0,00000000	0,00000000	0,28503180	0,71496820	0,00000000	0,00000000	0,00000000		0,44141983	0,55858017		0,95216085	0,04783915		1,00000000	0,00000000	0,00000000		
0,00000000	0,25908149	0,74091851	0,00000000		0,00000000	0,84396329	0,15603671		0,00000000	1,00000000		0,57613139	0,42386861		0,00000000	0,00000000	0,00000000	0,42969551	0,57030449	0,00000000	0,00000000		0,00000000	1,00000000		0,96066559	0,03933441		1,00000000	0,00000000	0,00000000		
0,00000000	0,86217644	0,13782356	0,00000000		0,02811195	0,97188805	0,00000000		0,82887302	0,17112698		0,52454900	0,47545100		0,00000000	0,04229954	0,95770046	0,00000000	0,00000000	0,00000000	0,00000000		0,38448544	0,61551456		0,68426161	0,31573839		1,00000000	0,00000000	0,00000000		
0,00000000	0,93697892	0,06302108	0,00000000		0,27471421	0,72528579	0,00000000		0,08200709	0,91799291		0,79000961	0,20999039		0,00000000	0,00000000	0,63322734	0,36677266	0,00000000	0,00000000	0,00000000		0,70267199	0,29732801		0,86711347	0,13288653		1,00000000	0,00000000	0,00000000		
0,00000000	0,84815098	0,15184902	0,00000000		0,03558474	0,96441526	0,00000000		0,78044144	0,21955856		0,49183821	0,50816179		0,00000000	0,04229954	0,95770046	0,00000000	0,00000000	0,00000000	0,00000000		1,00000000	0,00000000		0,58752022	0,41247978		1,00000000	0,00000000	0,00000000		
0,00000000	0,60971809	0,39028191	0,00000000		0,00000000	0,92722063	0,07277937		0,52298936	0,47701064		0,54090439	0,45909561		0,00000000	0,00000000	0,57121991	0,42878009	0,00000000	0,00000000	0,00000000		1,00000000	0,00000000		0,63854865	0,36145135		1,00000000	0,00000000	0,00000000		
0,00000000	0,87620190	0,12379810	0,00000000		0,22240464	0,77759536	0,00000000		0,11514449	0,88485551		0,93595005	0,06404995		0,00000000	0,00000000	0,00000000	0,74763942	0,25236058	0,00000000	0,00000000		0,91506555	0,08493445		1,00000000	0,00000000		1,00000000	0,00000000	0,00000000		
0,00000000	0,66114479	0,33885521	0,00000000		0,16262227	0,83737773	0,00000000		0,00000000	1,00000000		0,94098248	0,05901752		0,00000000	0,00000000	0,00000000	0,55241071	0,44758929	0,00000000	0,00000000		1,00000000	0,00000000		1,00000000	0,00000000		1,00000000	0,00000000	0,00000000		
0,00000000	0,44608767	0,55391233	0,00000000		0,00000000	0,92722063	0,07277937		0,01573230	0,98426770		0,59122868	0,40877132		0,00000000	0,00000000	0,00000000	0,51336496	0,48663504	0,00000000	0,00000000		1,00000000	0,00000000		0,86923966	0,13076034		1,00000000	0,00000000	0,00000000		
0,89083460	0,10916540	0,00000000	0,00000000		0,88001068	0,11998932	0,00000000		1,00000000	0,00000000		1,00000000	0,00000000		0,00000000	0,41859431	0,58140569	0,00000000	0,00000000	0,00000000	0,00000000		1,00000000	0,00000000		1,00000000	0,00000000		1,00000000	0,00000000	0,00000000		
1,00000000	0,00000000	0,00000000	0,00000000		1,00000000	0,00000000	0,00000000		0,45926360	0,54073640		1,00000000	0,00000000		0,31288340	0,68711660	0,00000000	0,00000000	0,00000000	0,00000000	0,00000000		0,95625213	0,04374787		1,00000000	0,00000000		1,00000000	0,00000000	0,00000000		
1,00000000	0,00000000	0,00000000	0,00000000		1,00000000	0,00000000	0,00000000		0,05906582	0,94093418		1,00000000	0,00000000		0,15327284	0,84672716	0,00000000	0,00000000	0,00000000	0,00000000	0,00000000		1,00000000	0,00000000		1,00000000	0,00000000		1,00000000	0,00000000	0,00000000		
0,78403015	0,21596985	0,00000000	0,00000000		1,00000000	0,00000000	0,00000000		0,00000000	1,00000000		1,00000000	0,00000000		0,00000000	0,37213817	0,62786183	0,00000000	0,00000000	0,00000000	0,00000000		0,74628131	0,25371869		1,00000000	0,00000000		1,00000000	0,00000000	0,00000000		
0,41662282	0,58337718	0,00000000	0,00000000		0,60351723	0,39648277	0,00000000		0,46691069	0,53308931		0,92714330	0,07285670		0,00000000	0,24206096	0,75793904	0,00000000	0,00000000	0,00000000	0,00000000		0,36793005	0,63206995		1,00000000	0,00000000		1,00000000	0,00000000	0,00000000		
0,60459866	0,39540134	0,00000000	0,00000000		0,80528272	0,19471728	0,00000000		0,37514559	0,62485441		1,00000000	0,00000000		0,00000000	0,44646800	0,55353200	0,00000000	0,00000000	0,00000000	0,00000000		1,00000000	0,00000000		1,00000000	0,00000000		1,00000000	0,00000000	0,00000000		
0,56187688	0,43812312	0,00000000	0,00000000		0,85759229	0,14240771	0,00000000		0,00000000	1,00000000		1,00000000	0,00000000		0,00000000	0,01442586	0,98557414	0,00000000	0,00000000	0,00000000	0,00000000		1,00000000	0,00000000		1,00000000	0,00000000		1,00000000	0,00000000	0,00000000		
0,00000000	0,93230376	0,06769624	0,00000000		0,20745905	0,79254095	0,00000000		0,34965529	0,65034471		0,63148811	0,36851189		0,00000000	0,00000000	0,67615555	0,32384445	0,00000000	0,00000000	0,00000000		1,00000000	0,00000000		0,94578230	0,05421770		1,00000000	0,00000000	0,00000000		
0,07912074	0,92087926	0,00000000	0,00000000		0,26724141	0,73275859	0,00000000		0,60710737	0,39289263		0,65790836	0,34209164		0,00000000	0,00000000	0,82878922	0,17121078	0,00000000	0,00000000	0,00000000		1,00000000	0,00000000		0,96491796	0,03508204		1,00000000	0,00000000	0,00000000		
0,00000000	0,91827830	0,08172170	0,00000000		0,19251346	0,80748654	0,00000000		0,34965529	0,65034471		0,70823265	0,29176735		0,00000000	0,00000000	0,85263823	0,14736177	0,00000000	0,00000000	0,00000000		1,00000000	0,00000000		0,78631847	0,21368153		1,00000000	0,00000000	0,00000000		
0,62595955	0,37404045	0,00000000	0,00000000		0,67077239	0,32922761	0,00000000		1,00000000	0,00000000		0,90575547	0,09424453		0,13676140	0,86323860	0,00000000	0,00000000	0,00000000	0,00000000	0,00000000		0,61989503	0,38010497		1,00000000	0,00000000		1,00000000	0,00000000	0,00000000		
0,00000000	0,00000000	0,53997485	0,46002515		0,00000000	0,20763936	0,79236064		0,48475390	0,51524610		0,00000000	1,00000000		0,00000000	0,00000000	0,00000000	0,00000000	0,78592600	0,21407400	0,00000000		0,40063704	0,59936296		0,00000000	1,00000000		0,00000000	1,00000000	0,00000000		
0,00000000	0,00000000	0,82042748	0,17957252		0,00000000	0,39199489	0,60800511		0,61220543	0,38779457		0,16850467	0,83149533		0,00000000	0,00000000	0,00000000	0,15079735	0,84920265	0,00000000	0,00000000		0,15876681	0,84123319		0,17291426	0,82708574		0,00000000	1,00000000	0,00000000		
0,00000000	0,00000000	0,67132609	0,32867391		0,00000000	0,35631318	0,64368682		0,25534116	0,74465884		0,19366681	0,80633319		0,00000000	0,00000000	0,00000000	0,00000000	0,64453965	0,35546035	0,00000000		0,21368225	0,78631775		0,26434019	0,73565981		0,00000000	1,00000000	0,00000000		
0,00000000	0,00000000	0,01456993	0,98543007		0,00000000	0,04112469	0,95887531		0,00000000	1,00000000		0,00000000	1,00000000		0,00000000	0,00000000	0,00000000	0,00000000	0,00000000	0,00000000	1,00000000		0,86095768	0,13904232		0,00000000	1,00000000		0,00000000	1,00000000	0,00000000		
0,00000000	0,00000000	0,82752755	0,17247245		0,00000000	0,48714613	0,51285387		0,19671346	0,80328654		0,14460063	0,85539937		0,00000000	0,00000000	0,00000000	0,13964142	0,86035858	0,00000000	0,00000000		0,42970992	0,57029008		0,21118558	0,78881442		0,00000000	1,00000000	0,00000000		
0,00000000	0,00000000	0,84527772	0,15472228		0,00000000	0,42172966	0,57827034		0,57396997	0,42603003		0,25783028	0,74216972		0,00000000	0,00000000	0,00000000	0,40738366	0,59261634	0,00000000	0,00000000		0,05983825	0,94016175		0,26008782	0,73991218		0,00000000	1,00000000	0,00000000		
0,00000000	0,00000000	0,65002589	0,34997411		0,00000000	0,24926803	0,75073197		0,67338216	0,32661784		0,08546959	0,91453041		0,00000000	0,00000000	0,00000000	0,60261238	0,39738762	0,00000000	0,00000000		0,50239213	0,49760787		0,12507511	0,87492489		0,00000000	1,00000000	0,00000000		
0,00000000	0,00000000	0,00000000	1,00000000		0,00000000	0,00000000	1,00000000		0,25534116	0,74465884		0,00000000	1,00000000		0,00000000	0,00000000	0,00000000	0,00000000	0,00000000	0,60132808	0,39867192		0,24921578	0,75078422		0,00000000	1,00000000		0,00000000	1,00000000	0,00000000		
0,00000000	0,00000000	0,07492049	0,92507951		0,00000000	0,00000000	1,00000000		0,28847856	0,71152144		0,00000000	1,00000000		0,00000000	0,00000000	0,00000000	0,00000000	0,45174009	0,54825991	0,00000000		0,00169248	0,99830752		0,00000000	1,00000000		0,00000000	1,00000000	0,00000000		
0,00000000	0,00000000	0,72102655	0,27897345		0,00000000	0,46335832	0,53664168		0,00000000	1,00000000		0,35470453	0,64529547		0,00000000	0,00000000	0,00000000	0,00000000	0,76450383	0,23549617	0,00000000		0,89245331	0,10754669		0,31217934	0,68782066		0,00000000	1,00000000	0,00000000		
0,00000000	0,00000000	0,93047851	0,06952149		0,00000000	0,58824433	0,41175567		0,10239933	0,89760067		0,32325185	0,67674815		0,00000000	0,00000000	0,00000000	0,24562273	0,75437727	0,00000000	0,00000000		0,00000000	1,00000000		0,16972498	0,83027502		0,00000000	1,00000000	0,00000000		
0,00000000	0,00000000	0,15302123	0,84697877		0,00000000	0,08275336	0,91724664		0,00000000	1,00000000		0,15843981	0,84156019		0,00000000	0,00000000	0,00000000	0,00000000	0,00000000	0,35488937	0,64511063		0,00000000	1,00000000		0,17078807	0,82921193		0,00000000	1,00000000	0,00000000		
0,00000000	0,00000000	0,00000000	1,00000000		0,00000000	0,00000000	1,00000000		0,00000000	1,00000000		0,00000000	1,00000000		0,00000000	0,00000000	0,00000000	0,00000000	0,00000000	0,31477144	0,68522856		0,00000000	1,00000000		0,00000000	1,00000000		0,00000000	1,00000000	0,00000000		
0,00000000	0,00000000	0,00000000	1,00000000		0,00000000	0,00000000	1,00000000		0,21455667	0,78544333		0,00000000	1,00000000		0,00000000	0,00000000	0,00000000	0,00000000	0,00000000	0,84203565	0,15796435		1,00000000	0,00000000		0,00000000	1,00000000		0,00000000	1,00000000	0,00000000		
0,00000000	0,00000000	0,00000000	1,00000000		0,00000000	0,00000000	1,00000000		0,21200764	0,78799236		0,00000000	1,00000000		0,00000000	0,00000000	0,00000000	0,00000000	0,00000000	0,67583281	0,32416719		0,85045914	0,14954086		0,00000000	1,00000000		0,00000000	1,00000000	0,00000000		
0,00000000	0,00000000	0,31277272	0,68722728		0,00000000	0,14222288	0,85777712		0,00000000	1,00000000		0,00000000	1,00000000		0,00000000	0,00000000	0,00000000	0,00000000	0,40032687	0,59967313	0,00000000		1,00000000	0,00000000		0,00000000	1,00000000		0,00000000	1,00000000	0,00000000		
0,00000000	0,00000000	0,09622069	0,90377931		0,00000000	0,04112469	0,95887531		0,00000000	1,00000000		0,06030745	0,93969255		0,00000000	0,00000000	0,00000000	0,00000000	0,00000000	0,88788472	0,11211528		1,00000000	0,00000000		0,00000000	1,00000000		0,00000000	1,00000000	0,00000000		
0,00000000	0,00000000	0,06072036	0,93927964		0,00000000	0,00000000	1,00000000		0,69632343	0,30367657		0,00000000	1,00000000		0,00000000	0,00000000	0,00000000	0,00000000	0,31892261	0,68107739	0,00000000		0,55609621	0,44390379		0,00000000	1,00000000		0,00000000	1,00000000	0,00000000		
0,00000000	0,00000000	0,00000000	1,00000000		0,00000000	0,00000000	1,00000000		0,00000000	1,00000000		0,00000000	1,00000000		0,00000000	0,00000000	0,00000000	0,00000000	0,00000000	0,00000000	1,00000000		0,00000000	1,00000000		0,00000000	1,00000000		0,00000000	1,00000000	0,00000000		
0,00000000	0,00000000	0,00000000	1,00000000		0,00000000	0,00000000	1,00000000		0,00000000	1,00000000		0,00000000	1,00000000		0,00000000	0,00000000	0,00000000	0,00000000	0,00000000	0,00000000	1,00000000		0,02107440	0,97892560		0,00000000	1,00000000		0,00000000	1,00000000	0,00000000		
0,00000000	0,00000000	0,00000000	1,00000000		0,00000000	0,00000000	1,00000000		0,29867468	0,70132532		0,00000000	1,00000000		0,00000000	0,00000000	0,00000000	0,00000000	0,00000000	0,76753093	0,23246907		1,00000000	0,00000000		0,00000000	1,00000000		0,00000000	1,00000000	0,00000000		
0,00000000	0,00000000	0,13882109	0,86117891		0,00000000	0,07680640	0,92319360		0,00000000	1,00000000		0,00000000	1,00000000		0,00000000	0,00000000	0,00000000	0,00000000	0,00000000	0,70448847	0,29551153		0,78666032	0,21333968		0,00000000	1,00000000		0,00000000	1,00000000	0,00000000		
0,00000000	0,00000000	0,12107093	0,87892907		0,00000000	0,02328383	0,97671617		0,00000000	1,00000000		0,00000000	1,00000000		0,00000000	0,00000000	0,00000000	0,00000000	0,22038061	0,77961939	0,00000000		0,73941688	0,26058312		0,00000000	1,00000000		0,00000000	1,00000000	0,00000000		
0,00000000	0,00000000	0,19917166	0,80082834		0,00000000	0,16601069	0,83398931		0,00000000	1,00000000		0,11943849	0,88056151		0,00000000	0,00000000	0,00000000	0,00000000	0,00000000	0,33769597	0,66230403		0,00000000	1,00000000		0,17291426	0,82708574		0,00000000	1,00000000	0,00000000		
0,00000000	0,00000000	0,28082242	0,71917758		0,00000000	0,00000000	1,00000000		1,00000000	0,00000000		0,00000000	1,00000000		0,00000000	0,00000000	0,00000000	0,14521939	0,85478061	0,00000000	0,00000000		0,05458898	0,94541102		0,00000000	1,00000000		0,00000000	1,00000000	0,00000000		
0,00000000	0,00000000	0,80977738	0,19022262		0,00000000	0,40388880	0,59611120		0,54847966	0,45152034		0,00000000	1,00000000		0,00000000	0,00000000	0,00000000	0,26793458	0,73206542	0,00000000	0,00000000		0,55407726	0,44592274		0,07723596	0,92276404		0,00000000	1,00000000	0,00000000		
0,00000000	0,00000000	0,00000000	1,00000000		0,00000000	0,00000000	1,00000000		0,12279158	0,87720842		0,00000000	1,00000000		0,00000000	0,00000000	0,00000000	0,00000000	0,00000000	0,62425261	0,37574739		0,64250727	0,35749273		0,00000000	1,00000000		0,00000000	1,00000000	0,00000000		
0,00000000	0,00000000	0,06072036	0,93927964		0,00000000	0,00000000	1,00000000		0,44906748	0,55093252		0,00000000	1,00000000		0,00000000	0,00000000	0,00000000	0,00000000	0,82448591	0,17551409	0,00000000		1,00000000	0,00000000		0,00000000	1,00000000		0,00000000	1,00000000	0,00000000		
0,00000000	0,00000000	0,34827306	0,65172694		0,00000000	0,04112469	0,95887531		0,57651900	0,42348100		0,00000000	1,00000000		0,00000000	0,00000000	0,00000000	0,00000000	0,99586330	0,00413670	0,00000000		0,89447226	0,10552774		0,00000000	1,00000000		0,00000000	1,00000000	0,00000000		
0,00000000	0,00000000	0,15302123	0,84697877		0,00000000	0,00000000	1,00000000		0,13553673	0,86446327		0,00000000	1,00000000		0,00000000	0,00000000	0,00000000	0,00000000	0,25894053	0,74105947	0,00000000		1,00000000	0,00000000		0,00000000	1,00000000		0,00000000	1,00000000	0,00000000		
0,00000000	0,00000000	0,97307891	0,02692109		0,00000000	0,64176690	0,35823310		0,00000000	1,00000000		0,52077468	0,47922532		0,00000000	0,00000000	0,00000000	0,00000000	0,94016565	0,05983435	0,00000000		0,34370264	0,65629736		0,44825514	0,55174486		0,00000000	1,00000000	0,00000000		
0,00000000	0,00000000	0,41217366	0,58782634		0,00000000	0,27900279	0,72099721		0,00000000	1,00000000		0,30438024	0,69561976		0,00000000	0,00000000	0,00000000	0,00000000	0,21609618	0,78390382	0,00000000		1,00000000	0,00000000		0,21543795	0,78456205		0,00000000	1,00000000	0,00000000		
0,00000000	0,00000000	0,00000000	1,00000000		0,00000000	0,00000000	1,00000000		0,00000000	1,00000000		0,02382234	0,97617766		0,00000000	0,00000000	0,00000000	0,00000000	0,00000000	0,15429973	0,84570027		0,30695775	0,69304225		0,03258609	0,96741391		0,00000000	1,00000000	0,00000000		
0,00000000	0,00000000	0,00000000	1,00000000		0,00000000	0,00000000	1,00000000		0,37259656	0,62740344		0,00000000	1,00000000		0,00000000	0,00000000	0,00000000	0,00000000	0,27179383	0,72820617	0,00000000		0,69096208	0,30903792		0,00000000	1,00000000		0,00000000	1,00000000	0,00000000		
0,00000000	0,00000000	0,07137046	0,92862954		0,00000000	0,00000000	1,00000000		0,08710515	0,91289485		0,00000000	1,00000000		0,00000000	0,00000000	0,00000000	0,00000000	0,00000000	0,93946491	0,06053509		0,68652039	0,31347961		0,00000000	1,00000000		0,00000000	1,00000000	0,00000000		
0,00000000	0,00000000	0,11397086	0,88602914		0,00000000	0,02328383	0,97671617		0,00000000	1,00000000		0,11943849	0,88056151		0,00000000	0,00000000	0,00000000	0,00000000	0,00000000	0,76179980	0,23820020		1,00000000	0,00000000		0,17078807	0,82921193		0,00000000	1,00000000	0,00000000		
0,00000000	0,00000000	0,10687079	0,89312921		0,00000000	0,09464726	0,90535274		0,00000000	1,00000000		0,00000000	1,00000000		0,00000000	0,00000000	0,00000000	0,00000000	0,00000000	0,64717714	0,35282286		0,89851016	0,10148984		0,00000000	1,00000000		0,00000000	1,00000000	0,00000000		
0,00000000	0,00000000	0,53997485	0,46002515		0,00000000	0,27900279	0,72099721		0,16102703	0,83897297		0,12447092	0,87552908		0,00000000	0,00000000	0,00000000	0,00000000	0,73451278	0,26548722	0,00000000		0,53348396	0,46651604		0,11763346	0,88236654		0,00000000	1,00000000	0,00000000		
0,00000000	0,00000000	0,00000000	1,00000000		0,00000000	0,00000000	1,00000000		0,28338050	0,71661950		0,00000000	1,00000000		0,00000000	0,00000000	0,00000000	0,00000000	0,00000000	0,89361585	0,10638415		0,73336003	0,26663997		0,00000000	1,00000000		0,00000000	1,00000000	0,00000000		
0,00000000	0,00000000	0,21337179	0,78662821		0,00000000	0,06491250	0,93508750		0,00000000	1,00000000		0,00000000	1,00000000		0,00000000	0,00000000	0,00000000	0,00000000	0,30178487	0,69821513	0,00000000		1,00000000	0,00000000		0,15484169	0,84515831		0,00000000	1,00000000	0,00000000		
0,00000000	0,00000000	0,24887212	0,75112788		0,00000000	0,12438203	0,87561797		0,00000000	1,00000000		0,03137098	0,96862902		0,00000000	0,00000000	0,00000000	0,00000000	0,00000000	0,85922905	0,14077095		1,00000000	0,00000000		0,26115091	0,73884909		0,00000000	1,00000000	0,00000000		
0,00000000	0,00000000	0,00000000	1,00000000		0,00000000	0,00000000	1,00000000		0,37514559	0,62485441		0,00000000	1,00000000		0,00000000	0,00000000	0,00000000	0,00000000	0,00000000	0,73314413	0,26685587		0,56134548	0,43865452		0,07936214	0,92063786		0,00000000	1,00000000	0,00000000		
0,00000000	0,00000000	0,00746986	0,99253014		0,00000000	0,01138993	0,98861007		0,00000000	1,00000000		0,00000000	1,00000000		0,00000000	0,00000000	0,00000000	0,00000000	0,00000000	0,09698840	0,90301160		1,00000000	0,00000000		0,12294893	0,87705107		0,00000000	1,00000000	0,00000000		
0,00000000	0,00000000	0,00391983	0,99608017		0,00000000	0,00000000	1,00000000		0,35985141	0,64014859		0,00000000	1,00000000		0,00000000	0,00000000	0,00000000	0,00000000	0,03186548	0,96813452	0,00000000		0,00000000	1,00000000		0,00000000	1,00000000		0,00000000	1,00000000	0,00000000		
0,00000000	0,00000000	0,00000000	1,00000000		0,00000000	0,00000000	1,00000000		0,01063424	0,98936576		0,00000000	1,00000000		0,00000000	0,00000000	0,00000000	0,00000000	0,00000000	0,00000000	1,00000000		0,15795923	0,84204077		0,00000000	1,00000000		0,00000000	1,00000000	0,00000000		
0,00000000	0,00000000	0,03232009	0,96767991		0,00000000	0,00000000	1,00000000		0,02337939	0,97662061		0,00000000	1,00000000		0,00000000	0,00000000	0,00000000	0,00000000	0,10898531	0,89101469	0,00000000		1,00000000	0,00000000		0,00000000	1,00000000		0,00000000	1,00000000	0,00000000		
0,00000000	0,00000000	0,06782043	0,93217957		0,00000000	0,07680640	0,92319360		0,00000000	1,00000000		0,10182499	0,89817501		0,00000000	0,00000000	0,00000000	0,00000000	0,00000000	0,12564406	0,87435594		0,29645921	0,70354079		0,30792697	0,69207303		0,00000000	1,00000000	0,00000000		
0,00000000	0,00000000	0,00036980	0,99963020		0,00000000	0,00000000	1,00000000		0,00000000	1,00000000		0,00000000	1,00000000		0,00000000	0,00000000	0,00000000	0,00000000	0,00000000	0,59559695	0,40440305		0,80119676	0,19880324		0,00000000	1,00000000		0,00000000	1,00000000	0,00000000		
0,00000000	0,00000000	0,09267066	0,90732934		0,00000000	0,05896555	0,94103445		0,00000000	1,00000000		0,00000000	1,00000000		0,00000000	0,00000000	0,00000000	0,00000000	0,00000000	0,85922905	0,14077095		0,57709329	0,42290671		0,07829905	0,92170095		0,00000000	1,00000000	0,00000000		
0,00000000	0,00000000	0,00000000	1,00000000		0,00000000	0,00000000	1,00000000		0,13298770	0,86701230		0,00000000	1,00000000		0,00000000	0,00000000	0,00000000	0,00000000	0,00000000	0,35488937	0,64511063		0,80967635	0,19032365		0,00000000	1,00000000		0,00000000	1,00000000	0,00000000		
0,00000000	0,00000000	0,00000000	1,00000000		0,00000000	0,00000000	1,00000000		0,00000000	1,00000000		0,00000000	1,00000000		0,00000000	0,00000000	0,00000000	0,00000000	0,00000000	0,00000000	1,00000000		0,00000000	1,00000000		0,00000000	1,00000000		0,00000000	1,00000000	0,00000000		
0,00000000	0,00000000	0,35892316	0,64107684		0,00000000	0,12438203	0,87561797		0,23239989	0,76760011		0,09176013	0,90823987		0,00000000	0,00000000	0,00000000	0,00000000	0,77735713	0,22264287	0,00000000		0,58516909	0,41483091		0,03045990	0,96954010		0,00000000	1,00000000	0,00000000		
0,00000000	0,07675046	0,92324954	0,00000000		0,00000000	0,56445652	0,43554348		0,70142149	0,29857851		0,46541796	0,53458204		0,00000000	0,00000000	0,00000000	0,69185979	0,30814021	0,00000000	0,00000000		0,31584113	0,68415887		0,35789230	0,64210770		0,00000000	1,00000000	0,00000000		
0,00000000	0,00000000	0,25597219	0,74402781		0,00000000	0,21358631	0,78641369		0,00000000	1,00000000		0,19115060	0,80884940		0,00000000	0,00000000	0,00000000	0,00000000	0,00000000	0,84776679	0,15223321		0,84157576	0,15842424		0,14314768	0,85685232		0,00000000	1,00000000	0,00000000		
0,00000000	0,16090324	0,83909676	0,00000000		0,00000000	0,85585720	0,14414280		0,00000000	1,00000000		0,96740273	0,03259727		0,00000000	0,00000000	0,00000000	0,00000000	0,69595287	0,30404713	0,00000000		0,69944167	0,30055833		0,95216085	0,04783915		0,00000000	1,00000000	0,00000000		
0,00000000	0,00000000	0,14237113	0,85762887		0,00000000	0,08870031	0,91129969		0,00000000	1,00000000		0,02633856	0,97366144		0,00000000	0,00000000	0,00000000	0,00000000	0,00000000	0,28611578	0,71388422		0,35541256	0,64458744		0,05065865	0,94934135		0,00000000	1,00000000	0,00000000		
0,00000000	0,00000000	0,17787146	0,82212854		0,00000000	0,00000000	1,00000000		0,42102814	0,57897186		0,00000000	1,00000000		0,00000000	0,00000000	0,00000000	0,00000000	0,64453965	0,35546035	0,00000000		0,27344318	0,72655682		0,00000000	1,00000000		0,00000000	1,00000000	0,00000000		
0,00000000	0,00000000	0,41572369	0,58427631		0,00000000	0,28494975	0,71505025		0,00000000	1,00000000		0,19240870	0,80759130		0,00000000	0,00000000	0,00000000	0,00000000	0,24608722	0,75391278	0,00000000		1,00000000	0,00000000		0,12826439	0,87173561		0,00000000	1,00000000	0,00000000		
0,00000000	0,00000000	0,00000000	1,00000000		0,00000000	0,00000000	1,00000000		0,32671401	0,67328599		0,00000000	1,00000000		0,00000000	0,00000000	0,00000000	0,00000000	0,00000000	0,83630452	0,16369548		1,00000000	0,00000000		0,00000000	1,00000000		0,00000000	1,00000000	0,00000000		
0,00000000	0,00000000	0,56837512	0,43162488		0,00000000	0,39794185	0,60205815		0,00000000	1,00000000		0,42893285	0,57106715		0,00000000	0,00000000	0,00000000	0,00000000	0,23323392	0,76676608	0,00000000		0,00000000	1,00000000		0,40254218	0,59745782		0,00000000	1,00000000	0,00000000		
0,00000000	0,00000000	0,30212262	0,69787738		0,00000000	0,26116194	0,73883806		0,00000000	1,00000000		0,19240870	0,80759130		0,00000000	0,00000000	0,00000000	0,00000000	0,00000000	0,93946491	0,06053509		0,90093290	0,09906710		0,08255142	0,91744858		0,00000000	1,00000000	0,00000000		
0,00000000	0,00000000	0,07492049	0,92507951		0,00000000	0,00544297	0,99455703		0,00000000	1,00000000		0,00000000	1,00000000		0,00000000	0,00000000	0,00000000	0,00000000	0,00000000	0,53828562	0,46171438		0,87226381	0,12773619		0,09637162	0,90362838		0,00000000	1,00000000	0,00000000		
0,00000000	0,44608767	0,55391233	0,00000000		0,00000000	0,84991024	0,15008976		0,40063590	0,59936410		0,31192889	0,68807111		0,00000000	0,00000000	0,30411101	0,69588899	0,00000000	0,00000000	0,00000000		0,24477409	0,75522591		0,26008782	0,73991218		0,00000000	1,00000000	0,00000000		
0,00000000	0,08142561	0,91857439	0,00000000		0,00000000	0,59419128	0,40580872		0,55867579	0,44132421		0,36099507	0,63900493		0,00000000	0,00000000	0,00000000	0,64723608	0,35276392	0,00000000	0,00000000		0,32391693	0,67608307		0,26008782	0,73991218		0,00000000	1,00000000	0,00000000		
0,00000000	0,36193489	0,63806511	0,00000000		0,00000000	0,85585720	0,14414280		0,10239933	0,89760067		0,44780446	0,55219554		0,00000000	0,00000000	0,00000000	0,57472256	0,42527744	0,00000000	0,00000000		0,03884117	0,96115883		0,20480703	0,79519297		0,00000000	1,00000000	0,00000000		
0,00000000	0,44608767	0,55391233	0,00000000		0,00000000	0,99263711	0,00736289		0,00000000	1,00000000		0,82397851	0,17602149		0,00000000	0,00000000	0,00000000	0,25677865	0,74322135	0,00000000	0,00000000		0,59284110	0,40715890		0,63854865	0,36145135		0,00000000	1,00000000	0,00000000		
0,00000000	0,00000000	0,63582575	0,36417425		0,00000000	0,33847232	0,66152768		0,19926249	0,80073751		0,00000000	1,00000000		0,00000000	0,00000000	0,00000000	0,00000000	0,73022835	0,26977165	0,00000000		0,62272156	0,37727844		0,07298359	0,92701641		0,00000000	1,00000000	0,00000000		
0,00000000	0,35725974	0,64274026	0,00000000		0,00000000	0,70123643	0,29876357		0,85691235	0,14308765		0,26663703	0,73336297		0,00000000	0,00000000	0,48059368	0,51940632	0,00000000	0,00000000	0,00000000		0,98047954	0,01952046		0,17078807	0,82921193		0,00000000	1,00000000	0,00000000		
0,00000000	0,34323427	0,65676573	0,00000000		0,00000000	0,72502424	0,27497576		0,72181374	0,27818626		0,37735046	0,62264954		0,00000000	0,00000000	0,21825457	0,78174543	0,00000000	0,00000000	0,00000000		0,94615738	0,05384262		0,30580079	0,69419921		0,00000000	1,00000000	0,00000000		
0,00000000	0,04869953	0,95130047	0,00000000		0,00000000	0,68339557	0,31660443		0,03357551	0,96642449		0,32702617	0,67297383		0,00000000	0,00000000	0,00000000	0,21773291	0,78226709	0,00000000	0,00000000		0,52460058	0,47539942		0,12507511	0,87492489		0,00000000	1,00000000	0,00000000		
0,48070549	0,51929451	0,00000000	0,00000000		0,54373486	0,45626514	0,00000000		0,97671678	0,02328322		0,83026904	0,16973096		0,00000000	0,59512766	0,40487234	0,00000000	0,00000000	0,00000000	0,00000000		0,00000000	1,00000000		0,68532471	0,31467529		0,00000000	0,00000000	1,00000000		
0,37390104	0,62609896	0,00000000	0,00000000		0,52878927	0,47121073	0,00000000		0,63769573	0,36230427		0,74345965	0,25654035		0,00000000	0,22812412	0,77187588	0,00000000	0,00000000	0,00000000	0,00000000		0,00000000	1,00000000		0,63748556	0,36251444		0,00000000	0,00000000	1,00000000		
0,36535668	0,63464332	0,00000000	0,00000000		0,52131647	0,47868353	0,00000000		0,61985252	0,38014748		0,93469194	0,06530806		0,00000000	0,22347851	0,77652149	0,00000000	0,00000000	0,00000000	0,00000000		0,00000000	1,00000000		0,77887682	0,22112318		0,00000000	0,00000000	1,00000000		
0,84384064	0,15615936	0,00000000	0,00000000		0,99210261	0,00789739	0,00000000		0,53828354	0,46171646		1,00000000	0,00000000		0,00000000	0,72055925	0,27944075	0,00000000	0,00000000	0,00000000	0,00000000		0,00000000	1,00000000		0,87030275	0,12969725		0,00000000	0,00000000	1,00000000		
1,00000000	0,00000000	0,00000000	0,00000000		0,93232025	0,06767975	0,00000000		1,00000000	0,00000000		1,00000000	0,00000000		0,71466172	0,28533828	0,00000000	0,00000000	0,00000000	0,00000000	0,00000000		0,24113997	0,75886003		0,91601572	0,08398428		0,00000000	0,00000000	1,00000000		
1,00000000	0,00000000	0,00000000	0,00000000		1,00000000	0,00000000	0,00000000		1,00000000	0,00000000		1,00000000	0,00000000		1,00000000	0,00000000	0,00000000	0,00000000	0,00000000	0,00000000	0,00000000		0,00000000	1,00000000		0,81289577	0,18710423		0,00000000	0,00000000	1,00000000		
1,00000000	0,00000000	0,00000000	0,00000000		1,00000000	0,00000000	0,00000000		1,00000000	0,00000000		1,00000000	0,00000000		1,00000000	0,00000000	0,00000000	0,00000000	0,00000000	0,00000000	0,00000000		1,00000000	0,00000000		0,96491796	0,03508204		0,00000000	0,00000000	1,00000000		
0,72849183	0,27150817	0,00000000	0,00000000		0,88748347	0,11251653	0,00000000		0,52298936	0,47701064		1,00000000	0,00000000		0,00000000	0,72055925	0,27944075	0,00000000	0,00000000	0,00000000	0,00000000		0,26132948	0,73867052		1,00000000	0,00000000		0,00000000	0,00000000	1,00000000		
0,63877609	0,36122391	0,00000000	0,00000000		0,70066357	0,29933643	0,00000000		0,94867745	0,05132255		0,93846626	0,06153374		0,00000000	0,98071366	0,01928634	0,00000000	0,00000000	0,00000000	0,00000000		0,73012971	0,26987029		0,76930899	0,23069101		0,00000000	0,00000000	1,00000000		
1,00000000	0,00000000	0,00000000	0,00000000		1,00000000	0,00000000	0,00000000		1,00000000	0,00000000		1,00000000	0,00000000		1,00000000	0,00000000	0,00000000	0,00000000	0,00000000	0,00000000	0,00000000		0,00000000	1,00000000		0,89900624	0,10099376		0,00000000	0,00000000	1,00000000		
1,00000000	0,00000000	0,00000000	0,00000000		1,00000000	0,00000000	0,00000000		0,93593230	0,06406770		1,00000000	0,00000000		0,36792153	0,63207847	0,00000000	0,00000000	0,00000000	0,00000000	0,00000000		0,00000000	1,00000000		0,77887682	0,22112318		0,00000000	0,00000000	1,00000000		
0,93355639	0,06644361	0,00000000	0,00000000		0,84264670	0,15735330	0,00000000		1,00000000	0,00000000		0,91456223	0,08543777		0,72016553	0,27983447	0,00000000	0,00000000	0,00000000	0,00000000	0,00000000		0,00000000	1,00000000		0,81821123	0,18178877		0,00000000	0,00000000	1,00000000		
0,82675193	0,17324807	0,00000000	0,00000000		0,78286433	0,21713567	0,00000000		1,00000000	0,00000000		0,91078790	0,08921210		0,40644822	0,59355178	0,00000000	0,00000000	0,00000000	0,00000000	0,00000000		0,12605981	0,87394019		0,72253293	0,27746707		0,00000000	0,00000000	1,00000000		
1,00000000	0,00000000	0,00000000	0,00000000		1,00000000	0,00000000	0,00000000		1,00000000	0,00000000		1,00000000	0,00000000		1,00000000	0,00000000	0,00000000	0,00000000	0,00000000	0,00000000	0,00000000		0,70105683	0,29894317		1,00000000	0,00000000		0,00000000	0,00000000	1,00000000		
1,00000000	0,00000000	0,00000000	0,00000000		1,00000000	0,00000000	0,00000000		1,00000000	0,00000000		1,00000000	0,00000000		0,83574559	0,16425441	0,00000000	0,00000000	0,00000000	0,00000000	0,00000000		0,41194316	0,58805684		0,82565288	0,17434712		0,00000000	0,00000000	1,00000000		
1,00000000	0,00000000	0,00000000	0,00000000		1,00000000	0,00000000	0,00000000		1,00000000	0,00000000		1,00000000	0,00000000		1,00000000	0,00000000	0,00000000	0,00000000	0,00000000	0,00000000	0,00000000		0,00000000	1,00000000		0,87242893	0,12757107		0,00000000	0,00000000	1,00000000		
1,00000000	0,00000000	0,00000000	0,00000000		1,00000000	0,00000000	0,00000000		0,68102925	0,31897075		1,00000000	0,00000000		0,31838722	0,68161278	0,00000000	0,00000000	0,00000000	0,00000000	0,00000000		0,69499998	0,30500002		1,00000000	0,00000000		0,00000000	0,00000000	1,00000000		
0,88229025	0,11770975	0,00000000	0,00000000		0,68571798	0,31428202	0,00000000		1,00000000	0,00000000		0,92840140	0,07159860		0,89078372	0,10921628	0,00000000	0,00000000	0,00000000	0,00000000	0,00000000		0,09819830	0,90180170		0,87136584	0,12863416		0,00000000	0,00000000	1,00000000		
1,00000000	0,00000000	0,00000000	0,00000000		0,84264670	0,15735330	0,00000000		1,00000000	0,00000000		0,86549605	0,13450395		1,00000000	0,00000000	0,00000000	0,00000000	0,00000000	0,00000000	0,00000000		0,27869245	0,72130755		0,77568754	0,22431246		0,00000000	0,00000000	1,00000000		
1,00000000	0,00000000	0,00000000	0,00000000		1,00000000	0,00000000	0,00000000		1,00000000	0,00000000		1,00000000	0,00000000		1,00000000	0,00000000	0,00000000	0,00000000	0,00000000	0,00000000	0,00000000		0,00000000	1,00000000		0,77568754	0,22431246		0,00000000	0,00000000	1,00000000		
0,70713094	0,29286906	0,00000000	0,00000000		0,73055476	0,26944524	0,00000000		1,00000000	0,00000000		0,85668929	0,14331071		0,15327284	0,84672716	0,00000000	0,00000000	0,00000000	0,00000000	0,00000000		0,80200434	0,19799566		0,58326785	0,41673215		0,00000000	0,00000000	1,00000000		
0,92928421	0,07071579	0,00000000	0,00000000		0,98462982	0,01537018	0,00000000		0,91808908	0,08191092		0,98375812	0,01624188		0,53303591	0,46696409	0,00000000	0,00000000	0,00000000	0,00000000	0,00000000		0,32189798	0,67810202		0,77781373	0,22218627		0,00000000	0,00000000	1,00000000		
0,91646767	0,08353233	0,00000000	0,00000000		0,92484745	0,07515255	0,00000000		1,00000000	0,00000000		1,00000000	0,00000000		0,32939484	0,67060516	0,00000000	0,00000000	0,00000000	0,00000000	0,00000000		0,03238052	0,96761948		1,00000000	0,00000000		0,00000000	0,00000000	1,00000000		
0,70285876	0,29714124	0,00000000	0,00000000		0,80528272	0,19471728	0,00000000		0,77789241	0,22210759		1,00000000	0,00000000		0,00000000	0,71591364	0,28408636	0,00000000	0,00000000	0,00000000	0,00000000		0,26213706	0,73786294		0,91814190	0,08185810		0,00000000	0,00000000	1,00000000		
1,00000000	0,00000000	0,00000000	0,00000000		1,00000000	0,00000000	0,00000000		0,77789241	0,22210759		1,00000000	0,00000000		0,62109691	0,37890309	0,00000000	0,00000000	0,00000000	0,00000000	0,00000000		0,00000000	1,00000000		1,00000000	0,00000000		0,00000000	0,00000000	1,00000000		
0,89510678	0,10489322	0,00000000	0,00000000		1,00000000	0,00000000	0,00000000		0,17887025	0,82112975		1,00000000	0,00000000		0,00000000	0,84134523	0,15865477	0,00000000	0,00000000	0,00000000	0,00000000		1,00000000	0,00000000		1,00000000	0,00000000		0,00000000	0,00000000	1,00000000		
0,74985272	0,25014728	0,00000000	0,00000000		0,79033712	0,20966288	0,00000000		1,00000000	0,00000000		1,00000000	0,00000000		0,05420421	0,94579579	0,00000000	0,00000000	0,00000000	0,00000000	0,00000000		0,05822309	0,94177691		0,81821123	0,18178877		0,00000000	0,00000000	1,00000000		
0,87374589	0,12625411	0,00000000	0,00000000		0,89495627	0,10504373	0,00000000		1,00000000	0,00000000		0,89946494	0,10053506		0,38443297	0,61556703	0,00000000	0,00000000	0,00000000	0,00000000	0,00000000		0,57749708	0,42250292		0,74592096	0,25407904		0,00000000	0,00000000	1,00000000		
1,00000000	0,00000000	0,00000000	0,00000000		1,00000000	0,00000000	0,00000000		1,00000000	0,00000000		1,00000000	0,00000000		1,00000000	0,00000000	0,00000000	0,00000000	0,00000000	0,00000000	0,00000000		0,29524784	0,70475216		0,96491796	0,03508204		0,00000000	0,00000000	1,00000000		
1,00000000	0,00000000	0,00000000	0,00000000		1,00000000	0,00000000	0,00000000		1,00000000	0,00000000		1,00000000	0,00000000		1,00000000	0,00000000	0,00000000	0,00000000	0,00000000	0,00000000	0,00000000		0,62474051	0,37525949		1,00000000	0,00000000		0,00000000	0,00000000	1,00000000		
1,00000000	0,00000000	0,00000000	0,00000000		1,00000000	0,00000000	0,00000000		1,00000000	0,00000000		1,00000000	0,00000000		1,00000000	0,00000000	0,00000000	0,00000000	0,00000000	0,00000000	0,00000000		0,00000000	1,00000000		0,93196210	0,06803790		0,00000000	0,00000000	1,00000000		
1,00000000	0,00000000	0,00000000	0,00000000		1,00000000	0,00000000	0,00000000		1,00000000	0,00000000		1,00000000	0,00000000		0,34040247	0,65959753	0,00000000	0,00000000	0,00000000	0,00000000	0,00000000		0,00000000	1,00000000		1,00000000	0,00000000		0,00000000	0,00000000	1,00000000		
1,00000000	0,00000000	0,00000000	0,00000000		1,00000000	0,00000000	0,00000000		1,00000000	0,00000000		1,00000000	0,00000000		0,79171509	0,20828491	0,00000000	0,00000000	0,00000000	0,00000000	0,00000000		0,30655396	0,69344604		1,00000000	0,00000000		0,00000000	0,00000000	1,00000000		
1,00000000	0,00000000	0,00000000	0,00000000		1,00000000	0,00000000	0,00000000		1,00000000	0,00000000		1,00000000	0,00000000		0,79171509	0,20828491	0,00000000	0,00000000	0,00000000	0,00000000	0,00000000		0,00000000	1,00000000		1,00000000	0,00000000		0,00000000	0,00000000	1,00000000		
1,00000000	0,00000000	0,00000000	0,00000000		1,00000000	0,00000000	0,00000000		1,00000000	0,00000000		1,00000000	0,00000000		1,00000000	0,00000000	0,00000000	0,00000000	0,00000000	0,00000000	0,00000000		0,00000000	1,00000000		0,90857407	0,09142593		0,00000000	0,00000000	1,00000000		
1,00000000	0,00000000	0,00000000	0,00000000		1,00000000	0,00000000	0,00000000		0,69632343	0,30367657		1,00000000	0,00000000		0,47249397	0,52750603	0,00000000	0,00000000	0,00000000	0,00000000	0,00000000		0,11919538	0,88080462		1,00000000	0,00000000		0,00000000	0,00000000	1,00000000		
1,00000000	0,00000000	0,00000000	0,00000000		1,00000000	0,00000000	0,00000000		1,00000000	0,00000000		1,00000000	0,00000000		1,00000000	0,00000000	0,00000000	0,00000000	0,00000000	0,00000000	0,00000000		0,00000000	1,00000000		1,00000000	0,00000000		0,00000000	0,00000000	1,00000000		
1,00000000	0,00000000	0,00000000	0,00000000		1,00000000	0,00000000	0,00000000		1,00000000	0,00000000		1,00000000	0,00000000		1,00000000	0,00000000	0,00000000	0,00000000	0,00000000	0,00000000	0,00000000		0,14786448	0,85213552		1,00000000	0,00000000		0,00000000	0,00000000	1,00000000		
1,00000000	0,00000000	0,00000000	0,00000000		1,00000000	0,00000000	0,00000000		0,99456000	0,00544000		1,00000000	0,00000000		0,81923416	0,18076584	0,00000000	0,00000000	0,00000000	0,00000000	0,00000000		0,00000000	1,00000000		1,00000000	0,00000000		0,00000000	0,00000000	1,00000000		
0,84811282	0,15188718	0,00000000	0,00000000		0,88001068	0,11998932	0,00000000		1,00000000	0,00000000		0,97495137	0,02504863		0,07621946	0,92378054	0,00000000	0,00000000	0,00000000	0,00000000	0,00000000		1,00000000	0,00000000		0,91601572	0,08398428		0,00000000	0,00000000	1,00000000		
1,00000000	0,00000000	0,00000000	0,00000000		1,00000000	0,00000000	0,00000000		0,77279435	0,22720565		1,00000000	0,00000000		0,72566934	0,27433066	0,00000000	0,00000000	0,00000000	0,00000000	0,00000000		0,04489802	0,95510198		1,00000000	0,00000000		0,00000000	0,00000000	1,00000000		
0,74130837	0,25869163	0,00000000	0,00000000		0,92484745	0,07515255	0,00000000		0,40063590	0,59936410		1,00000000	0,00000000		0,00000000	0,48827853	0,51172147	0,00000000	0,00000000	0,00000000	0,00000000		0,03278431	0,96721569		0,94897157	0,05102843		0,00000000	0,00000000	1,00000000		
0,85665718	0,14334282	0,00000000	0,00000000		0,96221143	0,03778857	0,00000000		0,72436277	0,27563723		1,00000000	0,00000000		0,00000000	0,99000489	0,00999511	0,00000000	0,00000000	0,00000000	0,00000000		0,08527702	0,91472298		0,93727756	0,06272244		0,00000000	0,00000000	1,00000000		
1,00000000	0,00000000	0,00000000	0,00000000		1,00000000	0,00000000	0,00000000		0,73455889	0,26544111		1,00000000	0,00000000		0,31288340	0,68711660	0,00000000	0,00000000	0,00000000	0,00000000	0,00000000		0,00000000	1,00000000		0,96172868	0,03827132		0,00000000	0,00000000	1,00000000		
0,55760470	0,44239530	0,00000000	0,00000000		0,65582680	0,34417320	0,00000000		0,82122592	0,17877408		0,80133258	0,19866742		0,00000000	0,44646800	0,55353200	0,00000000	0,00000000	0,00000000	0,00000000		0,00000000	1,00000000		0,76930899	0,23069101		0,00000000	0,00000000	1,00000000		
1,00000000	0,00000000	0,00000000	0,00000000		0,99957541	0,00042459	0,00000000		1,00000000	0,00000000		0,96740273	0,03259727		1,00000000	0,00000000	0,00000000	0,00000000	0,00000000	0,00000000	0,00000000		0,40629010	0,59370990		0,91176335	0,08823665		0,00000000	0,00000000	1,00000000		
1,00000000	0,00000000	0,00000000	0,00000000		0,89495627	0,10504373	0,00000000		1,00000000	0,00000000		0,90449737	0,09550263		1,00000000	0,00000000	0,00000000	0,00000000	0,00000000	0,00000000	0,00000000		0,06872163	0,93127837		0,73103767	0,26896233		0,00000000	0,00000000	1,00000000		
1,00000000	0,00000000	0,00000000	0,00000000		1,00000000	0,00000000	0,00000000		1,00000000	0,00000000		1,00000000	0,00000000		1,00000000	0,00000000	0,00000000	0,00000000	0,00000000	0,00000000	0,00000000		0,35904667	0,64095333		1,00000000	0,00000000		0,00000000	0,00000000	1,00000000		
1,00000000	0,00000000	0,00000000	0,00000000		1,00000000	0,00000000	0,00000000		0,68612731	0,31387269		1,00000000	0,00000000		0,47249397	0,52750603	0,00000000	0,00000000	0,00000000	0,00000000	0,00000000		0,00000000	1,00000000		1,00000000	0,00000000		0,00000000	0,00000000	1,00000000		
1,00000000	0,00000000	0,00000000	0,00000000		1,00000000	0,00000000	0,00000000		0,54847966	0,45152034		1,00000000	0,00000000		0,65962359	0,34037641	0,00000000	0,00000000	0,00000000	0,00000000	0,00000000		0,03762980	0,96237020		1,00000000	0,00000000		0,00000000	0,00000000	1,00000000		
1,00000000	0,00000000	0,00000000	0,00000000		1,00000000	0,00000000	0,00000000		1,00000000	0,00000000		1,00000000	0,00000000		1,00000000	0,00000000	0,00000000	0,00000000	0,00000000	0,00000000	0,00000000		0,00000000	1,00000000		1,00000000	0,00000000		0,00000000	0,00000000	1,00000000		
1,00000000	0,00000000	0,00000000	0,00000000		1,00000000	0,00000000	0,00000000		0,76514725	0,23485275		1,00000000	0,00000000		0,56605878	0,43394122	0,00000000	0,00000000	0,00000000	0,00000000	0,00000000		0,43738193	0,56261807		1,00000000	0,00000000		0,00000000	0,00000000	1,00000000		
0,99336688	0,00663312	0,00000000	0,00000000		1,00000000	0,00000000	0,00000000		0,17377219	0,82622781		1,00000000	0,00000000		0,00000000	0,78559785	0,21440215	0,00000000	0,00000000	0,00000000	0,00000000		0,59405247	0,40594753		0,96491796	0,03508204		0,00000000	0,00000000	1,00000000		
1,00000000	0,00000000	0,00000000	0,00000000		1,00000000	0,00000000	0,00000000		1,00000000	0,00000000		1,00000000	0,00000000		1,00000000	0,00000000	0,00000000	0,00000000	0,00000000	0,00000000	0,00000000		0,08689218	0,91310782		1,00000000	0,00000000		0,00000000	0,00000000	1,00000000		
0,89083460	0,10916540	0,00000000	0,00000000		1,00000000	0,00000000	0,00000000		0,57142094	0,42857906		1,00000000	0,00000000		0,00000000	0,68339434	0,31660566	0,00000000	0,00000000	0,00000000	0,00000000		0,37802480	0,62197520		1,00000000	0,00000000		0,00000000	0,00000000	1,00000000		
0,59605431	0,40394569	0,00000000	0,00000000		0,88001068	0,11998932	0,00000000		0,00808521	0,99191479		1,00000000	0,00000000		0,00000000	0,00000000	0,98142288	0,01857712	0,00000000	0,00000000	0,00000000		0,07881638	0,92118362		1,00000000	0,00000000		0,00000000	0,00000000	1,00000000		
0,60032648	0,39967352	0,00000000	0,00000000		0,83517390	0,16482610	0,00000000		0,19671346	0,80328654		1,00000000	0,00000000		0,00000000	0,31639079	0,68360921	0,00000000	0,00000000	0,00000000	0,00000000		0,00000000	1,00000000		1,00000000	0,00000000		0,00000000	0,00000000	1,00000000		
0,35254015	0,64745985	0,00000000	0,00000000		0,64835400	0,35164600	0,00000000		0,03612454	0,96387546		1,00000000	0,00000000		0,00000000	0,00000000	0,97188327	0,02811673	0,00000000	0,00000000	0,00000000		0,16078576	0,83921424		1,00000000	0,00000000		0,00000000	0,00000000	1,00000000		
0,67295351	0,32704649	0,00000000	0,00000000		0,73055476	0,26944524	0,00000000		0,97416775	0,02583225		0,90827169	0,09172831		0,00000000	0,98071366	0,01928634	0,00000000	0,00000000	0,00000000	0,00000000		0,71155537	0,28844463		0,85967183	0,14032817		0,00000000	0,00000000	1,00000000		
0,61314302	0,38685698	0,00000000	0,00000000		0,94726584	0,05273416	0,00000000		0,00000000	1,00000000		1,00000000	0,00000000		0,00000000	0,00000000	0,84309862	0,15690138	0,00000000	0,00000000	0,00000000		0,90456701	0,09543299		1,00000000	0,00000000		0,00000000	0,00000000	1,00000000		
0,77548579	0,22451421	0,00000000	0,00000000		0,90242906	0,09757094	0,00000000		0,64789185	0,35210815		1,00000000	0,00000000		0,00000000	0,61835573	0,38164427	0,00000000	0,00000000	0,00000000	0,00000000		0,00000000	1,00000000		1,00000000	0,00000000		0,00000000	0,00000000	1,00000000		
0,65159262	0,34840738	0,00000000	0,00000000		0,99210261	0,00789739	0,00000000		0,00000000	1,00000000		1,00000000	0,00000000		0,00000000	0,00000000	0,93849466	0,06150534	0,00000000	0,00000000	0,00000000		1,00000000	0,00000000		1,00000000	0,00000000		0,00000000	0,00000000	1,00000000		
1,00000000	0,00000000	0,00000000	0,00000000		1,00000000	0,00000000	0,00000000		0,46691069	0,53308931		1,00000000	0,00000000		0,53303591	0,46696409	0,00000000	0,00000000	0,00000000	0,00000000	0,00000000		0,41073179	0,58926821		1,00000000	0,00000000		0,00000000	0,00000000	1,00000000		
0,63877609	0,36122391	0,00000000	0,00000000		0,92484745	0,07515255	0,00000000		0,00000000	1,00000000		1,00000000	0,00000000		0,00000000	0,14450306	0,85549694	0,00000000	0,00000000	0,00000000	0,00000000		0,00000000	1,00000000		1,00000000	0,00000000		0,00000000	0,00000000	1,00000000		
0,77975797	0,22024203	0,00000000	0,00000000		0,88001068	0,11998932	0,00000000		0,75495113	0,24504887		1,00000000	0,00000000		0,00000000	0,75307855	0,24692145	0,00000000	0,00000000	0,00000000	0,00000000		0,46403208	0,53596792		1,00000000	0,00000000		0,00000000	0,00000000	1,00000000		
0,85665718	0,14334282	0,00000000	0,00000000		1,00000000	0,00000000	0,00000000		0,20436055	0,79563945		1,00000000	0,00000000		0,00000000	0,65552065	0,34447935	0,00000000	0,00000000	0,00000000	0,00000000		0,58032361	0,41967639		1,00000000	0,00000000		0,00000000	0,00000000	1,00000000		
1,00000000	0,00000000	0,00000000	0,00000000		1,00000000	0,00000000	0,00000000		0,89769684	0,10230316		1,00000000	0,00000000		0,61559309	0,38440691	0,00000000	0,00000000	0,00000000	0,00000000	0,00000000		0,30009332	0,69990668		1,00000000	0,00000000		0,00000000	0,00000000	1,00000000		
0,42516718	0,57483282	0,00000000	0,00000000		0,73802755	0,26197245	0,00000000		0,00000000	1,00000000		1,00000000	0,00000000		0,00000000	0,00000000	0,47582387	0,52417613	0,00000000	0,00000000	0,00000000		0,00000000	1,00000000		1,00000000	0,00000000		0,00000000	0,00000000	1,00000000		
1,00000000	0,00000000	0,00000000	0,00000000		1,00000000	0,00000000	0,00000000		0,87220653	0,12779347		1,00000000	0,00000000		0,38993678	0,61006322	0,00000000	0,00000000	0,00000000	0,00000000	0,00000000		0,59364868	0,40635132		1,00000000	0,00000000		0,00000000	0,00000000	1,00000000		
0,80966322	0,19033678	0,00000000	0,00000000		0,97715702	0,02284298	0,00000000		0,45671457	0,54328543		1,00000000	0,00000000		0,00000000	0,68803995	0,31196005	0,00000000	0,00000000	0,00000000	0,00000000		0,00000000	1,00000000		1,00000000	0,00000000		0,00000000	0,00000000	1,00000000		

