0,00000000	0,96091512	0,03908488		0,00000000	0,88559196	0,11440804		0,00000000	0,85078699	0,14921301		0,00000000	0,92471397	0,07528603		0,00000000	0,99415086	0,00584914		1,00000000	0,00000000	0,00000000		0,17058389	0,82941611	0,00000000		1,00000000	0,00000000	0,00000000		
0,07548847	0,92451153	0,00000000		0,05800313	0,94199687	0,00000000		0,00000000	0,46925498	0,53074502		0,35518579	0,64481421	0,00000000		0,00000000	0,94695433	0,05304567		1,00000000	0,00000000	0,00000000		0,94534144	0,05465856	0,00000000		1,00000000	0,00000000	0,00000000		
0,26738938	0,73261062	0,00000000		0,41669733	0,58330267	0,00000000		0,00000000	0,00000000	1,00000000		0,91046686	0,08953314	0,00000000		0,00000000	0,93796452	0,06203548		0,75683454	0,24316546	0,00000000		1,00000000	0,00000000	0,00000000		1,00000000	0,00000000	0,00000000		
0,41375449	0,58624551	0,00000000		0,52878927	0,47121073	0,00000000		0,00000000	0,00000000	1,00000000		0,84079281	0,15920719	0,00000000		0,00000000	0,84357147	0,15642853		0,99264496	0,00735504	0,00000000		1,00000000	0,00000000	0,00000000		1,00000000	0,00000000	0,00000000		
0,00000000	0,72837781	0,27162219		0,00000000	0,79638767	0,20361233		0,00000000	0,00000000	1,00000000		0,13560696	0,86439304	0,00000000		0,00000000	0,43228747	0,56771253		1,00000000	0,00000000	0,00000000		0,30264484	0,69735516	0,00000000		1,00000000	0,00000000	0,00000000		
0,23811636	0,76188364	0,00000000		0,32702378	0,67297622	0,00000000		0,00000000	0,00000000	1,00000000		0,70989005	0,29010995	0,00000000		0,00000000	0,99415086	0,00584914		0,88385061	0,11614939	0,00000000		0,94534144	0,05465856	0,00000000		1,00000000	0,00000000	0,00000000		
0,13728707	0,86271293	0,00000000		0,11778550	0,88221450	0,00000000		0,00000000	0,51458552	0,48541448		0,33618378	0,66381622	0,00000000		0,11043702	0,88956298	0,00000000		0,28146215	0,71853785	0,00000000		0,17351858	0,82648142	0,00000000		1,00000000	0,00000000	0,00000000		
0,32593542	0,67406458	0,00000000		0,40922454	0,59077546	0,00000000		0,00000000	0,09150052	0,90849948		0,63810466	0,36189534	0,00000000		0,01621017	0,98378983	0,00000000		0,75629860	0,24370140	0,00000000		0,81621518	0,18378482	0,00000000		1,00000000	0,00000000	0,00000000		
0,00000000	0,59889681	0,40110319		0,00000000	0,51688090	0,48311910		0,00000000	0,71101784	0,28898216		0,00000000	0,38922430	0,61077570		0,00000000	0,65029047	0,34970953		1,00000000	0,00000000	0,00000000		0,00000000	0,22573204	0,77426796		1,00000000	0,00000000	0,00000000		
0,00000000	0,64910373	0,35089627		0,00000000	0,64176690	0,35823310		0,00000000	0,20860441	0,79139559		0,00000000	0,70128552	0,29871448		0,00000000	0,56039232	0,43960768		1,00000000	0,00000000	0,00000000		0,00000000	0,67048088	0,32951912		1,00000000	0,00000000	0,00000000		
0,00000000	0,96091512	0,03908488		0,00000000	0,87964501	0,12035499		0,00000000	0,90367261	0,09632739		0,01737221	0,98262779	0,00000000		0,14768950	0,85231050	0,00000000		0,00000000	0,76701591	0,23298409		0,00000000	0,95362040	0,04637960		1,00000000	0,00000000	0,00000000		
0,35195589	0,64804411	0,00000000		0,36438776	0,63561224	0,00000000		0,00000000	0,52591815	0,47408185		0,60010063	0,39989937	0,00000000		0,23753371	0,76246629	0,00000000		1,00000000	0,00000000	0,00000000		0,81328050	0,18671950	0,00000000		1,00000000	0,00000000	0,00000000		
0,39749170	0,60250830	0,00000000		0,46900690	0,53099310	0,00000000		0,00000000	0,20860441	0,79139559		0,59798930	0,40201070	0,00000000		0,24191635	0,75808365	0,00000000		0,06708904	0,93291096	0,00000000		1,00000000	0,00000000	0,00000000		1,00000000	0,00000000	0,00000000		
0,43326983	0,56673017	0,00000000		0,43911572	0,56088428	0,00000000		0,00000000	0,66568730	0,33431270		0,51353590	0,48646410	0,00000000		0,33614321	0,66385679	0,00000000		0,52263191	0,47736809	0,00000000		1,00000000	0,00000000	0,00000000		1,00000000	0,00000000	0,00000000		
0,44628006	0,55371994	0,00000000		0,44658852	0,55341148	0,00000000		0,00000000	0,72235047	0,27764953		0,50720190	0,49279810	0,00000000		0,42817874	0,57182126	0,00000000		0,63196220	0,36803780	0,00000000		1,00000000	0,00000000	0,00000000		1,00000000	0,00000000	0,00000000		
0,16981265	0,83018735	0,00000000		0,27471421	0,72528579	0,00000000		0,00000000	0,00000000	1,00000000		0,78378677	0,21621323	0,00000000		0,00000000	0,94695433	0,05304567		0,00000000	0,96017198	0,03982802		1,00000000	0,00000000	0,00000000		1,00000000	0,00000000	0,00000000		
0,36496612	0,63503388	0,00000000		0,61099002	0,38900998	0,00000000		0,00000000	0,00000000	1,00000000		1,00000000	0,00000000	0,00000000		0,00000000	0,83458166	0,16541834		0,00000000	0,39419231	0,60580769		1,00000000	0,00000000	0,00000000		1,00000000	0,00000000	0,00000000		
0,00000000	0,84728893	0,15271107		0,00000000	0,93911453	0,06088547		0,00000000	0,00000000	1,00000000		0,41219183	0,58780817	0,00000000		0,00000000	0,54016524	0,45983476		1,00000000	0,00000000	0,00000000		0,68121955	0,31878045	0,00000000		1,00000000	0,00000000	0,00000000		
0,13403451	0,86596549	0,00000000		0,32702378	0,67297622	0,00000000		0,00000000	0,00000000	1,00000000		1,00000000	0,00000000	0,00000000		0,00000000	0,64804301	0,35195699		1,00000000	0,00000000	0,00000000		1,00000000	0,00000000	0,00000000		1,00000000	0,00000000	0,00000000		
0,77804097	0,22195903	0,00000000		0,80528272	0,19471728	0,00000000		0,00000000	0,94144806	0,05855194		1,00000000	0,00000000	0,00000000		0,57061468	0,42938532	0,00000000		0,00492084	0,99507916	0,00000000		1,00000000	0,00000000	0,00000000		1,00000000	0,00000000	0,00000000		
0,30967263	0,69032737	0,00000000		0,18504066	0,81495934	0,00000000		0,25653017	0,74346983	0,00000000		0,13560696	0,86439304	0,00000000		0,39530891	0,60469109	0,00000000		0,55693161	0,44306839	0,00000000		0,29971015	0,70028985	0,00000000		1,00000000	0,00000000	0,00000000		
0,32593542	0,67406458	0,00000000		0,28965980	0,71034020	0,00000000		0,00000000	0,80545645	0,19454355		0,42697118	0,57302882	0,00000000		0,30984734	0,69015266	0,00000000		0,76272980	0,23727020	0,00000000		0,17351858	0,82648142	0,00000000		1,00000000	0,00000000	0,00000000		
0,00000000	0,79708202	0,20291798		0,00000000	0,84991024	0,15008976		0,00000000	0,00000000	1,00000000		0,22006036	0,77993964	0,00000000		0,00000000	0,55589742	0,44410258		1,00000000	0,00000000	0,00000000		0,54915860	0,45084140	0,00000000		1,00000000	0,00000000	0,00000000		
0,98620467	0,01379533	0,00000000		1,00000000	0,00000000	0,00000000		0,01927683	0,98072317	0,00000000		1,00000000	0,00000000	0,00000000		0,81823409	0,18176591	0,00000000		1,00000000	0,00000000	0,00000000		0,93066800	0,06933200	0,00000000		1,00000000	0,00000000	0,00000000		
0,03320522	0,96679478	0,00000000		0,00000000	0,93316758	0,06683242		0,04003650	0,95996350	0,00000000		0,00000000	0,87670455	0,12329545		0,14111553	0,85888447	0,00000000		1,00000000	0,00000000	0,00000000		0,81328050	0,18671950	0,00000000		1,00000000	0,00000000	0,00000000		
0,00000000	0,71516546	0,28483454		0,00000000	0,69528948	0,30471052		0,00000000	0,32570829	0,67429171		0,00000000	0,79545784	0,20454216		0,00000000	0,74917842	0,25082158		1,00000000	0,00000000	0,00000000		0,00000000	0,96267052	0,03732948		1,00000000	0,00000000	0,00000000		
0,68046423	0,31953577	0,00000000		0,66329960	0,33670040	0,00000000		0,08748717	0,91251283	0,00000000		0,69088803	0,30911197	0,00000000		0,62101509	0,37898491	0,00000000		0,39561584	0,60438416	0,00000000		1,00000000	0,00000000	0,00000000		1,00000000	0,00000000	0,00000000		
0,77153585	0,22846415	0,00000000		0,73055476	0,26944524	0,00000000		0,31584350	0,68415650	0,00000000		0,69088803	0,30911197	0,00000000		0,77440765	0,22559235	0,00000000		0,86134143	0,13865857	0,00000000		1,00000000	0,00000000	0,00000000		1,00000000	0,00000000	0,00000000		
0,32593542	0,67406458	0,00000000		0,34944217	0,65055783	0,00000000		0,00000000	0,43525708	0,56474292		0,38263314	0,61736686	0,00000000		0,19370726	0,80629274	0,00000000		0,72735823	0,27264177	0,00000000		0,70469705	0,29530295	0,00000000		1,00000000	0,00000000	0,00000000		
0,54060424	0,45939576	0,00000000		0,46900690	0,53099310	0,00000000		0,19721684	0,80278316	0,00000000		0,43541651	0,56458349	0,00000000		0,53555353	0,46444647	0,00000000		0,31093846	0,68906154	0,00000000		0,53155048	0,46844952	0,00000000		1,00000000	0,00000000	0,00000000		
0,63492842	0,36507158	0,00000000		0,61846282	0,38153718	0,00000000		0,02520817	0,97479183	0,00000000		0,56631928	0,43368072	0,00000000		0,73277253	0,26722747	0,00000000		1,00000000	0,00000000	0,00000000		0,65187267	0,34812733	0,00000000		1,00000000	0,00000000	0,00000000		
0,00000000	0,90013832	0,09986168		0,00000000	0,82612243	0,17387757		0,00000000	0,79790136	0,20209864		0,00000000	0,93579307	0,06420693		0,00000000	0,86155110	0,13844890		0,37471446	0,62528554	0,00000000		0,14710639	0,85289361	0,00000000		1,00000000	0,00000000	0,00000000		
0,33244054	0,66755946	0,00000000		0,17756786	0,82243214	0,00000000		0,41964184	0,58035816	0,00000000		0,01103821	0,98896179	0,00000000		0,27040354	0,72959646	0,00000000		0,10246060	0,89753940	0,00000000		0,00000000	0,97301352	0,02698648		1,00000000	0,00000000	0,00000000		
0,38122891	0,61877109	0,00000000		0,35691496	0,64308504	0,00000000		0,00000000	0,78279119	0,21720881		0,28973441	0,71026559	0,00000000		0,34929114	0,65070886	0,00000000		1,00000000	0,00000000	0,00000000		0,78099893	0,21900107	0,00000000		1,00000000	0,00000000	0,00000000		
0,02019499	0,97980501	0,00000000		0,00000000	0,98074320	0,01925680		0,00000000	0,59013641	0,40986359		0,02159488	0,97840512	0,00000000		0,00000000	0,95819160	0,04180840		1,00000000	0,00000000	0,00000000		0,00000000	0,89414817	0,10585183		1,00000000	0,00000000	0,00000000		
0,00000000	0,73366275	0,26633725		0,00000000	0,79044072	0,20955928		0,00000000	0,00000000	1,00000000		0,02792889	0,97207111	0,00000000		0,00000000	0,60534140	0,39465860		0,98674970	0,01325030	0,00000000		0,00000000	0,78683959	0,21316041		1,00000000	0,00000000	0,00000000		
0,00000000	0,71252299	0,28747701		0,00000000	0,62987300	0,37012700		0,00000000	0,76012592	0,23987408		0,00000000	0,80838346	0,19161654		0,00000000	0,65253792	0,34746208		0,69037887	0,30962113	0,00000000		0,00000000	0,67823812	0,32176188		1,00000000	0,00000000	0,00000000		
0,00000000	0,47998569	0,52001431		0,00000000	0,56445652	0,43554348		0,00000000	0,00000000	1,00000000		0,00000000	0,79730436	0,20269564		0,00000000	0,16034559	0,83965441		0,61909981	0,38090019	0,00000000		0,00000000	0,73383173	0,26616827		1,00000000	0,00000000	0,00000000		
0,10150893	0,89849107	0,00000000		0,09536711	0,90463289	0,00000000		0,00000000	0,42392445	0,57607555		0,13982963	0,86017037	0,00000000		0,04688868	0,95311132	0,00000000		0,53549429	0,46450571	0,00000000		0,00000000	0,96008477	0,03991523		1,00000000	0,00000000	0,00000000		
0,27064194	0,72935806	0,00000000		0,35691496	0,64308504	0,00000000		0,00000000	0,00000000	1,00000000		0,68666536	0,31333464	0,00000000		0,02497545	0,97502455	0,00000000		0,00000000	0,00000000	1,00000000		0,81328050	0,18671950	0,00000000		1,00000000	0,00000000	0,00000000		
0,51133122	0,48866878	0,00000000		0,59604443	0,40395557	0,00000000		0,00000000	0,24260231	0,75739769		0,79012077	0,20987923	0,00000000		0,33614321	0,66385679	0,00000000		0,81685901	0,18314099	0,00000000		0,29384077	0,70615923	0,00000000		1,00000000	0,00000000	0,00000000		
0,52434145	0,47565855	0,00000000		0,59604443	0,40395557	0,00000000		0,00000000	0,31437566	0,68562434		0,78378677	0,21621323	0,00000000		0,33176056	0,66823944	0,00000000		0,99800429	0,00199571	0,00000000		0,29971015	0,70028985	0,00000000		1,00000000	0,00000000	0,00000000		
0,63492842	0,36507158	0,00000000		0,82022831	0,17977169	0,00000000		0,00000000	0,00000000	1,00000000		1,00000000	0,00000000	0,00000000		0,23753371	0,76246629	0,00000000		0,88438654	0,11561346	0,00000000		1,00000000	0,00000000	0,00000000		1,00000000	0,00000000	0,00000000		
0,00000000	0,89749585	0,10250415		0,00000000	0,87369805	0,12630195		0,00000000	0,43525708	0,56474292		0,00000000	0,71421113	0,28578887		0,00000000	0,80536476	0,19463524		0,00000000	0,67637283	0,32362717		0,00000000	0,67694525	0,32305475		1,00000000	0,00000000	0,00000000		
0,00067964	0,99932036	0,00000000		0,08042152	0,91957848	0,00000000		0,00000000	0,00000000	1,00000000		0,30240242	0,69759758	0,00000000		0,00000000	0,65703283	0,34296717		0,52691937	0,47308063	0,00000000		0,28797140	0,71202860	0,00000000		1,00000000	0,00000000	0,00000000		
0,42676472	0,57323528	0,00000000		0,45406131	0,54593869	0,00000000		0,00000000	0,53347324	0,46652676		0,73100340	0,26899660	0,00000000		0,33833453	0,66166547	0,00000000		1,00000000	0,00000000	0,00000000		0,93066800	0,06933200	0,00000000		1,00000000	0,00000000	0,00000000		
0,00000000	0,93449042	0,06550958		0,00000000	0,93316758	0,06683242		0,00000000	0,28037775	0,71962225		0,04481956	0,95518044	0,00000000		0,00000000	0,81210712	0,18789288		1,00000000	0,00000000	0,00000000		0,42883641	0,57116359	0,00000000		1,00000000	0,00000000	0,00000000		
0,03971033	0,96028967	0,00000000		0,06547593	0,93452407	0,00000000		0,00000000	0,19727177	0,80272823		0,32140443	0,67859557	0,00000000		0,00000000	0,84806638	0,15193362		0,61802794	0,38197206	0,00000000		0,30264484	0,69735516	0,00000000		1,00000000	0,00000000	0,00000000		
0,10476149	0,89523851	0,00000000		0,09536711	0,90463289	0,00000000		0,00000000	0,43903463	0,56096537		0,37418780	0,62581220	0,00000000		0,04031471	0,95968529	0,00000000		0,75415487	0,24584513	0,00000000		0,49046485	0,50953515	0,00000000		1,00000000	0,00000000	0,00000000		
0,08199359	0,91800641	0,00000000		0,00000000	0,98669015	0,01330985		0,00000000	0,97922350	0,02077650		0,09338027	0,90661973	0,00000000		0,11262834	0,88737166	0,00000000		1,00000000	0,00000000	0,00000000		0,00000000	0,90578404	0,09421596		1,00000000	0,00000000	0,00000000		
0,22185357	0,77814643	0,00000000		0,18504066	0,81495934	0,00000000		0,00000000	0,69590766	0,30409234		0,28973441	0,71026559	0,00000000		0,08194983	0,91805017	0,00000000		0,07298430	0,92701570	0,00000000		0,39362015	0,60637985	0,00000000		1,00000000	0,00000000	0,00000000		
0,00000000	0,82350671	0,17649329		0,00000000	0,84396329	0,15603671		0,00000000	0,04616999	0,95383001		0,10182561	0,89817439	0,00000000		0,00000000	0,71996153	0,28003847		0,00000000	0,20049669	0,79950331		0,41709766	0,58290234	0,00000000		1,00000000	0,00000000	0,00000000		
0,20233823	0,79766177	0,00000000		0,02811195	0,97188805	0,00000000		0,39295084	0,60704916	0,00000000		0,01526088	0,98473912	0,00000000		0,43037006	0,56962994	0,00000000		0,00000000	0,99740039	0,00259961		0,00000000	0,84760469	0,15239531		1,00000000	0,00000000	0,00000000		
0,25437915	0,74562085	0,00000000		0,27471421	0,72528579	0,00000000		0,00000000	0,39370409	0,60629591		0,46075253	0,53924747	0,00000000		0,24191635	0,75808365	0,00000000		0,41973281	0,58026719	0,00000000		0,15884514	0,84115486	0,00000000		1,00000000	0,00000000	0,00000000		
0,19258055	0,80741945	0,00000000		0,03558474	0,96441526	0,00000000		0,33660317	0,66339683	0,00000000		0,00000000	0,96533733	0,03466267		0,43037006	0,56962994	0,00000000		1,00000000	0,00000000	0,00000000		0,00000000	0,72995311	0,27004689		1,00000000	0,00000000	0,00000000		
0,02670010	0,97329990	0,00000000		0,00000000	0,92722063	0,07277937		0,03707083	0,96292917	0,00000000		0,04270823	0,95729177	0,00000000		0,21342916	0,78657084	0,00000000		1,00000000	0,00000000	0,00000000		0,00000000	0,79201108	0,20798892		1,00000000	0,00000000	0,00000000		
0,21209590	0,78790410	0,00000000		0,22240464	0,77759536	0,00000000		0,00000000	0,44281217	0,55718783		0,70566738	0,29433262	0,00000000		0,00000000	0,84806638	0,15193362		0,70163346	0,29836654	0,00000000		0,68708892	0,31291108	0,00000000		1,00000000	0,00000000	0,00000000		
0,06247824	0,93752176	0,00000000		0,16262227	0,83737773	0,00000000		0,00000000	0,00000000	1,00000000		0,71411272	0,28588728	0,00000000		0,00000000	0,76940550	0,23059450		1,00000000	0,00000000	0,00000000		0,55796267	0,44203733	0,00000000		1,00000000	0,00000000	0,00000000		
0,00000000	0,92920548	0,07079452		0,00000000	0,92722063	0,07277937		0,00000000	0,29548793	0,70451207		0,12716162	0,87283838	0,00000000		0,00000000	0,75367333	0,24632667		1,00000000	0,00000000	0,00000000		0,16471451	0,83528549	0,00000000		1,00000000	0,00000000	0,00000000		
0,97644699	0,02355301	0,00000000		0,88001068	0,11998932	0,00000000		0,82593818	0,17406182	0,00000000		1,00000000	0,00000000	0,00000000		0,60786716	0,39213284	0,00000000		1,00000000	0,00000000	0,00000000		1,00000000	0,00000000	0,00000000		1,00000000	0,00000000	0,00000000		
1,00000000	0,00000000	0,00000000		1,00000000	0,00000000	0,00000000		0,00000000	0,95278069	0,04721931		1,00000000	0,00000000	0,00000000		1,00000000	0,00000000	0,00000000		0,75629860	0,24370140	0,00000000		1,00000000	0,00000000	0,00000000		1,00000000	0,00000000	0,00000000		
1,00000000	0,00000000	0,00000000		1,00000000	0,00000000	0,00000000		0,00000000	0,35970619	0,64029381		1,00000000	0,00000000	0,00000000		0,94313946	0,05686054	0,00000000		0,98728563	0,01271437	0,00000000		1,00000000	0,00000000	0,00000000		1,00000000	0,00000000	0,00000000		
0,89513305	0,10486695	0,00000000		1,00000000	0,00000000	0,00000000		0,00000000	0,04616999	0,95383001		1,00000000	0,00000000	0,00000000		0,58595394	0,41404606	0,00000000		0,47761355	0,52238645	0,00000000		1,00000000	0,00000000	0,00000000		1,00000000	0,00000000	0,00000000		
0,61541307	0,38458693	0,00000000		0,60351723	0,39648277	0,00000000		0,00000000	0,96411333	0,03588667		0,69088803	0,30911197	0,00000000		0,52459692	0,47540308	0,00000000		0,00000000	0,97527916	0,02472084		0,55796267	0,44203733	0,00000000		1,00000000	0,00000000	0,00000000		
0,75852562	0,24147438	0,00000000		0,80528272	0,19471728	0,00000000		0,00000000	0,82812172	0,17187828		0,97169557	0,02830443	0,00000000		0,62101509	0,37898491	0,00000000		1,00000000	0,00000000	0,00000000		1,00000000	0,00000000	0,00000000		1,00000000	0,00000000	0,00000000		
0,72600004	0,27399996	0,00000000		0,85759229	0,14240771	0,00000000		0,00000000	0,21238195	0,78761805		1,00000000	0,00000000	0,00000000		0,41722213	0,58277787	0,00000000		0,94280321	0,05719679	0,00000000		1,00000000	0,00000000	0,00000000		1,00000000	0,00000000	0,00000000		
0,25112659	0,74887341	0,00000000		0,20745905	0,79254095	0,00000000		0,00000000	0,79034627	0,20965373		0,19472434	0,80527566	0,00000000		0,26163825	0,73836175	0,00000000		1,00000000	0,00000000	0,00000000		0,37601203	0,62398797	0,00000000		1,00000000	0,00000000	0,00000000		
0,35846100	0,64153900	0,00000000		0,26724141	0,73275859	0,00000000		0,13493784	0,86506216	0,00000000		0,23906237	0,76093763	0,00000000		0,33176056	0,66823944	0,00000000		1,00000000	0,00000000	0,00000000		0,42883641	0,57116359	0,00000000		1,00000000	0,00000000	0,00000000		
0,24136892	0,75863108	0,00000000		0,19251346	0,80748654	0,00000000		0,00000000	0,79034627	0,20965373		0,32351577	0,67648423	0,00000000		0,34271717	0,65728283	0,00000000		1,00000000	0,00000000	0,00000000		0,00000000	0,97172065	0,02827935		1,00000000	0,00000000	0,00000000		
0,77478841	0,22521159	0,00000000		0,67077239	0,32922761	0,00000000		0,63020417	0,36979583	0,00000000		0,65499534	0,34500466	0,00000000		0,93656549	0,06343451	0,00000000		0,30986659	0,69013341	0,00000000		0,61959111	0,38040889	0,00000000		1,00000000	0,00000000	0,00000000		
0,00000000	0,33464987	0,66535013		0,00000000	0,20763936	0,79236064		0,00000000	0,99055614	0,00944386		0,00000000	0,13440507	0,86559493		0,00000000	0,43453493	0,56546507		0,01885509	0,98114491	0,00000000		0,00000000	0,00000000	1,00000000		0,00000000	1,00000000	0,00000000		
0,00000000	0,54340495	0,45659505		0,00000000	0,39199489	0,60800511		0,14086917	0,85913083	0,00000000		0,00000000	0,49078268	0,50921732		0,00000000	0,60758885	0,39241115		0,00000000	0,69579635	0,30420365		0,00000000	0,22573204	0,77426796		0,00000000	1,00000000	0,00000000		
0,00000000	0,43242124	0,56757876		0,00000000	0,35631318	0,64368682		0,00000000	0,65057712	0,34942288		0,00000000	0,52771301	0,47228699		0,00000000	0,36036896	0,63963104		0,00000000	0,76917407	0,23082593		0,00000000	0,33691925	0,66308075		0,00000000	1,00000000	0,00000000		
0,00000000	0,00000000	1,00000000		0,00000000	0,04112469	0,95887531		0,00000000	0,00000000	1,00000000		0,00000000	0,20272617	0,79727383		0,00000000	0,00000000	1,00000000		0,62981846	0,37018154	0,00000000		0,00000000	0,00000000	1,00000000		0,00000000	1,00000000	0,00000000		
0,00000000	0,54868989	0,45131011		0,00000000	0,48714613	0,51285387		0,00000000	0,56369360	0,43630640		0,00000000	0,45569888	0,54430112		0,00000000	0,60309394	0,39690606		0,05744225	0,94255775	0,00000000		0,00000000	0,27227552	0,72772448		0,00000000	1,00000000	0,00000000		
0,00000000	0,56190224	0,43809776		0,00000000	0,42172966	0,57827034		0,09638417	0,90361583	0,00000000		0,00000000	0,62188533	0,37811467		0,00000000	0,71097171	0,28902829		0,00000000	0,56360853	0,43639147		0,00000000	0,33174775	0,66825225		0,00000000	1,00000000	0,00000000		
0,00000000	0,41656642	0,58343358		0,00000000	0,24926803	0,75073197		0,21204517	0,78795483	0,00000000		0,00000000	0,36891262	0,63108738		0,00000000	0,78963259	0,21036741		0,15391015	0,84608985	0,00000000		0,00000000	0,16755268	0,83244732		0,00000000	1,00000000	0,00000000		
0,00000000	0,00000000	1,00000000		0,00000000	0,00000000	1,00000000		0,00000000	0,65057712	0,34942288		0,00000000	0,00000000	1,00000000		0,00000000	0,00000000	1,00000000		0,00000000	0,81665378	0,18334622		0,00000000	0,00000000	1,00000000		0,00000000	1,00000000	0,00000000		
0,00000000	0,00000000	1,00000000		0,00000000	0,00000000	1,00000000		0,00000000	0,69968520	0,30031480		0,00000000	0,00000000	1,00000000		0,00000000	0,25923355	0,74076645		0,00000000	0,48591447	0,51408553		0,00000000	0,00000000	1,00000000		0,00000000	1,00000000	0,00000000		
0,00000000	0,46941581	0,53058419		0,00000000	0,46335832	0,53664168		0,00000000	0,16327387	0,83672613		0,00000000	0,76406707	0,23593293		0,00000000	0,42329766	0,57670234		0,67162122	0,32837878	0,00000000		0,00000000	0,39509860	0,60490140		0,00000000	1,00000000	0,00000000		
0,00000000	0,62532151	0,37467849		0,00000000	0,58824433	0,41175567		0,00000000	0,42392445	0,57607555		0,00000000	0,71790417	0,28209583		0,00000000	0,64579556	0,35420444		0,00000000	0,23340876	0,76659124		0,00000000	0,22185341	0,77814659		0,00000000	1,00000000	0,00000000		
0,00000000	0,04662071	0,95337929		0,00000000	0,08275336	0,91724664		0,00000000	0,00000000	1,00000000		0,00000000	0,47601055	0,52398945		0,00000000	0,00000000	1,00000000		0,00000000	0,34563352	0,65436648		0,00000000	0,22314629	0,77685371		0,00000000	1,00000000	0,00000000		
0,00000000	0,00000000	1,00000000		0,00000000	0,00000000	1,00000000		0,00000000	0,15571878	0,84428122		0,00000000	0,00000000	1,00000000		0,00000000	0,00000000	1,00000000		0,00000000	0,42710438	0,57289562		0,00000000	0,00000000	1,00000000		0,00000000	1,00000000	0,00000000		
0,00000000	0,00000000	1,00000000		0,00000000	0,00000000	1,00000000		0,00000000	0,59013641	0,40986359		0,00000000	0,00000000	1,00000000		0,00000000	0,00000000	1,00000000		1,00000000	0,00000000	0,00000000		0,00000000	0,00000000	1,00000000		0,00000000	1,00000000	0,00000000		
0,00000000	0,00000000	1,00000000		0,00000000	0,00000000	1,00000000		0,00000000	0,58635887	0,41364113		0,00000000	0,00000000	1,00000000		0,00000000	0,00000000	1,00000000		0,61588421	0,38411579	0,00000000		0,00000000	0,00000000	1,00000000		0,00000000	1,00000000	0,00000000		
0,00000000	0,16553183	0,83446817		0,00000000	0,14222288	0,85777712		0,00000000	0,24637985	0,75362015		0,00000000	0,16764236	0,83235764		0,00000000	0,23226411	0,76773589		0,89403333	0,10596667	0,00000000		0,00000000	0,00000000	1,00000000		0,00000000	1,00000000	0,00000000		
0,00000000	0,00434120	0,99565880		0,00000000	0,04112469	0,95887531		0,00000000	0,00000000	1,00000000		0,00000000	0,33198229	0,66801771		0,00000000	0,00000000	1,00000000		1,00000000	0,00000000	0,00000000		0,00000000	0,00000000	1,00000000		0,00000000	1,00000000	0,00000000		
0,00000000	0,00000000	1,00000000		0,00000000	0,00000000	1,00000000		0,23873617	0,76126383	0,00000000		0,00000000	0,00000000	1,00000000		0,00000000	0,18956249	0,81043751		0,22518921	0,77481079	0,00000000		0,00000000	0,00000000	1,00000000		0,00000000	1,00000000	0,00000000		
0,00000000	0,00000000	1,00000000		0,00000000	0,00000000	1,00000000		0,00000000	0,00000000	1,00000000		0,00000000	0,00000000	1,00000000		0,00000000	0,00000000	1,00000000		0,00000000	0,09960231	0,90039769		0,00000000	0,00000000	1,00000000		0,00000000	1,00000000	0,00000000		
0,00000000	0,00000000	1,00000000		0,00000000	0,00000000	1,00000000		0,00000000	0,00000000	1,00000000		0,00000000	0,00000000	1,00000000		0,00000000	0,00000000	1,00000000		0,00000000	0,51181249	0,48818751		0,00000000	0,00000000	1,00000000		0,00000000	1,00000000	0,00000000		
0,00000000	0,00000000	1,00000000		0,00000000	0,00000000	1,00000000		0,00000000	0,71479538	0,28520462		0,00000000	0,00000000	1,00000000		0,00000000	0,00000000	1,00000000		1,00000000	0,00000000	0,00000000		0,00000000	0,00000000	1,00000000		0,00000000	1,00000000	0,00000000		
0,00000000	0,03605083	0,96394917		0,00000000	0,07680640	0,92319360		0,00000000	0,00000000	1,00000000		0,00000000	0,16948888	0,83051112		0,00000000	0,00000000	1,00000000		0,53120683	0,46879317	0,00000000		0,00000000	0,00000000	1,00000000		0,00000000	1,00000000	0,00000000		
0,00000000	0,02283849	0,97716151		0,00000000	0,02328383	0,97671617		0,00000000	0,11038825	0,88961175		0,00000000	0,00000000	1,00000000		0,00000000	0,13787106	0,86212894		0,46850270	0,53149730	0,00000000		0,00000000	0,00000000	1,00000000		0,00000000	1,00000000	0,00000000		
0,00000000	0,08097281	0,91902719		0,00000000	0,16601069	0,83398931		0,00000000	0,00000000	1,00000000		0,00000000	0,41876855	0,58123145		0,00000000	0,00000000	1,00000000		0,00000000	0,00000000	1,00000000		0,00000000	0,22573204	0,77426796		0,00000000	1,00000000	0,00000000		
0,00000000	0,14174961	0,85825039		0,00000000	0,00000000	1,00000000		0,64799817	0,35200183	0,00000000		0,00000000	0,00000000	1,00000000		0,00000000	0,60534140	0,39465860		0,00000000	0,55659448	0,44340552		0,00000000	0,00000000	1,00000000		0,00000000	1,00000000	0,00000000		
0,00000000	0,53547755	0,46452245		0,00000000	0,40388880	0,59611120		0,06672750	0,93327250	0,00000000		0,00000000	0,23042391	0,76957609		0,00000000	0,65478537	0,34521463		0,22250955	0,77749045	0,00000000		0,00000000	0,10937333	0,89062667		0,00000000	1,00000000	0,00000000		
0,00000000	0,00000000	1,00000000		0,00000000	0,00000000	1,00000000		0,00000000	0,45414481	0,54585519		0,00000000	0,00000000	1,00000000		0,00000000	0,00000000	1,00000000		0,33987883	0,66012117	0,00000000		0,00000000	0,00000000	1,00000000		0,00000000	1,00000000	0,00000000		
0,00000000	0,00000000	1,00000000		0,00000000	0,00000000	1,00000000		0,00000000	0,93767051	0,06232949		0,00000000	0,00000000	1,00000000		0,00000000	0,45476201	0,54523799		1,00000000	0,00000000	0,00000000		0,00000000	0,00000000	1,00000000		0,00000000	1,00000000	0,00000000		
0,00000000	0,19195653	0,80804347		0,00000000	0,04112469	0,95887531		0,09934983	0,90065017	0,00000000		0,00000000	0,00000000	1,00000000		0,00000000	0,54466015	0,45533985		0,67430089	0,32569911	0,00000000		0,00000000	0,00000000	1,00000000		0,00000000	1,00000000	0,00000000		
0,00000000	0,04662071	0,95337929		0,00000000	0,00000000	1,00000000		0,00000000	0,47303253	0,52696747		0,00000000	0,08270262	0,91729738		0,00000000	0,15809814	0,84190186		1,00000000	0,00000000	0,00000000		0,00000000	0,00000000	1,00000000		0,00000000	1,00000000	0,00000000		
0,00000000	0,65703114	0,34296886		0,00000000	0,64176690	0,35823310		0,00000000	0,26149003	0,73850997		0,00892687	0,99107313	0,00000000		0,00000000	0,51544325	0,48455675		0,00000000	0,94290663	0,05709337		0,00000000	0,56058654	0,43941346		0,00000000	1,00000000	0,00000000		
0,00000000	0,23952097	0,76047903		0,00000000	0,27900279	0,72099721		0,00000000	0,00000000	1,00000000		0,00000000	0,69020642	0,30979358		0,00000000	0,13562361	0,86437639		1,00000000	0,00000000	0,00000000		0,00000000	0,27744702	0,72255298		0,00000000	1,00000000	0,00000000		
0,00000000	0,00000000	1,00000000		0,00000000	0,00000000	1,00000000		0,00000000	0,00000000	1,00000000		0,00000000	0,27843333	0,72156667		0,00000000	0,00000000	1,00000000		0,00000000	0,89380830	0,10619170		0,00000000	0,05507260	0,94492740		0,00000000	1,00000000	0,00000000		
0,00000000	0,00000000	1,00000000		0,00000000	0,00000000	1,00000000		0,00000000	0,82434418	0,17565582		0,00000000	0,00000000	1,00000000		0,00000000	0,16484050	0,83515950		0,40419076	0,59580924	0,00000000		0,00000000	0,00000000	1,00000000		0,00000000	1,00000000	0,00000000		
0,00000000	0,00000000	1,00000000		0,00000000	0,00000000	1,00000000		0,00000000	0,40125918	0,59874082		0,00000000	0,02915365	0,97084635		0,00000000	0,00000000	1,00000000		0,39829550	0,60170450	0,00000000		0,00000000	0,00000000	1,00000000		0,00000000	1,00000000	0,00000000		
0,00000000	0,01755355	0,98244645		0,00000000	0,02328383	0,97671617		0,00000000	0,06883526	0,93116474		0,00000000	0,41876855	0,58123145		0,00000000	0,00000000	1,00000000		0,83508072	0,16491928	0,00000000		0,00000000	0,22314629	0,77685371		0,00000000	1,00000000	0,00000000		
0,00000000	0,01226861	0,98773139		0,00000000	0,09464726	0,90535274		0,00000000	0,00000000	1,00000000		0,00000000	0,20641920	0,79358080		0,00000000	0,00000000	1,00000000		0,67966021	0,32033979	0,00000000		0,00000000	0,00000000	1,00000000		0,00000000	1,00000000	0,00000000		
0,00000000	0,33464987	0,66535013		0,00000000	0,27900279	0,72099721		0,00000000	0,51080797	0,48919203		0,00000000	0,42615462	0,57384538		0,00000000	0,40756548	0,59243452		0,19517698	0,80482302	0,00000000		0,00000000	0,15850256	0,84149744		0,00000000	1,00000000	0,00000000		
0,00000000	0,00000000	1,00000000		0,00000000	0,00000000	1,00000000		0,00000000	0,69213012	0,30786988		0,00000000	0,00000000	1,00000000		0,00000000	0,00000000	1,00000000		0,46046370	0,53953630	0,00000000		0,00000000	0,00000000	1,00000000		0,00000000	1,00000000	0,00000000		
0,00000000	0,09154269	0,90845731		0,00000000	0,06491250	0,93508750		0,00000000	0,26526758	0,73473242		0,00000000	0,20457268	0,79542732		0,00000000	0,18057268	0,81942732		1,00000000	0,00000000	0,00000000		0,00000000	0,20375317	0,79624683		0,00000000	1,00000000	0,00000000		
0,00000000	0,11796738	0,88203262		0,00000000	0,12438203	0,87561797		0,00000000	0,05372508	0,94627492		0,00000000	0,28951242	0,71048758		0,00000000	0,00000000	1,00000000		1,00000000	0,00000000	0,00000000		0,00000000	0,33304062	0,66695938		0,00000000	1,00000000	0,00000000		
0,00000000	0,00000000	1,00000000		0,00000000	0,00000000	1,00000000		0,00000000	0,82812172	0,17187828		0,00000000	0,00000000	1,00000000		0,00000000	0,00000000	1,00000000		0,23215634	0,76784366	0,00000000		0,00000000	0,11195908	0,88804092		0,00000000	1,00000000	0,00000000		
0,00000000	0,00000000	1,00000000		0,00000000	0,01138993	0,98861007		0,00000000	0,00000000	1,00000000		0,00000000	0,14917720	0,85082280		0,00000000	0,00000000	1,00000000		1,00000000	0,00000000	0,00000000		0,00000000	0,16496693	0,83503307		0,00000000	1,00000000	0,00000000		
0,00000000	0,00000000	1,00000000		0,00000000	0,00000000	1,00000000		0,00000000	0,80545645	0,19454355		0,00000000	0,00884197	0,99115803		0,00000000	0,03898310	0,96101690		0,00000000	0,00000000	1,00000000		0,00000000	0,00000000	1,00000000		0,00000000	1,00000000	0,00000000		
0,00000000	0,00000000	1,00000000		0,00000000	0,00000000	1,00000000		0,00000000	0,28793284	0,71206716		0,00000000	0,00000000	1,00000000		0,00000000	0,00000000	1,00000000		0,00000000	0,69471726	0,30528274		0,00000000	0,00000000	1,00000000		0,00000000	1,00000000	0,00000000		
0,00000000	0,00000000	1,00000000		0,00000000	0,00000000	1,00000000		0,00000000	0,30682057	0,69317943		0,00000000	0,00000000	1,00000000		0,00000000	0,07943727	0,92056273		0,99854022	0,00145978	0,00000000		0,00000000	0,00000000	1,00000000		0,00000000	1,00000000	0,00000000		
0,00000000	0,00000000	1,00000000		0,00000000	0,07680640	0,92319360		0,00000000	0,00000000	1,00000000		0,00000000	0,39291733	0,60708267		0,00000000	0,00000000	1,00000000		0,00000000	0,87978021	0,12021979		0,00000000	0,38992710	0,61007290		0,00000000	1,00000000	0,00000000		
0,00000000	0,00000000	1,00000000		0,00000000	0,00000000	1,00000000		0,00000000	0,17082896	0,82917104		0,00000000	0,03469320	0,96530680		0,00000000	0,00000000	1,00000000		0,55050041	0,44949959	0,00000000		0,00000000	0,00000000	1,00000000		0,00000000	1,00000000	0,00000000		
0,00000000	0,00169873	0,99830127		0,00000000	0,05896555	0,94103445		0,00000000	0,00000000	1,00000000		0,00000000	0,06793049	0,93206951		0,00000000	0,00000000	1,00000000		0,25305772	0,74694228	0,00000000		0,00000000	0,11066620	0,88933380		0,00000000	1,00000000	0,00000000		
0,00000000	0,00000000	1,00000000		0,00000000	0,00000000	1,00000000		0,00000000	0,46925498	0,53074502		0,00000000	0,00000000	1,00000000		0,00000000	0,00000000	1,00000000		0,56175500	0,43824500	0,00000000		0,00000000	0,00000000	1,00000000		0,00000000	1,00000000	0,00000000		
0,00000000	0,00000000	1,00000000		0,00000000	0,00000000	1,00000000		0,00000000	0,14438615	0,85561385		0,00000000	0,00000000	1,00000000		0,00000000	0,00000000	1,00000000		0,00000000	0,03431772	0,96568228		0,00000000	0,00000000	1,00000000		0,00000000	1,00000000	0,00000000		
0,00000000	0,19988393	0,80011607		0,00000000	0,12438203	0,87561797		0,00000000	0,61657922	0,38342078		0,00000000	0,37814520	0,62185480		0,00000000	0,43004002	0,56995998		0,26377637	0,73622363	0,00000000		0,00000000	0,05248685	0,94751315		0,00000000	1,00000000	0,00000000		
0,00000000	0,72045040	0,27954960		0,00000000	0,56445652	0,43554348		0,24466750	0,75533250	0,00000000		0,00000000	0,92656049	0,07343951		0,00000000	0,82559184	0,17440816		0,00000000	0,90567823	0,09432177		0,00000000	0,45069221	0,54930779		0,00000000	1,00000000	0,00000000		
0,00000000	0,12325232	0,87674768		0,00000000	0,21358631	0,78641369		0,00000000	0,00000000	1,00000000		0,00000000	0,52401997	0,47598003		0,00000000	0,00000000	1,00000000		0,60409369	0,39590631	0,00000000		0,00000000	0,18953155	0,81046845		0,00000000	1,00000000	0,00000000		
0,00000000	0,76801485	0,23198515		0,00000000	0,85585720	0,14414280		0,00000000	0,00000000	1,00000000		0,75845075	0,24154925	0,00000000		0,00000000	0,38733840	0,61266160		0,41544535	0,58455465	0,00000000		0,39362015	0,60637985	0,00000000		0,00000000	1,00000000	0,00000000		
0,00000000	0,03869330	0,96130670		0,00000000	0,08870031	0,91129969		0,00000000	0,00000000	1,00000000		0,00000000	0,28212636	0,71787364		0,00000000	0,00000000	1,00000000		0,00000000	0,95855336	0,04144664		0,00000000	0,07705146	0,92294854		0,00000000	1,00000000	0,00000000		
0,00000000	0,06511800	0,93488200		0,00000000	0,00000000	1,00000000		0,00000000	0,89611752	0,10388248		0,00000000	0,00000000	1,00000000		0,00000000	0,36036896	0,63963104		0,00000000	0,84902631	0,15097369		0,00000000	0,00000000	1,00000000		0,00000000	1,00000000	0,00000000		
0,00000000	0,24216344	0,75783656		0,00000000	0,28494975	0,71505025		0,00000000	0,00000000	1,00000000		0,00000000	0,52586649	0,47413351		0,00000000	0,15135578	0,84864422		0,99371683	0,00628317	0,00000000		0,00000000	0,17143130	0,82856870		0,00000000	1,00000000	0,00000000		
0,00000000	0,00000000	1,00000000		0,00000000	0,00000000	1,00000000		0,00000000	0,75634837	0,24365163		0,00000000	0,00000000	1,00000000		0,00000000	0,00000000	1,00000000		1,00000000	0,00000000	0,00000000		0,00000000	0,00000000	1,00000000		0,00000000	1,00000000	0,00000000		
0,00000000	0,35578963	0,64421037		0,00000000	0,39794185	0,60205815		0,00000000	0,00000000	1,00000000		0,00000000	0,87301152	0,12698848		0,00000000	0,14461342	0,85538658		0,00000000	0,32297275	0,67702725		0,00000000	0,50499294	0,49500706		0,00000000	1,00000000	0,00000000		
0,00000000	0,15760442	0,84239558		0,00000000	0,26116194	0,73883806		0,00000000	0,00000000	1,00000000		0,00000000	0,52586649	0,47413351		0,00000000	0,00000000	1,00000000		0,68287581	0,31712419	0,00000000		0,00000000	0,11583770	0,88416230		0,00000000	1,00000000	0,00000000		
0,00000000	0,00000000	1,00000000		0,00000000	0,00544297	0,99455703		0,00000000	0,00000000	1,00000000		0,00000000	0,22119133	0,77880867		0,00000000	0,00000000	1,00000000		0,64482458	0,35517542	0,00000000		0,00000000	0,13264507	0,86735493		0,00000000	1,00000000	0,00000000		
0,00000000	0,92920548	0,07079452		0,00000000	0,84991024	0,15008976		0,00000000	0,86589717	0,13410283		0,00000000	0,70128552	0,29871448		0,09071512	0,90928488	0,00000000		0,00000000	0,81071882	0,18928118		0,00000000	0,33174775	0,66825225		0,00000000	1,00000000	0,00000000		
0,00000000	0,72309287	0,27690713		0,00000000	0,59419128	0,40580872		0,07859017	0,92140983	0,00000000		0,00000000	0,77329965	0,22670035		0,00000000	0,80761221	0,19238779		0,00000000	0,91646907	0,08353093		0,00000000	0,33174775	0,66825225		0,00000000	1,00000000	0,00000000		
0,00000000	0,88164104	0,11835896		0,00000000	0,85585720	0,14414280		0,00000000	0,42392445	0,57607555		0,00000000	0,90070926	0,09929074		0,00000000	0,77839532	0,22160468		0,00000000	0,53555234	0,46444766		0,00000000	0,26451827	0,73548173		0,00000000	1,00000000	0,00000000		
0,00000000	0,92920548	0,07079452		0,00000000	0,99263711	0,00736289		0,00000000	0,00000000	1,00000000		0,51775857	0,48224143	0,00000000		0,00000000	0,65029047	0,34970953		0,27395910	0,72604090	0,00000000		0,00000000	0,79201108	0,20798892		0,00000000	1,00000000	0,00000000		
0,00000000	0,40599655	0,59400345		0,00000000	0,33847232	0,66152768		0,00000000	0,56747114	0,43252886		0,00000000	0,21934481	0,78065519		0,00000000	0,40531803	0,59468197		0,31361812	0,68638188	0,00000000		0,00000000	0,10420183	0,89579817		0,00000000	1,00000000	0,00000000		
0,00000000	0,87899857	0,12100143		0,00000000	0,70123643	0,29876357		0,42557317	0,57442683	0,00000000		0,00000000	0,63481094	0,36518906		0,17179404	0,82820596	0,00000000		0,78845457	0,21154543	0,00000000		0,00000000	0,22314629	0,77685371		0,00000000	1,00000000	0,00000000		
0,00000000	0,87107116	0,12892884		0,00000000	0,72502424	0,27497576		0,26839284	0,73160716	0,00000000		0,00000000	0,79730436	0,20269564		0,05127132	0,94872868	0,00000000		0,74290028	0,25709972	0,00000000		0,00000000	0,38734135	0,61265865		0,00000000	1,00000000	0,00000000		
0,00000000	0,70459559	0,29540441		0,00000000	0,68339557	0,31660443		0,00000000	0,32193075	0,67806925		0,00000000	0,72344372	0,27655628		0,00000000	0,63455829	0,36544171		0,18338645	0,81661355	0,00000000		0,00000000	0,16755268	0,83244732		0,00000000	1,00000000	0,00000000		
0,66420144	0,33579856	0,00000000		0,54373486	0,45626514	0,00000000		0,56495951	0,43504049	0,00000000		0,52831525	0,47168475	0,00000000		0,69113740	0,30886260	0,00000000		0,00000000	0,35642436	0,64357564		0,00000000	0,84889756	0,15110244		0,00000000	0,00000000	1,00000000		
0,58288749	0,41711251	0,00000000		0,52878927	0,47121073	0,00000000		0,17052584	0,82947416	0,00000000		0,38263314	0,61736686	0,00000000		0,51802295	0,48197705	0,00000000		0,00000000	0,00000000	1,00000000		0,00000000	0,79071821	0,20928179		0,00000000	0,00000000	1,00000000		
0,57638238	0,42361762	0,00000000		0,52131647	0,47868353	0,00000000		0,14976617	0,85023383	0,00000000		0,70355604	0,29644396	0,00000000		0,51583163	0,48416837	0,00000000		0,00000000	0,00000000	1,00000000		0,00000000	0,96267052	0,03732948		0,00000000	0,00000000	1,00000000		
0,94066886	0,05933114	0,00000000		0,99210261	0,00789739	0,00000000		0,05486483	0,94513517	0,00000000		1,00000000	0,00000000	0,00000000		0,75030310	0,24969690	0,00000000		0,00000000	0,26739991	0,73260009		0,16764920	0,83235080	0,00000000		0,00000000	0,00000000	1,00000000		
1,00000000	0,00000000	0,00000000		0,93232025	0,06767975	0,00000000		1,00000000	0,00000000	0,00000000		0,86190616	0,13809384	0,00000000		1,00000000	0,00000000	0,00000000		0,00000000	0,80586294	0,19413706		0,29384077	0,70615923	0,00000000		0,00000000	0,00000000	1,00000000		
1,00000000	0,00000000	0,00000000		1,00000000	0,00000000	0,00000000		1,00000000	0,00000000	0,00000000		0,93580288	0,06419712	0,00000000		1,00000000	0,00000000	0,00000000		0,00000000	0,00000000	1,00000000		0,00917607	0,99082393	0,00000000		0,00000000	0,00000000	1,00000000		
1,00000000	0,00000000	0,00000000		1,00000000	0,00000000	0,00000000		0,99498118	0,00501882	0,00000000		1,00000000	0,00000000	0,00000000		1,00000000	0,00000000	0,00000000		1,00000000	0,00000000	0,00000000		0,42883641	0,57116359	0,00000000		0,00000000	0,00000000	1,00000000		
0,85284980	0,14715020	0,00000000		0,88748347	0,11251653	0,00000000		0,03707083	0,96292917	0,00000000		0,96113890	0,03886110	0,00000000		0,75030310	0,24969690	0,00000000		0,00000000	0,83284004	0,16715996		0,81034581	0,18965419	0,00000000		0,00000000	0,00000000	1,00000000		
0,78454608	0,21545392	0,00000000		0,70066357	0,29933643	0,00000000		0,53233717	0,46766283	0,00000000		0,70989005	0,29010995	0,00000000		0,87301715	0,12698285	0,00000000		0,45617624	0,54382376	0,00000000		0,00000000	0,95103465	0,04896535		0,00000000	0,00000000	1,00000000		
1,00000000	0,00000000	0,00000000		1,00000000	0,00000000	0,00000000		1,00000000	0,00000000	0,00000000		0,85557215	0,14442785	0,00000000		1,00000000	0,00000000	0,00000000		0,00000000	0,27117671	0,72882329		0,24688577	0,75311423	0,00000000		0,00000000	0,00000000	1,00000000		
1,00000000	0,00000000	0,00000000		1,00000000	0,00000000	0,00000000		0,51750884	0,48249116	0,00000000		0,96958424	0,03041576	0,00000000		1,00000000	0,00000000	0,00000000		0,00000000	0,41523445	0,58476555		0,00000000	0,96267052	0,03732948		0,00000000	0,00000000	1,00000000		
1,00000000	0,00000000	0,00000000		0,84264670	0,15735330	0,00000000		1,00000000	0,00000000	0,00000000		0,66977468	0,33022532	0,00000000		1,00000000	0,00000000	0,00000000		0,00000000	0,00000000	1,00000000		0,02384950	0,97615050	0,00000000		0,00000000	0,00000000	1,00000000		
0,92765863	0,07234137	0,00000000		0,78286433	0,21713567	0,00000000		1,00000000	0,00000000	0,00000000		0,66344068	0,33655932	0,00000000		1,00000000	0,00000000	0,00000000		0,00000000	0,65209344	0,34790656		0,00000000	0,89414817	0,10585183		0,00000000	0,00000000	1,00000000		
1,00000000	0,00000000	0,00000000		1,00000000	0,00000000	0,00000000		1,00000000	0,00000000	0,00000000		1,00000000	0,00000000	0,00000000		1,00000000	0,00000000	0,00000000		0,41758908	0,58241092	0,00000000		0,81328050	0,18671950	0,00000000		0,00000000	0,00000000	1,00000000		
1,00000000	0,00000000	0,00000000		1,00000000	0,00000000	0,00000000		0,85559484	0,14440516	0,00000000		1,00000000	0,00000000	0,00000000		1,00000000	0,00000000	0,00000000		0,03386121	0,96613879	0,00000000		0,04439232	0,95560768	0,00000000		0,00000000	0,00000000	1,00000000		
1,00000000	0,00000000	0,00000000		1,00000000	0,00000000	0,00000000		1,00000000	0,00000000	0,00000000		0,99703159	0,00296841	0,00000000		1,00000000	0,00000000	0,00000000		0,00000000	0,08179742	0,91820258		0,17351858	0,82648142	0,00000000		0,00000000	0,00000000	1,00000000		
1,00000000	0,00000000	0,00000000		1,00000000	0,00000000	0,00000000		0,22094217	0,77905783	0,00000000		1,00000000	0,00000000	0,00000000		1,00000000	0,00000000	0,00000000		0,40955009	0,59044991	0,00000000		0,80741112	0,19258888	0,00000000		0,00000000	0,00000000	1,00000000		
0,96994188	0,03005812	0,00000000		0,68571798	0,31428202	0,00000000		1,00000000	0,00000000	0,00000000		0,69299937	0,30700063	0,00000000		1,00000000	0,00000000	0,00000000		0,00000000	0,61486503	0,38513497		0,17058389	0,82941611	0,00000000		0,00000000	0,00000000	1,00000000		
1,00000000	0,00000000	0,00000000		0,84264670	0,15735330	0,00000000		1,00000000	0,00000000	0,00000000		0,58743262	0,41256738	0,00000000		1,00000000	0,00000000	0,00000000		0,00000000	0,85604035	0,14395965		0,00000000	0,95879190	0,04120810		0,00000000	0,00000000	1,00000000		
1,00000000	0,00000000	0,00000000		1,00000000	0,00000000	0,00000000		1,00000000	0,00000000	0,00000000		0,88301951	0,11698049	0,00000000		1,00000000	0,00000000	0,00000000		0,00000000	0,31110282	0,68889718		0,00000000	0,95879190	0,04120810		0,00000000	0,00000000	1,00000000		
0,83658701	0,16341299	0,00000000		0,73055476	0,26944524	0,00000000		0,72807118	0,27192882	0,00000000		0,57265328	0,42734672	0,00000000		0,94313946	0,05686054	0,00000000		0,55157228	0,44842772	0,00000000		0,00000000	0,72478161	0,27521839		0,00000000	0,00000000	1,00000000		
1,00000000	0,00000000	0,00000000		0,98462982	0,01537018	0,00000000		0,49674917	0,50325083	0,00000000		0,78589810	0,21410190	0,00000000		1,00000000	0,00000000	0,00000000		0,00000000	0,91377136	0,08622864		0,00000000	0,96137765	0,03862235		0,00000000	0,00000000	1,00000000		
0,99596234	0,00403766	0,00000000		0,92484745	0,07515255	0,00000000		0,75476218	0,24523782	0,00000000		0,96113890	0,03886110	0,00000000		1,00000000	0,00000000	0,00000000		0,00000000	0,52691967	0,47308033		0,68121955	0,31878045	0,00000000		0,00000000	0,00000000	1,00000000		
0,83333445	0,16666555	0,00000000		0,80528272	0,19471728	0,00000000		0,33363750	0,66636250	0,00000000		0,82179079	0,17820921	0,00000000		0,74811178	0,25188822	0,00000000		0,00000000	0,83391913	0,16608087		0,29971015	0,70028985	0,00000000		0,00000000	0,00000000	1,00000000		
1,00000000	0,00000000	0,00000000		1,00000000	0,00000000	0,00000000		0,33363750	0,66636250	0,00000000		1,00000000	0,00000000	0,00000000		1,00000000	0,00000000	0,00000000		0,00000000	0,00000000	1,00000000		0,67241549	0,32758451	0,00000000		0,00000000	0,00000000	1,00000000		
0,97969955	0,02030045	0,00000000		1,00000000	0,00000000	0,00000000		0,00000000	0,53725079	0,46274921		1,00000000	0,00000000	0,00000000		0,80727748	0,19272252	0,00000000		1,00000000	0,00000000	0,00000000		0,65187267	0,34812733	0,00000000		0,00000000	0,00000000	1,00000000		
0,86911259	0,13088741	0,00000000		0,79033712	0,20966288	0,00000000		0,61834151	0,38165849	0,00000000		0,85134948	0,14865052	0,00000000		0,90369566	0,09630434	0,00000000		0,00000000	0,56145036	0,43854964		0,02384950	0,97615050	0,00000000		0,00000000	0,00000000	1,00000000		
0,96343676	0,03656324	0,00000000		0,89495627	0,10504373	0,00000000		0,67468918	0,32531082	0,00000000		0,64443867	0,35556133	0,00000000		1,00000000	0,00000000	0,00000000		0,25359365	0,74640635	0,00000000		0,00000000	0,92259141	0,07740859		0,00000000	0,00000000	1,00000000		
1,00000000	0,00000000	0,00000000		1,00000000	0,00000000	0,00000000		1,00000000	0,00000000	0,00000000		1,00000000	0,00000000	0,00000000		1,00000000	0,00000000	0,00000000		0,00000000	0,87816158	0,12183842		0,42883641	0,57116359	0,00000000		0,00000000	0,00000000	1,00000000		
1,00000000	0,00000000	0,00000000		1,00000000	0,00000000	0,00000000		0,92380518	0,07619482	0,00000000		1,00000000	0,00000000	0,00000000		1,00000000	0,00000000	0,00000000		0,31629779	0,68370221	0,00000000		0,55796267	0,44203733	0,00000000		0,00000000	0,00000000	1,00000000		
1,00000000	0,00000000	0,00000000		1,00000000	0,00000000	0,00000000		1,00000000	0,00000000	0,00000000		0,83868147	0,16131853	0,00000000		1,00000000	0,00000000	0,00000000		0,00000000	0,00000000	1,00000000		0,33786109	0,66213891	0,00000000		0,00000000	0,00000000	1,00000000		
1,00000000	0,00000000	0,00000000		1,00000000	0,00000000	0,00000000		0,63910117	0,36089883	0,00000000		1,00000000	0,00000000	0,00000000		1,00000000	0,00000000	0,00000000		0,00000000	0,00000000	1,00000000		0,94534144	0,05465856	0,00000000		0,00000000	0,00000000	1,00000000		
1,00000000	0,00000000	0,00000000		1,00000000	0,00000000	0,00000000		0,74586518	0,25413482	0,00000000		1,00000000	0,00000000	0,00000000		1,00000000	0,00000000	0,00000000		0,00000000	0,89326876	0,10673124		0,81621518	0,18378482	0,00000000		0,00000000	0,00000000	1,00000000		
1,00000000	0,00000000	0,00000000		1,00000000	0,00000000	0,00000000		0,87635451	0,12364549	0,00000000		1,00000000	0,00000000	0,00000000		1,00000000	0,00000000	0,00000000		0,00000000	0,20319440	0,79680560		0,55502798	0,44497202	0,00000000		0,00000000	0,00000000	1,00000000		
1,00000000	0,00000000	0,00000000		1,00000000	0,00000000	0,00000000		1,00000000	0,00000000	0,00000000		0,93791421	0,06208579	0,00000000		1,00000000	0,00000000	0,00000000		0,00000000	0,42224850	0,57775150		0,27329796	0,72670204	0,00000000		0,00000000	0,00000000	1,00000000		
1,00000000	0,00000000	0,00000000		1,00000000	0,00000000	0,00000000		0,23873617	0,76126383	0,00000000		1,00000000	0,00000000	0,00000000		1,00000000	0,00000000	0,00000000		0,00000000	0,64292122	0,35707878		0,63132986	0,36867014	0,00000000		0,00000000	0,00000000	1,00000000		
1,00000000	0,00000000	0,00000000		1,00000000	0,00000000	0,00000000		0,93566785	0,06433215	0,00000000		1,00000000	0,00000000	0,00000000		1,00000000	0,00000000	0,00000000		0,00000000	0,33969855	0,66030145		0,54622391	0,45377609	0,00000000		0,00000000	0,00000000	1,00000000		
1,00000000	0,00000000	0,00000000		1,00000000	0,00000000	0,00000000		1,00000000	0,00000000	0,00000000		1,00000000	0,00000000	0,00000000		1,00000000	0,00000000	0,00000000		0,00000000	0,68122871	0,31877129		0,92479863	0,07520137	0,00000000		0,00000000	0,00000000	1,00000000		
1,00000000	0,00000000	0,00000000		1,00000000	0,00000000	0,00000000		0,58571917	0,41428083	0,00000000		1,00000000	0,00000000	0,00000000		1,00000000	0,00000000	0,00000000		0,00000000	0,04780627	0,95219373		0,81034581	0,18965419	0,00000000		0,00000000	0,00000000	1,00000000		
0,94392142	0,05607858	0,00000000		0,88001068	0,11998932	0,00000000		0,64503251	0,35496749	0,00000000		0,77111876	0,22888124	0,00000000		0,91246095	0,08753905	0,00000000		1,00000000	0,00000000	0,00000000		0,29384077	0,70615923	0,00000000		0,00000000	0,00000000	1,00000000		
1,00000000	0,00000000	0,00000000		1,00000000	0,00000000	0,00000000		0,32770617	0,67229383	0,00000000		1,00000000	0,00000000	0,00000000		1,00000000	0,00000000	0,00000000		0,00000000	0,54364547	0,45635453		1,00000000	0,00000000	0,00000000		0,00000000	0,00000000	1,00000000		
0,86260747	0,13739253	0,00000000		0,92484745	0,07515255	0,00000000		0,00000000	0,86589717	0,13410283		1,00000000	0,00000000	0,00000000		0,64073699	0,35926301	0,00000000		0,00000000	0,52745921	0,47254079		0,38481609	0,61518391	0,00000000		0,00000000	0,00000000	1,00000000		
0,95042653	0,04957347	0,00000000		0,96221143	0,03778857	0,00000000		0,27135850	0,72864150	0,00000000		1,00000000	0,00000000	0,00000000		0,87739979	0,12260021	0,00000000		0,00000000	0,59759968	0,40240032		0,35253453	0,64746547	0,00000000		0,00000000	0,00000000	1,00000000		
1,00000000	0,00000000	0,00000000		1,00000000	0,00000000	0,00000000		0,28322117	0,71677883	0,00000000		1,00000000	0,00000000	0,00000000		1,00000000	0,00000000	0,00000000		0,00000000	0,40768086	0,59231914		0,42003234	0,57996766	0,00000000		0,00000000	0,00000000	1,00000000		
0,72274748	0,27725252	0,00000000		0,65582680	0,34417320	0,00000000		0,38405384	0,61594616	0,00000000		0,47975455	0,52024545	0,00000000		0,62101509	0,37898491	0,00000000		0,00000000	0,00000000	1,00000000		0,00000000	0,95103465	0,04896535		0,00000000	0,00000000	1,00000000		
1,00000000	0,00000000	0,00000000		0,99957541	0,00042459	0,00000000		1,00000000	0,00000000	0,00000000		0,75845075	0,24154925	0,00000000		1,00000000	0,00000000	0,00000000		0,02635815	0,97364185	0,00000000		0,28210202	0,71789798	0,00000000		0,00000000	0,00000000	1,00000000		
1,00000000	0,00000000	0,00000000		0,89495627	0,10504373	0,00000000		1,00000000	0,00000000	0,00000000		0,65288401	0,34711599	0,00000000		1,00000000	0,00000000	0,00000000		0,00000000	0,57547846	0,42452154		0,00000000	0,90449117	0,09550883		0,00000000	0,00000000	1,00000000		
1,00000000	0,00000000	0,00000000		1,00000000	0,00000000	0,00000000		0,88525151	0,11474849	0,00000000		1,00000000	0,00000000	0,00000000		1,00000000	0,00000000	0,00000000		0,00000000	0,96340923	0,03659077		0,94534144	0,05465856	0,00000000		0,00000000	0,00000000	1,00000000		
1,00000000	0,00000000	0,00000000		1,00000000	0,00000000	0,00000000		0,22687350	0,77312650	0,00000000		1,00000000	0,00000000	0,00000000		1,00000000	0,00000000	0,00000000		0,00000000	0,00000000	1,00000000		0,94240675	0,05759325	0,00000000		0,00000000	0,00000000	1,00000000		
1,00000000	0,00000000	0,00000000		1,00000000	0,00000000	0,00000000		0,06672750	0,93327250	0,00000000		1,00000000	0,00000000	0,00000000		1,00000000	0,00000000	0,00000000		0,00000000	0,53393371	0,46606629		1,00000000	0,00000000	0,00000000		0,00000000	0,00000000	1,00000000		
1,00000000	0,00000000	0,00000000		1,00000000	0,00000000	0,00000000		0,83186951	0,16813049	0,00000000		1,00000000	0,00000000	0,00000000		1,00000000	0,00000000	0,00000000		0,00000000	0,30570740	0,69429260		0,68415424	0,31584576	0,00000000		0,00000000	0,00000000	1,00000000		
1,00000000	0,00000000	0,00000000		1,00000000	0,00000000	0,00000000		0,31880917	0,68119083	0,00000000		1,00000000	0,00000000	0,00000000		1,00000000	0,00000000	0,00000000		0,06762497	0,93237503	0,00000000		0,81328050	0,18671950	0,00000000		0,00000000	0,00000000	1,00000000		
1,00000000	0,00000000	0,00000000		1,00000000	0,00000000	0,00000000		0,00000000	0,52969570	0,47030430		1,00000000	0,00000000	0,00000000		0,78098161	0,21901839	0,00000000		0,27556689	0,72443311	0,00000000		0,42883641	0,57116359	0,00000000		0,00000000	0,00000000	1,00000000		
1,00000000	0,00000000	0,00000000		1,00000000	0,00000000	0,00000000		1,00000000	0,00000000	0,00000000		1,00000000	0,00000000	0,00000000		1,00000000	0,00000000	0,00000000		0,00000000	0,59975785	0,40024215		0,55502798	0,44497202	0,00000000		0,00000000	0,00000000	1,00000000		
0,97644699	0,02355301	0,00000000		1,00000000	0,00000000	0,00000000		0,09341850	0,90658150	0,00000000		1,00000000	0,00000000	0,00000000		0,73277253	0,26722747	0,00000000		0,00000000	0,98876771	0,01123229		0,78099893	0,21900107	0,00000000		0,00000000	0,00000000	1,00000000		
0,75202050	0,24797950	0,00000000		0,88001068	0,11998932	0,00000000		0,00000000	0,28415530	0,71584470		1,00000000	0,00000000	0,00000000		0,40188287	0,59811713	0,00000000		0,00000000	0,58896701	0,41103299		1,00000000	0,00000000	0,00000000		0,00000000	0,00000000	1,00000000		
0,75527306	0,24472694	0,00000000		0,83517390	0,16482610	0,00000000		0,00000000	0,56369360	0,43630640		1,00000000	0,00000000	0,00000000		0,55965807	0,44034193	0,00000000		0,00000000	0,25984632	0,74015368		0,93947207	0,06052793	0,00000000		0,00000000	0,00000000	1,00000000		
0,56662471	0,43337529	0,00000000		0,64835400	0,35164600	0,00000000		0,00000000	0,32570829	0,67429171		0,84923815	0,15076185	0,00000000		0,39750023	0,60249977	0,00000000		0,00000000	0,69849406	0,30150594		0,54915860	0,45084140	0,00000000		0,00000000	0,00000000	1,00000000		
0,81056654	0,18943346	0,00000000		0,73055476	0,26944524	0,00000000		0,56199384	0,43800616	0,00000000		0,65921801	0,34078199	0,00000000		0,87301715	0,12698285	0,00000000		0,43152333	0,56847667	0,00000000		0,13830232	0,86169768	0,00000000		0,00000000	0,00000000	1,00000000		
0,76503073	0,23496927	0,00000000		0,94726584	0,05273416	0,00000000		0,00000000	0,00000000	1,00000000		1,00000000	0,00000000	0,00000000		0,33833453	0,66166547	0,00000000		0,68769921	0,31230079	0,00000000		1,00000000	0,00000000	0,00000000		0,00000000	0,00000000	1,00000000		
0,88862793	0,11137207	0,00000000		0,90242906	0,09757094	0,00000000		0,18238850	0,81761150	0,00000000		1,00000000	0,00000000	0,00000000		0,70209402	0,29790598	0,00000000		0,00000000	0,26578128	0,73421872		0,68415424	0,31584576	0,00000000		0,00000000	0,00000000	1,00000000		
0,79430376	0,20569624	0,00000000		0,99210261	0,00789739	0,00000000		0,00000000	0,00000000	1,00000000		1,00000000	0,00000000	0,00000000		0,38216097	0,61783903	0,00000000		0,97067172	0,02932828	0,00000000		1,00000000	0,00000000	0,00000000		0,00000000	0,00000000	1,00000000		
1,00000000	0,00000000	0,00000000		1,00000000	0,00000000	0,00000000		0,00000000	0,96411333	0,03588667		1,00000000	0,00000000	0,00000000		1,00000000	0,00000000	0,00000000		0,03225341	0,96774659	0,00000000		1,00000000	0,00000000	0,00000000		0,00000000	0,00000000	1,00000000		
0,78454608	0,21545392	0,00000000		0,92484745	0,07515255	0,00000000		0,00000000	0,23126967	0,76873033		1,00000000	0,00000000	0,00000000		0,47857915	0,52142085	0,00000000		0,00000000	0,00000000	1,00000000		0,81621518	0,18378482	0,00000000		0,00000000	0,00000000	1,00000000		
0,89188049	0,10811951	0,00000000		0,88001068	0,11998932	0,00000000		0,30694650	0,69305350	0,00000000		1,00000000	0,00000000	0,00000000		0,76564236	0,23435764	0,00000000		0,10299654	0,89700346	0,00000000		0,81328050	0,18671950	0,00000000		0,00000000	0,00000000	1,00000000		
0,95042653	0,04957347	0,00000000		1,00000000	0,00000000	0,00000000		0,00000000	0,57502623	0,42497377		1,00000000	0,00000000	0,00000000		0,71962459	0,28037541	0,00000000		0,25734518	0,74265482	0,00000000		1,00000000	0,00000000	0,00000000		0,00000000	0,00000000	1,00000000		
1,00000000	0,00000000	0,00000000		1,00000000	0,00000000	0,00000000		0,47302384	0,52697616	0,00000000		1,00000000	0,00000000	0,00000000		1,00000000	0,00000000	0,00000000		0,00000000	0,88463609	0,11536391		0,80741112	0,19258888	0,00000000		0,00000000	0,00000000	1,00000000		
0,62191819	0,37808181	0,00000000		0,73802755	0,26197245	0,00000000		0,00000000	0,19727177	0,80272823		1,00000000	0,00000000	0,00000000		0,16960272	0,83039728	0,00000000		0,00000000	0,00000000	1,00000000		0,65187267	0,34812733	0,00000000		0,00000000	0,00000000	1,00000000		
1,00000000	0,00000000	0,00000000		1,00000000	0,00000000	0,00000000		0,44336717	0,55663283	0,00000000		1,00000000	0,00000000	0,00000000		1,00000000	0,00000000	0,00000000		0,27503096	0,72496904	0,00000000		0,68708892	0,31291108	0,00000000		0,00000000	0,00000000	1,00000000		
0,91464840	0,08535160	0,00000000		0,97715702	0,02284298	0,00000000		0,00000000	0,94900315	0,05099685		1,00000000	0,00000000	0,00000000		0,73496385	0,26503615	0,00000000		0,00000000	0,17675684	0,82324316		0,63132986	0,36867014	0,00000000		0,00000000	0,00000000	1,00000000		

