Total Entropy of dimension on intervals
Dimension:  	0, Interval: 	1, Total Entropy = 	99999999999
Dimension:  	0, Interval: 	2, Total Entropy = 	3,27637178774681
Dimension:  	0, Interval: 	3, Total Entropy = 	3,87712523025605

Dimension:  	1, Interval: 	1, Total Entropy = 	99999999999
Dimension:  	1, Interval: 	2, Total Entropy = 	2,94749640308755
Dimension:  	1, Interval: 	3, Total Entropy = 	3,29788153404328

Dimension:  	2, Interval: 	1, Total Entropy = 	99999999999
Dimension:  	2, Interval: 	2, Total Entropy = 	5,39170889231155
Dimension:  	2, Interval: 	3, Total Entropy = 	8,25631552221747

Dimension:  	3, Interval: 	1, Total Entropy = 	99999999999
Dimension:  	3, Interval: 	2, Total Entropy = 	3,28688903039174
Dimension:  	3, Interval: 	3, Total Entropy = 	4,96562328074944

Dimension:  	4, Interval: 	1, Total Entropy = 	99999999999
Dimension:  	4, Interval: 	2, Total Entropy = 	3,70712762690055
Dimension:  	4, Interval: 	3, Total Entropy = 	5,20521459497153

Dimension:  	5, Interval: 	1, Total Entropy = 	99999999999
Dimension:  	5, Interval: 	2, Total Entropy = 	5,68964991609921
Dimension:  	5, Interval: 	3, Total Entropy = 	9,14958840901384

Dimension:  	6, Interval: 	1, Total Entropy = 	99999999999
Dimension:  	6, Interval: 	2, Total Entropy = 	2,52997261845497
Dimension:  	6, Interval: 	3, Total Entropy = 	6,14216373421783



Intervals: 
3	3	3	3	3	3	3	3	
Centers
Dimension: 1
0,1367
0,4270
0,7844
		Dimension: 2
0,1858
0,4623
0,8097
		Dimension: 3
0,2290
0,5349
0,7752
		Dimension: 4
0,1968
0,4635
0,7685
		Dimension: 5
0,1590
0,4842
0,8014
		Dimension: 6
0,1925
0,4351
0,6761
		Dimension: 7
0,2060
0,3738
0,7546
		
Number of classes: 
Dimension 0
0 = 87
1 = 67
2 = 56

Dimension 1
0 = 88
1 = 63
2 = 59

Dimension 2
0 = 39
1 = 90
2 = 81

Dimension 3
0 = 101
1 = 57
2 = 52

Dimension 4
0 = 77
1 = 78
2 = 55

Dimension 5
0 = 84
1 = 88
2 = 38

Dimension 6
0 = 72
1 = 71
2 = 67

*****************************************RESULTS***************************************************************
0,0000	0,9609	0,0391		sum(1,0000)		0,0000	0,8856	0,1144		sum(1,0000)		0,0000	0,8508	0,1492		sum(1,0000)		0,0000	0,9247	0,0753		sum(1,0000)		0,0000	0,9942	0,0058		sum(1,0000)		1,0000	0,0000	0,0000		sum(1,0000)		0,1706	0,8294	0,0000		sum(1,0000)		1,0000	0,0000	0,0000		sum(1,0000)		
0,0755	0,9245	0,0000		sum(1,0000)		0,0580	0,9420	0,0000		sum(1,0000)		0,0000	0,4693	0,5307		sum(1,0000)		0,3552	0,6448	0,0000		sum(1,0000)		0,0000	0,9470	0,0530		sum(1,0000)		1,0000	0,0000	0,0000		sum(1,0000)		0,9453	0,0547	0,0000		sum(1,0000)		1,0000	0,0000	0,0000		sum(1,0000)		
0,2674	0,7326	0,0000		sum(1,0000)		0,4167	0,5833	0,0000		sum(1,0000)		0,0000	0,0000	1,0000		sum(1,0000)		0,9105	0,0895	0,0000		sum(1,0000)		0,0000	0,9380	0,0620		sum(1,0000)		0,7568	0,2432	0,0000		sum(1,0000)		1,0000	0,0000	0,0000		sum(1,0000)		1,0000	0,0000	0,0000		sum(1,0000)		
0,4138	0,5862	0,0000		sum(1,0000)		0,5288	0,4712	0,0000		sum(1,0000)		0,0000	0,0000	1,0000		sum(1,0000)		0,8408	0,1592	0,0000		sum(1,0000)		0,0000	0,8436	0,1564		sum(1,0000)		0,9926	0,0074	0,0000		sum(1,0000)		1,0000	0,0000	0,0000		sum(1,0000)		1,0000	0,0000	0,0000		sum(1,0000)		
0,0000	0,7284	0,2716		sum(1,0000)		0,0000	0,7964	0,2036		sum(1,0000)		0,0000	0,0000	1,0000		sum(1,0000)		0,1356	0,8644	0,0000		sum(1,0000)		0,0000	0,4323	0,5677		sum(1,0000)		1,0000	0,0000	0,0000		sum(1,0000)		0,3026	0,6974	0,0000		sum(1,0000)		1,0000	0,0000	0,0000		sum(1,0000)		
0,2381	0,7619	0,0000		sum(1,0000)		0,3270	0,6730	0,0000		sum(1,0000)		0,0000	0,0000	1,0000		sum(1,0000)		0,7099	0,2901	0,0000		sum(1,0000)		0,0000	0,9942	0,0058		sum(1,0000)		0,8839	0,1161	0,0000		sum(1,0000)		0,9453	0,0547	0,0000		sum(1,0000)		1,0000	0,0000	0,0000		sum(1,0000)		
0,1373	0,8627	0,0000		sum(1,0000)		0,1178	0,8822	0,0000		sum(1,0000)		0,0000	0,5146	0,4854		sum(1,0000)		0,3362	0,6638	0,0000		sum(1,0000)		0,1104	0,8896	0,0000		sum(1,0000)		0,2815	0,7185	0,0000		sum(1,0000)		0,1735	0,8265	0,0000		sum(1,0000)		1,0000	0,0000	0,0000		sum(1,0000)		
0,3259	0,6741	0,0000		sum(1,0000)		0,4092	0,5908	0,0000		sum(1,0000)		0,0000	0,0915	0,9085		sum(1,0000)		0,6381	0,3619	0,0000		sum(1,0000)		0,0162	0,9838	0,0000		sum(1,0000)		0,7563	0,2437	0,0000		sum(1,0000)		0,8162	0,1838	0,0000		sum(1,0000)		1,0000	0,0000	0,0000		sum(1,0000)		
0,0000	0,5989	0,4011		sum(1,0000)		0,0000	0,5169	0,4831		sum(1,0000)		0,0000	0,7110	0,2890		sum(1,0000)		0,0000	0,3892	0,6108		sum(1,0000)		0,0000	0,6503	0,3497		sum(1,0000)		1,0000	0,0000	0,0000		sum(1,0000)		0,0000	0,2257	0,7743		sum(1,0000)		1,0000	0,0000	0,0000		sum(1,0000)		
0,0000	0,6491	0,3509		sum(1,0000)		0,0000	0,6418	0,3582		sum(1,0000)		0,0000	0,2086	0,7914		sum(1,0000)		0,0000	0,7013	0,2987		sum(1,0000)		0,0000	0,5604	0,4396		sum(1,0000)		1,0000	0,0000	0,0000		sum(1,0000)		0,0000	0,6705	0,3295		sum(1,0000)		1,0000	0,0000	0,0000		sum(1,0000)		
0,0000	0,9609	0,0391		sum(1,0000)		0,0000	0,8796	0,1204		sum(1,0000)		0,0000	0,9037	0,0963		sum(1,0000)		0,0174	0,9826	0,0000		sum(1,0000)		0,1477	0,8523	0,0000		sum(1,0000)		0,0000	0,7670	0,2330		sum(1,0000)		0,0000	0,9536	0,0464		sum(1,0000)		1,0000	0,0000	0,0000		sum(1,0000)		
0,3520	0,6480	0,0000		sum(1,0000)		0,3644	0,6356	0,0000		sum(1,0000)		0,0000	0,5259	0,4741		sum(1,0000)		0,6001	0,3999	0,0000		sum(1,0000)		0,2375	0,7625	0,0000		sum(1,0000)		1,0000	0,0000	0,0000		sum(1,0000)		0,8133	0,1867	0,0000		sum(1,0000)		1,0000	0,0000	0,0000		sum(1,0000)		
0,3975	0,6025	0,0000		sum(1,0000)		0,4690	0,5310	0,0000		sum(1,0000)		0,0000	0,2086	0,7914		sum(1,0000)		0,5980	0,4020	0,0000		sum(1,0000)		0,2419	0,7581	0,0000		sum(1,0000)		0,0671	0,9329	0,0000		sum(1,0000)		1,0000	0,0000	0,0000		sum(1,0000)		1,0000	0,0000	0,0000		sum(1,0000)		
0,4333	0,5667	0,0000		sum(1,0000)		0,4391	0,5609	0,0000		sum(1,0000)		0,0000	0,6657	0,3343		sum(1,0000)		0,5135	0,4865	0,0000		sum(1,0000)		0,3361	0,6639	0,0000		sum(1,0000)		0,5226	0,4774	0,0000		sum(1,0000)		1,0000	0,0000	0,0000		sum(1,0000)		1,0000	0,0000	0,0000		sum(1,0000)		
0,4463	0,5537	0,0000		sum(1,0000)		0,4466	0,5534	0,0000		sum(1,0000)		0,0000	0,7224	0,2776		sum(1,0000)		0,5072	0,4928	0,0000		sum(1,0000)		0,4282	0,5718	0,0000		sum(1,0000)		0,6320	0,3680	0,0000		sum(1,0000)		1,0000	0,0000	0,0000		sum(1,0000)		1,0000	0,0000	0,0000		sum(1,0000)		
0,1698	0,8302	0,0000		sum(1,0000)		0,2747	0,7253	0,0000		sum(1,0000)		0,0000	0,0000	1,0000		sum(1,0000)		0,7838	0,2162	0,0000		sum(1,0000)		0,0000	0,9470	0,0530		sum(1,0000)		0,0000	0,9602	0,0398		sum(1,0000)		1,0000	0,0000	0,0000		sum(1,0000)		1,0000	0,0000	0,0000		sum(1,0000)		
0,3650	0,6350	0,0000		sum(1,0000)		0,6110	0,3890	0,0000		sum(1,0000)		0,0000	0,0000	1,0000		sum(1,0000)		1,0000	0,0000	0,0000		sum(1,0000)		0,0000	0,8346	0,1654		sum(1,0000)		0,0000	0,3942	0,6058		sum(1,0000)		1,0000	0,0000	0,0000		sum(1,0000)		1,0000	0,0000	0,0000		sum(1,0000)		
0,0000	0,8473	0,1527		sum(1,0000)		0,0000	0,9391	0,0609		sum(1,0000)		0,0000	0,0000	1,0000		sum(1,0000)		0,4122	0,5878	0,0000		sum(1,0000)		0,0000	0,5402	0,4598		sum(1,0000)		1,0000	0,0000	0,0000		sum(1,0000)		0,6812	0,3188	0,0000		sum(1,0000)		1,0000	0,0000	0,0000		sum(1,0000)		
0,1340	0,8660	0,0000		sum(1,0000)		0,3270	0,6730	0,0000		sum(1,0000)		0,0000	0,0000	1,0000		sum(1,0000)		1,0000	0,0000	0,0000		sum(1,0000)		0,0000	0,6480	0,3520		sum(1,0000)		1,0000	0,0000	0,0000		sum(1,0000)		1,0000	0,0000	0,0000		sum(1,0000)		1,0000	0,0000	0,0000		sum(1,0000)		
0,7780	0,2220	0,0000		sum(1,0000)		0,8053	0,1947	0,0000		sum(1,0000)		0,0000	0,9414	0,0586		sum(1,0000)		1,0000	0,0000	0,0000		sum(1,0000)		0,5706	0,4294	0,0000		sum(1,0000)		0,0049	0,9951	0,0000		sum(1,0000)		1,0000	0,0000	0,0000		sum(1,0000)		1,0000	0,0000	0,0000		sum(1,0000)		
0,3097	0,6903	0,0000		sum(1,0000)		0,1850	0,8150	0,0000		sum(1,0000)		0,2565	0,7435	0,0000		sum(1,0000)		0,1356	0,8644	0,0000		sum(1,0000)		0,3953	0,6047	0,0000		sum(1,0000)		0,5569	0,4431	0,0000		sum(1,0000)		0,2997	0,7003	0,0000		sum(1,0000)		1,0000	0,0000	0,0000		sum(1,0000)		
0,3259	0,6741	0,0000		sum(1,0000)		0,2897	0,7103	0,0000		sum(1,0000)		0,0000	0,8055	0,1945		sum(1,0000)		0,4270	0,5730	0,0000		sum(1,0000)		0,3098	0,6902	0,0000		sum(1,0000)		0,7627	0,2373	0,0000		sum(1,0000)		0,1735	0,8265	0,0000		sum(1,0000)		1,0000	0,0000	0,0000		sum(1,0000)		
0,0000	0,7971	0,2029		sum(1,0000)		0,0000	0,8499	0,1501		sum(1,0000)		0,0000	0,0000	1,0000		sum(1,0000)		0,2201	0,7799	0,0000		sum(1,0000)		0,0000	0,5559	0,4441		sum(1,0000)		1,0000	0,0000	0,0000		sum(1,0000)		0,5492	0,4508	0,0000		sum(1,0000)		1,0000	0,0000	0,0000		sum(1,0000)		
0,9862	0,0138	0,0000		sum(1,0000)		1,0000	0,0000	0,0000		sum(1,0000)		0,0193	0,9807	0,0000		sum(1,0000)		1,0000	0,0000	0,0000		sum(1,0000)		0,8182	0,1818	0,0000		sum(1,0000)		1,0000	0,0000	0,0000		sum(1,0000)		0,9307	0,0693	0,0000		sum(1,0000)		1,0000	0,0000	0,0000		sum(1,0000)		
0,0332	0,9668	0,0000		sum(1,0000)		0,0000	0,9332	0,0668		sum(1,0000)		0,0400	0,9600	0,0000		sum(1,0000)		0,0000	0,8767	0,1233		sum(1,0000)		0,1411	0,8589	0,0000		sum(1,0000)		1,0000	0,0000	0,0000		sum(1,0000)		0,8133	0,1867	0,0000		sum(1,0000)		1,0000	0,0000	0,0000		sum(1,0000)		
0,0000	0,7152	0,2848		sum(1,0000)		0,0000	0,6953	0,3047		sum(1,0000)		0,0000	0,3257	0,6743		sum(1,0000)		0,0000	0,7955	0,2045		sum(1,0000)		0,0000	0,7492	0,2508		sum(1,0000)		1,0000	0,0000	0,0000		sum(1,0000)		0,0000	0,9627	0,0373		sum(1,0000)		1,0000	0,0000	0,0000		sum(1,0000)		
0,6805	0,3195	0,0000		sum(1,0000)		0,6633	0,3367	0,0000		sum(1,0000)		0,0875	0,9125	0,0000		sum(1,0000)		0,6909	0,3091	0,0000		sum(1,0000)		0,6210	0,3790	0,0000		sum(1,0000)		0,3956	0,6044	0,0000		sum(1,0000)		1,0000	0,0000	0,0000		sum(1,0000)		1,0000	0,0000	0,0000		sum(1,0000)		
0,7715	0,2285	0,0000		sum(1,0000)		0,7306	0,2694	0,0000		sum(1,0000)		0,3158	0,6842	0,0000		sum(1,0000)		0,6909	0,3091	0,0000		sum(1,0000)		0,7744	0,2256	0,0000		sum(1,0000)		0,8613	0,1387	0,0000		sum(1,0000)		1,0000	0,0000	0,0000		sum(1,0000)		1,0000	0,0000	0,0000		sum(1,0000)		
0,3259	0,6741	0,0000		sum(1,0000)		0,3494	0,6506	0,0000		sum(1,0000)		0,0000	0,4353	0,5647		sum(1,0000)		0,3826	0,6174	0,0000		sum(1,0000)		0,1937	0,8063	0,0000		sum(1,0000)		0,7274	0,2726	0,0000		sum(1,0000)		0,7047	0,2953	0,0000		sum(1,0000)		1,0000	0,0000	0,0000		sum(1,0000)		
0,5406	0,4594	0,0000		sum(1,0000)		0,4690	0,5310	0,0000		sum(1,0000)		0,1972	0,8028	0,0000		sum(1,0000)		0,4354	0,5646	0,0000		sum(1,0000)		0,5356	0,4644	0,0000		sum(1,0000)		0,3109	0,6891	0,0000		sum(1,0000)		0,5316	0,4684	0,0000		sum(1,0000)		1,0000	0,0000	0,0000		sum(1,0000)		
0,6349	0,3651	0,0000		sum(1,0000)		0,6185	0,3815	0,0000		sum(1,0000)		0,0252	0,9748	0,0000		sum(1,0000)		0,5663	0,4337	0,0000		sum(1,0000)		0,7328	0,2672	0,0000		sum(1,0000)		1,0000	0,0000	0,0000		sum(1,0000)		0,6519	0,3481	0,0000		sum(1,0000)		1,0000	0,0000	0,0000		sum(1,0000)		
0,0000	0,9001	0,0999		sum(1,0000)		0,0000	0,8261	0,1739		sum(1,0000)		0,0000	0,7979	0,2021		sum(1,0000)		0,0000	0,9358	0,0642		sum(1,0000)		0,0000	0,8616	0,1384		sum(1,0000)		0,3747	0,6253	0,0000		sum(1,0000)		0,1471	0,8529	0,0000		sum(1,0000)		1,0000	0,0000	0,0000		sum(1,0000)		
0,3324	0,6676	0,0000		sum(1,0000)		0,1776	0,8224	0,0000		sum(1,0000)		0,4196	0,5804	0,0000		sum(1,0000)		0,0110	0,9890	0,0000		sum(1,0000)		0,2704	0,7296	0,0000		sum(1,0000)		0,1025	0,8975	0,0000		sum(1,0000)		0,0000	0,9730	0,0270		sum(1,0000)		1,0000	0,0000	0,0000		sum(1,0000)		
0,3812	0,6188	0,0000		sum(1,0000)		0,3569	0,6431	0,0000		sum(1,0000)		0,0000	0,7828	0,2172		sum(1,0000)		0,2897	0,7103	0,0000		sum(1,0000)		0,3493	0,6507	0,0000		sum(1,0000)		1,0000	0,0000	0,0000		sum(1,0000)		0,7810	0,2190	0,0000		sum(1,0000)		1,0000	0,0000	0,0000		sum(1,0000)		
0,0202	0,9798	0,0000		sum(1,0000)		0,0000	0,9807	0,0193		sum(1,0000)		0,0000	0,5901	0,4099		sum(1,0000)		0,0216	0,9784	0,0000		sum(1,0000)		0,0000	0,9582	0,0418		sum(1,0000)		1,0000	0,0000	0,0000		sum(1,0000)		0,0000	0,8941	0,1059		sum(1,0000)		1,0000	0,0000	0,0000		sum(1,0000)		
0,0000	0,7337	0,2663		sum(1,0000)		0,0000	0,7904	0,2096		sum(1,0000)		0,0000	0,0000	1,0000		sum(1,0000)		0,0279	0,9721	0,0000		sum(1,0000)		0,0000	0,6053	0,3947		sum(1,0000)		0,9867	0,0133	0,0000		sum(1,0000)		0,0000	0,7868	0,2132		sum(1,0000)		1,0000	0,0000	0,0000		sum(1,0000)		
0,0000	0,7125	0,2875		sum(1,0000)		0,0000	0,6299	0,3701		sum(1,0000)		0,0000	0,7601	0,2399		sum(1,0000)		0,0000	0,8084	0,1916		sum(1,0000)		0,0000	0,6525	0,3475		sum(1,0000)		0,6904	0,3096	0,0000		sum(1,0000)		0,0000	0,6782	0,3218		sum(1,0000)		1,0000	0,0000	0,0000		sum(1,0000)		
0,0000	0,4800	0,5200		sum(1,0000)		0,0000	0,5645	0,4355		sum(1,0000)		0,0000	0,0000	1,0000		sum(1,0000)		0,0000	0,7973	0,2027		sum(1,0000)		0,0000	0,1603	0,8397		sum(1,0000)		0,6191	0,3809	0,0000		sum(1,0000)		0,0000	0,7338	0,2662		sum(1,0000)		1,0000	0,0000	0,0000		sum(1,0000)		
0,1015	0,8985	0,0000		sum(1,0000)		0,0954	0,9046	0,0000		sum(1,0000)		0,0000	0,4239	0,5761		sum(1,0000)		0,1398	0,8602	0,0000		sum(1,0000)		0,0469	0,9531	0,0000		sum(1,0000)		0,5355	0,4645	0,0000		sum(1,0000)		0,0000	0,9601	0,0399		sum(1,0000)		1,0000	0,0000	0,0000		sum(1,0000)		
0,2706	0,7294	0,0000		sum(1,0000)		0,3569	0,6431	0,0000		sum(1,0000)		0,0000	0,0000	1,0000		sum(1,0000)		0,6867	0,3133	0,0000		sum(1,0000)		0,0250	0,9750	0,0000		sum(1,0000)		0,0000	0,0000	1,0000		sum(1,0000)		0,8133	0,1867	0,0000		sum(1,0000)		1,0000	0,0000	0,0000		sum(1,0000)		
0,5113	0,4887	0,0000		sum(1,0000)		0,5960	0,4040	0,0000		sum(1,0000)		0,0000	0,2426	0,7574		sum(1,0000)		0,7901	0,2099	0,0000		sum(1,0000)		0,3361	0,6639	0,0000		sum(1,0000)		0,8169	0,1831	0,0000		sum(1,0000)		0,2938	0,7062	0,0000		sum(1,0000)		1,0000	0,0000	0,0000		sum(1,0000)		
0,5243	0,4757	0,0000		sum(1,0000)		0,5960	0,4040	0,0000		sum(1,0000)		0,0000	0,3144	0,6856		sum(1,0000)		0,7838	0,2162	0,0000		sum(1,0000)		0,3318	0,6682	0,0000		sum(1,0000)		0,9980	0,0020	0,0000		sum(1,0000)		0,2997	0,7003	0,0000		sum(1,0000)		1,0000	0,0000	0,0000		sum(1,0000)		
0,6349	0,3651	0,0000		sum(1,0000)		0,8202	0,1798	0,0000		sum(1,0000)		0,0000	0,0000	1,0000		sum(1,0000)		1,0000	0,0000	0,0000		sum(1,0000)		0,2375	0,7625	0,0000		sum(1,0000)		0,8844	0,1156	0,0000		sum(1,0000)		1,0000	0,0000	0,0000		sum(1,0000)		1,0000	0,0000	0,0000		sum(1,0000)		
0,0000	0,8975	0,1025		sum(1,0000)		0,0000	0,8737	0,1263		sum(1,0000)		0,0000	0,4353	0,5647		sum(1,0000)		0,0000	0,7142	0,2858		sum(1,0000)		0,0000	0,8054	0,1946		sum(1,0000)		0,0000	0,6764	0,3236		sum(1,0000)		0,0000	0,6769	0,3231		sum(1,0000)		1,0000	0,0000	0,0000		sum(1,0000)		
0,0007	0,9993	0,0000		sum(1,0000)		0,0804	0,9196	0,0000		sum(1,0000)		0,0000	0,0000	1,0000		sum(1,0000)		0,3024	0,6976	0,0000		sum(1,0000)		0,0000	0,6570	0,3430		sum(1,0000)		0,5269	0,4731	0,0000		sum(1,0000)		0,2880	0,7120	0,0000		sum(1,0000)		1,0000	0,0000	0,0000		sum(1,0000)		
0,4268	0,5732	0,0000		sum(1,0000)		0,4541	0,5459	0,0000		sum(1,0000)		0,0000	0,5335	0,4665		sum(1,0000)		0,7310	0,2690	0,0000		sum(1,0000)		0,3383	0,6617	0,0000		sum(1,0000)		1,0000	0,0000	0,0000		sum(1,0000)		0,9307	0,0693	0,0000		sum(1,0000)		1,0000	0,0000	0,0000		sum(1,0000)		
0,0000	0,9345	0,0655		sum(1,0000)		0,0000	0,9332	0,0668		sum(1,0000)		0,0000	0,2804	0,7196		sum(1,0000)		0,0448	0,9552	0,0000		sum(1,0000)		0,0000	0,8121	0,1879		sum(1,0000)		1,0000	0,0000	0,0000		sum(1,0000)		0,4288	0,5712	0,0000		sum(1,0000)		1,0000	0,0000	0,0000		sum(1,0000)		
0,0397	0,9603	0,0000		sum(1,0000)		0,0655	0,9345	0,0000		sum(1,0000)		0,0000	0,1973	0,8027		sum(1,0000)		0,3214	0,6786	0,0000		sum(1,0000)		0,0000	0,8481	0,1519		sum(1,0000)		0,6180	0,3820	0,0000		sum(1,0000)		0,3026	0,6974	0,0000		sum(1,0000)		1,0000	0,0000	0,0000		sum(1,0000)		
0,1048	0,8952	0,0000		sum(1,0000)		0,0954	0,9046	0,0000		sum(1,0000)		0,0000	0,4390	0,5610		sum(1,0000)		0,3742	0,6258	0,0000		sum(1,0000)		0,0403	0,9597	0,0000		sum(1,0000)		0,7542	0,2458	0,0000		sum(1,0000)		0,4905	0,5095	0,0000		sum(1,0000)		1,0000	0,0000	0,0000		sum(1,0000)		
0,0820	0,9180	0,0000		sum(1,0000)		0,0000	0,9867	0,0133		sum(1,0000)		0,0000	0,9792	0,0208		sum(1,0000)		0,0934	0,9066	0,0000		sum(1,0000)		0,1126	0,8874	0,0000		sum(1,0000)		1,0000	0,0000	0,0000		sum(1,0000)		0,0000	0,9058	0,0942		sum(1,0000)		1,0000	0,0000	0,0000		sum(1,0000)		
0,2219	0,7781	0,0000		sum(1,0000)		0,1850	0,8150	0,0000		sum(1,0000)		0,0000	0,6959	0,3041		sum(1,0000)		0,2897	0,7103	0,0000		sum(1,0000)		0,0819	0,9181	0,0000		sum(1,0000)		0,0730	0,9270	0,0000		sum(1,0000)		0,3936	0,6064	0,0000		sum(1,0000)		1,0000	0,0000	0,0000		sum(1,0000)		
0,0000	0,8235	0,1765		sum(1,0000)		0,0000	0,8440	0,1560		sum(1,0000)		0,0000	0,0462	0,9538		sum(1,0000)		0,1018	0,8982	0,0000		sum(1,0000)		0,0000	0,7200	0,2800		sum(1,0000)		0,0000	0,2005	0,7995		sum(1,0000)		0,4171	0,5829	0,0000		sum(1,0000)		1,0000	0,0000	0,0000		sum(1,0000)		
0,2023	0,7977	0,0000		sum(1,0000)		0,0281	0,9719	0,0000		sum(1,0000)		0,3930	0,6070	0,0000		sum(1,0000)		0,0153	0,9847	0,0000		sum(1,0000)		0,4304	0,5696	0,0000		sum(1,0000)		0,0000	0,9974	0,0026		sum(1,0000)		0,0000	0,8476	0,1524		sum(1,0000)		1,0000	0,0000	0,0000		sum(1,0000)		
0,2544	0,7456	0,0000		sum(1,0000)		0,2747	0,7253	0,0000		sum(1,0000)		0,0000	0,3937	0,6063		sum(1,0000)		0,4608	0,5392	0,0000		sum(1,0000)		0,2419	0,7581	0,0000		sum(1,0000)		0,4197	0,5803	0,0000		sum(1,0000)		0,1588	0,8412	0,0000		sum(1,0000)		1,0000	0,0000	0,0000		sum(1,0000)		
0,1926	0,8074	0,0000		sum(1,0000)		0,0356	0,9644	0,0000		sum(1,0000)		0,3366	0,6634	0,0000		sum(1,0000)		0,0000	0,9653	0,0347		sum(1,0000)		0,4304	0,5696	0,0000		sum(1,0000)		1,0000	0,0000	0,0000		sum(1,0000)		0,0000	0,7300	0,2700		sum(1,0000)		1,0000	0,0000	0,0000		sum(1,0000)		
0,0267	0,9733	0,0000		sum(1,0000)		0,0000	0,9272	0,0728		sum(1,0000)		0,0371	0,9629	0,0000		sum(1,0000)		0,0427	0,9573	0,0000		sum(1,0000)		0,2134	0,7866	0,0000		sum(1,0000)		1,0000	0,0000	0,0000		sum(1,0000)		0,0000	0,7920	0,2080		sum(1,0000)		1,0000	0,0000	0,0000		sum(1,0000)		
0,2121	0,7879	0,0000		sum(1,0000)		0,2224	0,7776	0,0000		sum(1,0000)		0,0000	0,4428	0,5572		sum(1,0000)		0,7057	0,2943	0,0000		sum(1,0000)		0,0000	0,8481	0,1519		sum(1,0000)		0,7016	0,2984	0,0000		sum(1,0000)		0,6871	0,3129	0,0000		sum(1,0000)		1,0000	0,0000	0,0000		sum(1,0000)		
0,0625	0,9375	0,0000		sum(1,0000)		0,1626	0,8374	0,0000		sum(1,0000)		0,0000	0,0000	1,0000		sum(1,0000)		0,7141	0,2859	0,0000		sum(1,0000)		0,0000	0,7694	0,2306		sum(1,0000)		1,0000	0,0000	0,0000		sum(1,0000)		0,5580	0,4420	0,0000		sum(1,0000)		1,0000	0,0000	0,0000		sum(1,0000)		
0,0000	0,9292	0,0708		sum(1,0000)		0,0000	0,9272	0,0728		sum(1,0000)		0,0000	0,2955	0,7045		sum(1,0000)		0,1272	0,8728	0,0000		sum(1,0000)		0,0000	0,7537	0,2463		sum(1,0000)		1,0000	0,0000	0,0000		sum(1,0000)		0,1647	0,8353	0,0000		sum(1,0000)		1,0000	0,0000	0,0000		sum(1,0000)		
0,9764	0,0236	0,0000		sum(1,0000)		0,8800	0,1200	0,0000		sum(1,0000)		0,8259	0,1741	0,0000		sum(1,0000)		1,0000	0,0000	0,0000		sum(1,0000)		0,6079	0,3921	0,0000		sum(1,0000)		1,0000	0,0000	0,0000		sum(1,0000)		1,0000	0,0000	0,0000		sum(1,0000)		1,0000	0,0000	0,0000		sum(1,0000)		
1,0000	0,0000	0,0000		sum(1,0000)		1,0000	0,0000	0,0000		sum(1,0000)		0,0000	0,9528	0,0472		sum(1,0000)		1,0000	0,0000	0,0000		sum(1,0000)		1,0000	0,0000	0,0000		sum(1,0000)		0,7563	0,2437	0,0000		sum(1,0000)		1,0000	0,0000	0,0000		sum(1,0000)		1,0000	0,0000	0,0000		sum(1,0000)		
1,0000	0,0000	0,0000		sum(1,0000)		1,0000	0,0000	0,0000		sum(1,0000)		0,0000	0,3597	0,6403		sum(1,0000)		1,0000	0,0000	0,0000		sum(1,0000)		0,9431	0,0569	0,0000		sum(1,0000)		0,9873	0,0127	0,0000		sum(1,0000)		1,0000	0,0000	0,0000		sum(1,0000)		1,0000	0,0000	0,0000		sum(1,0000)		
0,8951	0,1049	0,0000		sum(1,0000)		1,0000	0,0000	0,0000		sum(1,0000)		0,0000	0,0462	0,9538		sum(1,0000)		1,0000	0,0000	0,0000		sum(1,0000)		0,5860	0,4140	0,0000		sum(1,0000)		0,4776	0,5224	0,0000		sum(1,0000)		1,0000	0,0000	0,0000		sum(1,0000)		1,0000	0,0000	0,0000		sum(1,0000)		
0,6154	0,3846	0,0000		sum(1,0000)		0,6035	0,3965	0,0000		sum(1,0000)		0,0000	0,9641	0,0359		sum(1,0000)		0,6909	0,3091	0,0000		sum(1,0000)		0,5246	0,4754	0,0000		sum(1,0000)		0,0000	0,9753	0,0247		sum(1,0000)		0,5580	0,4420	0,0000		sum(1,0000)		1,0000	0,0000	0,0000		sum(1,0000)		
0,7585	0,2415	0,0000		sum(1,0000)		0,8053	0,1947	0,0000		sum(1,0000)		0,0000	0,8281	0,1719		sum(1,0000)		0,9717	0,0283	0,0000		sum(1,0000)		0,6210	0,3790	0,0000		sum(1,0000)		1,0000	0,0000	0,0000		sum(1,0000)		1,0000	0,0000	0,0000		sum(1,0000)		1,0000	0,0000	0,0000		sum(1,0000)		
0,7260	0,2740	0,0000		sum(1,0000)		0,8576	0,1424	0,0000		sum(1,0000)		0,0000	0,2124	0,7876		sum(1,0000)		1,0000	0,0000	0,0000		sum(1,0000)		0,4172	0,5828	0,0000		sum(1,0000)		0,9428	0,0572	0,0000		sum(1,0000)		1,0000	0,0000	0,0000		sum(1,0000)		1,0000	0,0000	0,0000		sum(1,0000)		
0,2511	0,7489	0,0000		sum(1,0000)		0,2075	0,7925	0,0000		sum(1,0000)		0,0000	0,7903	0,2097		sum(1,0000)		0,1947	0,8053	0,0000		sum(1,0000)		0,2616	0,7384	0,0000		sum(1,0000)		1,0000	0,0000	0,0000		sum(1,0000)		0,3760	0,6240	0,0000		sum(1,0000)		1,0000	0,0000	0,0000		sum(1,0000)		
0,3585	0,6415	0,0000		sum(1,0000)		0,2672	0,7328	0,0000		sum(1,0000)		0,1349	0,8651	0,0000		sum(1,0000)		0,2391	0,7609	0,0000		sum(1,0000)		0,3318	0,6682	0,0000		sum(1,0000)		1,0000	0,0000	0,0000		sum(1,0000)		0,4288	0,5712	0,0000		sum(1,0000)		1,0000	0,0000	0,0000		sum(1,0000)		
0,2414	0,7586	0,0000		sum(1,0000)		0,1925	0,8075	0,0000		sum(1,0000)		0,0000	0,7903	0,2097		sum(1,0000)		0,3235	0,6765	0,0000		sum(1,0000)		0,3427	0,6573	0,0000		sum(1,0000)		1,0000	0,0000	0,0000		sum(1,0000)		0,0000	0,9717	0,0283		sum(1,0000)		1,0000	0,0000	0,0000		sum(1,0000)		
0,7748	0,2252	0,0000		sum(1,0000)		0,6708	0,3292	0,0000		sum(1,0000)		0,6302	0,3698	0,0000		sum(1,0000)		0,6550	0,3450	0,0000		sum(1,0000)		0,9366	0,0634	0,0000		sum(1,0000)		0,3099	0,6901	0,0000		sum(1,0000)		0,6196	0,3804	0,0000		sum(1,0000)		1,0000	0,0000	0,0000		sum(1,0000)		
0,0000	0,3346	0,6654		sum(1,0000)		0,0000	0,2076	0,7924		sum(1,0000)		0,0000	0,9906	0,0094		sum(1,0000)		0,0000	0,1344	0,8656		sum(1,0000)		0,0000	0,4345	0,5655		sum(1,0000)		0,0189	0,9811	0,0000		sum(1,0000)		0,0000	0,0000	1,0000		sum(1,0000)		0,0000	1,0000	0,0000		sum(1,0000)		
0,0000	0,5434	0,4566		sum(1,0000)		0,0000	0,3920	0,6080		sum(1,0000)		0,1409	0,8591	0,0000		sum(1,0000)		0,0000	0,4908	0,5092		sum(1,0000)		0,0000	0,6076	0,3924		sum(1,0000)		0,0000	0,6958	0,3042		sum(1,0000)		0,0000	0,2257	0,7743		sum(1,0000)		0,0000	1,0000	0,0000		sum(1,0000)		
0,0000	0,4324	0,5676		sum(1,0000)		0,0000	0,3563	0,6437		sum(1,0000)		0,0000	0,6506	0,3494		sum(1,0000)		0,0000	0,5277	0,4723		sum(1,0000)		0,0000	0,3604	0,6396		sum(1,0000)		0,0000	0,7692	0,2308		sum(1,0000)		0,0000	0,3369	0,6631		sum(1,0000)		0,0000	1,0000	0,0000		sum(1,0000)		
0,0000	0,0000	1,0000		sum(1,0000)		0,0000	0,0411	0,9589		sum(1,0000)		0,0000	0,0000	1,0000		sum(1,0000)		0,0000	0,2027	0,7973		sum(1,0000)		0,0000	0,0000	1,0000		sum(1,0000)		0,6298	0,3702	0,0000		sum(1,0000)		0,0000	0,0000	1,0000		sum(1,0000)		0,0000	1,0000	0,0000		sum(1,0000)		
0,0000	0,5487	0,4513		sum(1,0000)		0,0000	0,4871	0,5129		sum(1,0000)		0,0000	0,5637	0,4363		sum(1,0000)		0,0000	0,4557	0,5443		sum(1,0000)		0,0000	0,6031	0,3969		sum(1,0000)		0,0574	0,9426	0,0000		sum(1,0000)		0,0000	0,2723	0,7277		sum(1,0000)		0,0000	1,0000	0,0000		sum(1,0000)		
0,0000	0,5619	0,4381		sum(1,0000)		0,0000	0,4217	0,5783		sum(1,0000)		0,0964	0,9036	0,0000		sum(1,0000)		0,0000	0,6219	0,3781		sum(1,0000)		0,0000	0,7110	0,2890		sum(1,0000)		0,0000	0,5636	0,4364		sum(1,0000)		0,0000	0,3317	0,6683		sum(1,0000)		0,0000	1,0000	0,0000		sum(1,0000)		
0,0000	0,4166	0,5834		sum(1,0000)		0,0000	0,2493	0,7507		sum(1,0000)		0,2120	0,7880	0,0000		sum(1,0000)		0,0000	0,3689	0,6311		sum(1,0000)		0,0000	0,7896	0,2104		sum(1,0000)		0,1539	0,8461	0,0000		sum(1,0000)		0,0000	0,1676	0,8324		sum(1,0000)		0,0000	1,0000	0,0000		sum(1,0000)		
0,0000	0,0000	1,0000		sum(1,0000)		0,0000	0,0000	1,0000		sum(1,0000)		0,0000	0,6506	0,3494		sum(1,0000)		0,0000	0,0000	1,0000		sum(1,0000)		0,0000	0,0000	1,0000		sum(1,0000)		0,0000	0,8167	0,1833		sum(1,0000)		0,0000	0,0000	1,0000		sum(1,0000)		0,0000	1,0000	0,0000		sum(1,0000)		
0,0000	0,0000	1,0000		sum(1,0000)		0,0000	0,0000	1,0000		sum(1,0000)		0,0000	0,6997	0,3003		sum(1,0000)		0,0000	0,0000	1,0000		sum(1,0000)		0,0000	0,2592	0,7408		sum(1,0000)		0,0000	0,4859	0,5141		sum(1,0000)		0,0000	0,0000	1,0000		sum(1,0000)		0,0000	1,0000	0,0000		sum(1,0000)		
0,0000	0,4694	0,5306		sum(1,0000)		0,0000	0,4634	0,5366		sum(1,0000)		0,0000	0,1633	0,8367		sum(1,0000)		0,0000	0,7641	0,2359		sum(1,0000)		0,0000	0,4233	0,5767		sum(1,0000)		0,6716	0,3284	0,0000		sum(1,0000)		0,0000	0,3951	0,6049		sum(1,0000)		0,0000	1,0000	0,0000		sum(1,0000)		
0,0000	0,6253	0,3747		sum(1,0000)		0,0000	0,5882	0,4118		sum(1,0000)		0,0000	0,4239	0,5761		sum(1,0000)		0,0000	0,7179	0,2821		sum(1,0000)		0,0000	0,6458	0,3542		sum(1,0000)		0,0000	0,2334	0,7666		sum(1,0000)		0,0000	0,2219	0,7781		sum(1,0000)		0,0000	1,0000	0,0000		sum(1,0000)		
0,0000	0,0466	0,9534		sum(1,0000)		0,0000	0,0828	0,9172		sum(1,0000)		0,0000	0,0000	1,0000		sum(1,0000)		0,0000	0,4760	0,5240		sum(1,0000)		0,0000	0,0000	1,0000		sum(1,0000)		0,0000	0,3456	0,6544		sum(1,0000)		0,0000	0,2231	0,7769		sum(1,0000)		0,0000	1,0000	0,0000		sum(1,0000)		
0,0000	0,0000	1,0000		sum(1,0000)		0,0000	0,0000	1,0000		sum(1,0000)		0,0000	0,1557	0,8443		sum(1,0000)		0,0000	0,0000	1,0000		sum(1,0000)		0,0000	0,0000	1,0000		sum(1,0000)		0,0000	0,4271	0,5729		sum(1,0000)		0,0000	0,0000	1,0000		sum(1,0000)		0,0000	1,0000	0,0000		sum(1,0000)		
0,0000	0,0000	1,0000		sum(1,0000)		0,0000	0,0000	1,0000		sum(1,0000)		0,0000	0,5901	0,4099		sum(1,0000)		0,0000	0,0000	1,0000		sum(1,0000)		0,0000	0,0000	1,0000		sum(1,0000)		1,0000	0,0000	0,0000		sum(1,0000)		0,0000	0,0000	1,0000		sum(1,0000)		0,0000	1,0000	0,0000		sum(1,0000)		
0,0000	0,0000	1,0000		sum(1,0000)		0,0000	0,0000	1,0000		sum(1,0000)		0,0000	0,5864	0,4136		sum(1,0000)		0,0000	0,0000	1,0000		sum(1,0000)		0,0000	0,0000	1,0000		sum(1,0000)		0,6159	0,3841	0,0000		sum(1,0000)		0,0000	0,0000	1,0000		sum(1,0000)		0,0000	1,0000	0,0000		sum(1,0000)		
0,0000	0,1655	0,8345		sum(1,0000)		0,0000	0,1422	0,8578		sum(1,0000)		0,0000	0,2464	0,7536		sum(1,0000)		0,0000	0,1676	0,8324		sum(1,0000)		0,0000	0,2323	0,7677		sum(1,0000)		0,8940	0,1060	0,0000		sum(1,0000)		0,0000	0,0000	1,0000		sum(1,0000)		0,0000	1,0000	0,0000		sum(1,0000)		
0,0000	0,0043	0,9957		sum(1,0000)		0,0000	0,0411	0,9589		sum(1,0000)		0,0000	0,0000	1,0000		sum(1,0000)		0,0000	0,3320	0,6680		sum(1,0000)		0,0000	0,0000	1,0000		sum(1,0000)		1,0000	0,0000	0,0000		sum(1,0000)		0,0000	0,0000	1,0000		sum(1,0000)		0,0000	1,0000	0,0000		sum(1,0000)		
0,0000	0,0000	1,0000		sum(1,0000)		0,0000	0,0000	1,0000		sum(1,0000)		0,2387	0,7613	0,0000		sum(1,0000)		0,0000	0,0000	1,0000		sum(1,0000)		0,0000	0,1896	0,8104		sum(1,0000)		0,2252	0,7748	0,0000		sum(1,0000)		0,0000	0,0000	1,0000		sum(1,0000)		0,0000	1,0000	0,0000		sum(1,0000)		
0,0000	0,0000	1,0000		sum(1,0000)		0,0000	0,0000	1,0000		sum(1,0000)		0,0000	0,0000	1,0000		sum(1,0000)		0,0000	0,0000	1,0000		sum(1,0000)		0,0000	0,0000	1,0000		sum(1,0000)		0,0000	0,0996	0,9004		sum(1,0000)		0,0000	0,0000	1,0000		sum(1,0000)		0,0000	1,0000	0,0000		sum(1,0000)		
0,0000	0,0000	1,0000		sum(1,0000)		0,0000	0,0000	1,0000		sum(1,0000)		0,0000	0,0000	1,0000		sum(1,0000)		0,0000	0,0000	1,0000		sum(1,0000)		0,0000	0,0000	1,0000		sum(1,0000)		0,0000	0,5118	0,4882		sum(1,0000)		0,0000	0,0000	1,0000		sum(1,0000)		0,0000	1,0000	0,0000		sum(1,0000)		
0,0000	0,0000	1,0000		sum(1,0000)		0,0000	0,0000	1,0000		sum(1,0000)		0,0000	0,7148	0,2852		sum(1,0000)		0,0000	0,0000	1,0000		sum(1,0000)		0,0000	0,0000	1,0000		sum(1,0000)		1,0000	0,0000	0,0000		sum(1,0000)		0,0000	0,0000	1,0000		sum(1,0000)		0,0000	1,0000	0,0000		sum(1,0000)		
0,0000	0,0361	0,9639		sum(1,0000)		0,0000	0,0768	0,9232		sum(1,0000)		0,0000	0,0000	1,0000		sum(1,0000)		0,0000	0,1695	0,8305		sum(1,0000)		0,0000	0,0000	1,0000		sum(1,0000)		0,5312	0,4688	0,0000		sum(1,0000)		0,0000	0,0000	1,0000		sum(1,0000)		0,0000	1,0000	0,0000		sum(1,0000)		
0,0000	0,0228	0,9772		sum(1,0000)		0,0000	0,0233	0,9767		sum(1,0000)		0,0000	0,1104	0,8896		sum(1,0000)		0,0000	0,0000	1,0000		sum(1,0000)		0,0000	0,1379	0,8621		sum(1,0000)		0,4685	0,5315	0,0000		sum(1,0000)		0,0000	0,0000	1,0000		sum(1,0000)		0,0000	1,0000	0,0000		sum(1,0000)		
0,0000	0,0810	0,9190		sum(1,0000)		0,0000	0,1660	0,8340		sum(1,0000)		0,0000	0,0000	1,0000		sum(1,0000)		0,0000	0,4188	0,5812		sum(1,0000)		0,0000	0,0000	1,0000		sum(1,0000)		0,0000	0,0000	1,0000		sum(1,0000)		0,0000	0,2257	0,7743		sum(1,0000)		0,0000	1,0000	0,0000		sum(1,0000)		
0,0000	0,1417	0,8583		sum(1,0000)		0,0000	0,0000	1,0000		sum(1,0000)		0,6480	0,3520	0,0000		sum(1,0000)		0,0000	0,0000	1,0000		sum(1,0000)		0,0000	0,6053	0,3947		sum(1,0000)		0,0000	0,5566	0,4434		sum(1,0000)		0,0000	0,0000	1,0000		sum(1,0000)		0,0000	1,0000	0,0000		sum(1,0000)		
0,0000	0,5355	0,4645		sum(1,0000)		0,0000	0,4039	0,5961		sum(1,0000)		0,0667	0,9333	0,0000		sum(1,0000)		0,0000	0,2304	0,7696		sum(1,0000)		0,0000	0,6548	0,3452		sum(1,0000)		0,2225	0,7775	0,0000		sum(1,0000)		0,0000	0,1094	0,8906		sum(1,0000)		0,0000	1,0000	0,0000		sum(1,0000)		
0,0000	0,0000	1,0000		sum(1,0000)		0,0000	0,0000	1,0000		sum(1,0000)		0,0000	0,4541	0,5459		sum(1,0000)		0,0000	0,0000	1,0000		sum(1,0000)		0,0000	0,0000	1,0000		sum(1,0000)		0,3399	0,6601	0,0000		sum(1,0000)		0,0000	0,0000	1,0000		sum(1,0000)		0,0000	1,0000	0,0000		sum(1,0000)		
0,0000	0,0000	1,0000		sum(1,0000)		0,0000	0,0000	1,0000		sum(1,0000)		0,0000	0,9377	0,0623		sum(1,0000)		0,0000	0,0000	1,0000		sum(1,0000)		0,0000	0,4548	0,5452		sum(1,0000)		1,0000	0,0000	0,0000		sum(1,0000)		0,0000	0,0000	1,0000		sum(1,0000)		0,0000	1,0000	0,0000		sum(1,0000)		
0,0000	0,1920	0,8080		sum(1,0000)		0,0000	0,0411	0,9589		sum(1,0000)		0,0993	0,9007	0,0000		sum(1,0000)		0,0000	0,0000	1,0000		sum(1,0000)		0,0000	0,5447	0,4553		sum(1,0000)		0,6743	0,3257	0,0000		sum(1,0000)		0,0000	0,0000	1,0000		sum(1,0000)		0,0000	1,0000	0,0000		sum(1,0000)		
0,0000	0,0466	0,9534		sum(1,0000)		0,0000	0,0000	1,0000		sum(1,0000)		0,0000	0,4730	0,5270		sum(1,0000)		0,0000	0,0827	0,9173		sum(1,0000)		0,0000	0,1581	0,8419		sum(1,0000)		1,0000	0,0000	0,0000		sum(1,0000)		0,0000	0,0000	1,0000		sum(1,0000)		0,0000	1,0000	0,0000		sum(1,0000)		
0,0000	0,6570	0,3430		sum(1,0000)		0,0000	0,6418	0,3582		sum(1,0000)		0,0000	0,2615	0,7385		sum(1,0000)		0,0089	0,9911	0,0000		sum(1,0000)		0,0000	0,5154	0,4846		sum(1,0000)		0,0000	0,9429	0,0571		sum(1,0000)		0,0000	0,5606	0,4394		sum(1,0000)		0,0000	1,0000	0,0000		sum(1,0000)		
0,0000	0,2395	0,7605		sum(1,0000)		0,0000	0,2790	0,7210		sum(1,0000)		0,0000	0,0000	1,0000		sum(1,0000)		0,0000	0,6902	0,3098		sum(1,0000)		0,0000	0,1356	0,8644		sum(1,0000)		1,0000	0,0000	0,0000		sum(1,0000)		0,0000	0,2774	0,7226		sum(1,0000)		0,0000	1,0000	0,0000		sum(1,0000)		
0,0000	0,0000	1,0000		sum(1,0000)		0,0000	0,0000	1,0000		sum(1,0000)		0,0000	0,0000	1,0000		sum(1,0000)		0,0000	0,2784	0,7216		sum(1,0000)		0,0000	0,0000	1,0000		sum(1,0000)		0,0000	0,8938	0,1062		sum(1,0000)		0,0000	0,0551	0,9449		sum(1,0000)		0,0000	1,0000	0,0000		sum(1,0000)		
0,0000	0,0000	1,0000		sum(1,0000)		0,0000	0,0000	1,0000		sum(1,0000)		0,0000	0,8243	0,1757		sum(1,0000)		0,0000	0,0000	1,0000		sum(1,0000)		0,0000	0,1648	0,8352		sum(1,0000)		0,4042	0,5958	0,0000		sum(1,0000)		0,0000	0,0000	1,0000		sum(1,0000)		0,0000	1,0000	0,0000		sum(1,0000)		
0,0000	0,0000	1,0000		sum(1,0000)		0,0000	0,0000	1,0000		sum(1,0000)		0,0000	0,4013	0,5987		sum(1,0000)		0,0000	0,0292	0,9708		sum(1,0000)		0,0000	0,0000	1,0000		sum(1,0000)		0,3983	0,6017	0,0000		sum(1,0000)		0,0000	0,0000	1,0000		sum(1,0000)		0,0000	1,0000	0,0000		sum(1,0000)		
0,0000	0,0176	0,9824		sum(1,0000)		0,0000	0,0233	0,9767		sum(1,0000)		0,0000	0,0688	0,9312		sum(1,0000)		0,0000	0,4188	0,5812		sum(1,0000)		0,0000	0,0000	1,0000		sum(1,0000)		0,8351	0,1649	0,0000		sum(1,0000)		0,0000	0,2231	0,7769		sum(1,0000)		0,0000	1,0000	0,0000		sum(1,0000)		
0,0000	0,0123	0,9877		sum(1,0000)		0,0000	0,0946	0,9054		sum(1,0000)		0,0000	0,0000	1,0000		sum(1,0000)		0,0000	0,2064	0,7936		sum(1,0000)		0,0000	0,0000	1,0000		sum(1,0000)		0,6797	0,3203	0,0000		sum(1,0000)		0,0000	0,0000	1,0000		sum(1,0000)		0,0000	1,0000	0,0000		sum(1,0000)		
0,0000	0,3346	0,6654		sum(1,0000)		0,0000	0,2790	0,7210		sum(1,0000)		0,0000	0,5108	0,4892		sum(1,0000)		0,0000	0,4262	0,5738		sum(1,0000)		0,0000	0,4076	0,5924		sum(1,0000)		0,1952	0,8048	0,0000		sum(1,0000)		0,0000	0,1585	0,8415		sum(1,0000)		0,0000	1,0000	0,0000		sum(1,0000)		
0,0000	0,0000	1,0000		sum(1,0000)		0,0000	0,0000	1,0000		sum(1,0000)		0,0000	0,6921	0,3079		sum(1,0000)		0,0000	0,0000	1,0000		sum(1,0000)		0,0000	0,0000	1,0000		sum(1,0000)		0,4605	0,5395	0,0000		sum(1,0000)		0,0000	0,0000	1,0000		sum(1,0000)		0,0000	1,0000	0,0000		sum(1,0000)		
0,0000	0,0915	0,9085		sum(1,0000)		0,0000	0,0649	0,9351		sum(1,0000)		0,0000	0,2653	0,7347		sum(1,0000)		0,0000	0,2046	0,7954		sum(1,0000)		0,0000	0,1806	0,8194		sum(1,0000)		1,0000	0,0000	0,0000		sum(1,0000)		0,0000	0,2038	0,7962		sum(1,0000)		0,0000	1,0000	0,0000		sum(1,0000)		
0,0000	0,1180	0,8820		sum(1,0000)		0,0000	0,1244	0,8756		sum(1,0000)		0,0000	0,0537	0,9463		sum(1,0000)		0,0000	0,2895	0,7105		sum(1,0000)		0,0000	0,0000	1,0000		sum(1,0000)		1,0000	0,0000	0,0000		sum(1,0000)		0,0000	0,3330	0,6670		sum(1,0000)		0,0000	1,0000	0,0000		sum(1,0000)		
0,0000	0,0000	1,0000		sum(1,0000)		0,0000	0,0000	1,0000		sum(1,0000)		0,0000	0,8281	0,1719		sum(1,0000)		0,0000	0,0000	1,0000		sum(1,0000)		0,0000	0,0000	1,0000		sum(1,0000)		0,2322	0,7678	0,0000		sum(1,0000)		0,0000	0,1120	0,8880		sum(1,0000)		0,0000	1,0000	0,0000		sum(1,0000)		
0,0000	0,0000	1,0000		sum(1,0000)		0,0000	0,0114	0,9886		sum(1,0000)		0,0000	0,0000	1,0000		sum(1,0000)		0,0000	0,1492	0,8508		sum(1,0000)		0,0000	0,0000	1,0000		sum(1,0000)		1,0000	0,0000	0,0000		sum(1,0000)		0,0000	0,1650	0,8350		sum(1,0000)		0,0000	1,0000	0,0000		sum(1,0000)		
0,0000	0,0000	1,0000		sum(1,0000)		0,0000	0,0000	1,0000		sum(1,0000)		0,0000	0,8055	0,1945		sum(1,0000)		0,0000	0,0088	0,9912		sum(1,0000)		0,0000	0,0390	0,9610		sum(1,0000)		0,0000	0,0000	1,0000		sum(1,0000)		0,0000	0,0000	1,0000		sum(1,0000)		0,0000	1,0000	0,0000		sum(1,0000)		
0,0000	0,0000	1,0000		sum(1,0000)		0,0000	0,0000	1,0000		sum(1,0000)		0,0000	0,2879	0,7121		sum(1,0000)		0,0000	0,0000	1,0000		sum(1,0000)		0,0000	0,0000	1,0000		sum(1,0000)		0,0000	0,6947	0,3053		sum(1,0000)		0,0000	0,0000	1,0000		sum(1,0000)		0,0000	1,0000	0,0000		sum(1,0000)		
0,0000	0,0000	1,0000		sum(1,0000)		0,0000	0,0000	1,0000		sum(1,0000)		0,0000	0,3068	0,6932		sum(1,0000)		0,0000	0,0000	1,0000		sum(1,0000)		0,0000	0,0794	0,9206		sum(1,0000)		0,9985	0,0015	0,0000		sum(1,0000)		0,0000	0,0000	1,0000		sum(1,0000)		0,0000	1,0000	0,0000		sum(1,0000)		
0,0000	0,0000	1,0000		sum(1,0000)		0,0000	0,0768	0,9232		sum(1,0000)		0,0000	0,0000	1,0000		sum(1,0000)		0,0000	0,3929	0,6071		sum(1,0000)		0,0000	0,0000	1,0000		sum(1,0000)		0,0000	0,8798	0,1202		sum(1,0000)		0,0000	0,3899	0,6101		sum(1,0000)		0,0000	1,0000	0,0000		sum(1,0000)		
0,0000	0,0000	1,0000		sum(1,0000)		0,0000	0,0000	1,0000		sum(1,0000)		0,0000	0,1708	0,8292		sum(1,0000)		0,0000	0,0347	0,9653		sum(1,0000)		0,0000	0,0000	1,0000		sum(1,0000)		0,5505	0,4495	0,0000		sum(1,0000)		0,0000	0,0000	1,0000		sum(1,0000)		0,0000	1,0000	0,0000		sum(1,0000)		
0,0000	0,0017	0,9983		sum(1,0000)		0,0000	0,0590	0,9410		sum(1,0000)		0,0000	0,0000	1,0000		sum(1,0000)		0,0000	0,0679	0,9321		sum(1,0000)		0,0000	0,0000	1,0000		sum(1,0000)		0,2531	0,7469	0,0000		sum(1,0000)		0,0000	0,1107	0,8893		sum(1,0000)		0,0000	1,0000	0,0000		sum(1,0000)		
0,0000	0,0000	1,0000		sum(1,0000)		0,0000	0,0000	1,0000		sum(1,0000)		0,0000	0,4693	0,5307		sum(1,0000)		0,0000	0,0000	1,0000		sum(1,0000)		0,0000	0,0000	1,0000		sum(1,0000)		0,5618	0,4382	0,0000		sum(1,0000)		0,0000	0,0000	1,0000		sum(1,0000)		0,0000	1,0000	0,0000		sum(1,0000)		
0,0000	0,0000	1,0000		sum(1,0000)		0,0000	0,0000	1,0000		sum(1,0000)		0,0000	0,1444	0,8556		sum(1,0000)		0,0000	0,0000	1,0000		sum(1,0000)		0,0000	0,0000	1,0000		sum(1,0000)		0,0000	0,0343	0,9657		sum(1,0000)		0,0000	0,0000	1,0000		sum(1,0000)		0,0000	1,0000	0,0000		sum(1,0000)		
0,0000	0,1999	0,8001		sum(1,0000)		0,0000	0,1244	0,8756		sum(1,0000)		0,0000	0,6166	0,3834		sum(1,0000)		0,0000	0,3781	0,6219		sum(1,0000)		0,0000	0,4300	0,5700		sum(1,0000)		0,2638	0,7362	0,0000		sum(1,0000)		0,0000	0,0525	0,9475		sum(1,0000)		0,0000	1,0000	0,0000		sum(1,0000)		
0,0000	0,7205	0,2795		sum(1,0000)		0,0000	0,5645	0,4355		sum(1,0000)		0,2447	0,7553	0,0000		sum(1,0000)		0,0000	0,9266	0,0734		sum(1,0000)		0,0000	0,8256	0,1744		sum(1,0000)		0,0000	0,9057	0,0943		sum(1,0000)		0,0000	0,4507	0,5493		sum(1,0000)		0,0000	1,0000	0,0000		sum(1,0000)		
0,0000	0,1233	0,8767		sum(1,0000)		0,0000	0,2136	0,7864		sum(1,0000)		0,0000	0,0000	1,0000		sum(1,0000)		0,0000	0,5240	0,4760		sum(1,0000)		0,0000	0,0000	1,0000		sum(1,0000)		0,6041	0,3959	0,0000		sum(1,0000)		0,0000	0,1895	0,8105		sum(1,0000)		0,0000	1,0000	0,0000		sum(1,0000)		
0,0000	0,7680	0,2320		sum(1,0000)		0,0000	0,8559	0,1441		sum(1,0000)		0,0000	0,0000	1,0000		sum(1,0000)		0,7585	0,2415	0,0000		sum(1,0000)		0,0000	0,3873	0,6127		sum(1,0000)		0,4154	0,5846	0,0000		sum(1,0000)		0,3936	0,6064	0,0000		sum(1,0000)		0,0000	1,0000	0,0000		sum(1,0000)		
0,0000	0,0387	0,9613		sum(1,0000)		0,0000	0,0887	0,9113		sum(1,0000)		0,0000	0,0000	1,0000		sum(1,0000)		0,0000	0,2821	0,7179		sum(1,0000)		0,0000	0,0000	1,0000		sum(1,0000)		0,0000	0,9586	0,0414		sum(1,0000)		0,0000	0,0771	0,9229		sum(1,0000)		0,0000	1,0000	0,0000		sum(1,0000)		
0,0000	0,0651	0,9349		sum(1,0000)		0,0000	0,0000	1,0000		sum(1,0000)		0,0000	0,8961	0,1039		sum(1,0000)		0,0000	0,0000	1,0000		sum(1,0000)		0,0000	0,3604	0,6396		sum(1,0000)		0,0000	0,8490	0,1510		sum(1,0000)		0,0000	0,0000	1,0000		sum(1,0000)		0,0000	1,0000	0,0000		sum(1,0000)		
0,0000	0,2422	0,7578		sum(1,0000)		0,0000	0,2849	0,7151		sum(1,0000)		0,0000	0,0000	1,0000		sum(1,0000)		0,0000	0,5259	0,4741		sum(1,0000)		0,0000	0,1514	0,8486		sum(1,0000)		0,9937	0,0063	0,0000		sum(1,0000)		0,0000	0,1714	0,8286		sum(1,0000)		0,0000	1,0000	0,0000		sum(1,0000)		
0,0000	0,0000	1,0000		sum(1,0000)		0,0000	0,0000	1,0000		sum(1,0000)		0,0000	0,7563	0,2437		sum(1,0000)		0,0000	0,0000	1,0000		sum(1,0000)		0,0000	0,0000	1,0000		sum(1,0000)		1,0000	0,0000	0,0000		sum(1,0000)		0,0000	0,0000	1,0000		sum(1,0000)		0,0000	1,0000	0,0000		sum(1,0000)		
0,0000	0,3558	0,6442		sum(1,0000)		0,0000	0,3979	0,6021		sum(1,0000)		0,0000	0,0000	1,0000		sum(1,0000)		0,0000	0,8730	0,1270		sum(1,0000)		0,0000	0,1446	0,8554		sum(1,0000)		0,0000	0,3230	0,6770		sum(1,0000)		0,0000	0,5050	0,4950		sum(1,0000)		0,0000	1,0000	0,0000		sum(1,0000)		
0,0000	0,1576	0,8424		sum(1,0000)		0,0000	0,2612	0,7388		sum(1,0000)		0,0000	0,0000	1,0000		sum(1,0000)		0,0000	0,5259	0,4741		sum(1,0000)		0,0000	0,0000	1,0000		sum(1,0000)		0,6829	0,3171	0,0000		sum(1,0000)		0,0000	0,1158	0,8842		sum(1,0000)		0,0000	1,0000	0,0000		sum(1,0000)		
0,0000	0,0000	1,0000		sum(1,0000)		0,0000	0,0054	0,9946		sum(1,0000)		0,0000	0,0000	1,0000		sum(1,0000)		0,0000	0,2212	0,7788		sum(1,0000)		0,0000	0,0000	1,0000		sum(1,0000)		0,6448	0,3552	0,0000		sum(1,0000)		0,0000	0,1326	0,8674		sum(1,0000)		0,0000	1,0000	0,0000		sum(1,0000)		
0,0000	0,9292	0,0708		sum(1,0000)		0,0000	0,8499	0,1501		sum(1,0000)		0,0000	0,8659	0,1341		sum(1,0000)		0,0000	0,7013	0,2987		sum(1,0000)		0,0907	0,9093	0,0000		sum(1,0000)		0,0000	0,8107	0,1893		sum(1,0000)		0,0000	0,3317	0,6683		sum(1,0000)		0,0000	1,0000	0,0000		sum(1,0000)		
0,0000	0,7231	0,2769		sum(1,0000)		0,0000	0,5942	0,4058		sum(1,0000)		0,0786	0,9214	0,0000		sum(1,0000)		0,0000	0,7733	0,2267		sum(1,0000)		0,0000	0,8076	0,1924		sum(1,0000)		0,0000	0,9165	0,0835		sum(1,0000)		0,0000	0,3317	0,6683		sum(1,0000)		0,0000	1,0000	0,0000		sum(1,0000)		
0,0000	0,8816	0,1184		sum(1,0000)		0,0000	0,8559	0,1441		sum(1,0000)		0,0000	0,4239	0,5761		sum(1,0000)		0,0000	0,9007	0,0993		sum(1,0000)		0,0000	0,7784	0,2216		sum(1,0000)		0,0000	0,5356	0,4644		sum(1,0000)		0,0000	0,2645	0,7355		sum(1,0000)		0,0000	1,0000	0,0000		sum(1,0000)		
0,0000	0,9292	0,0708		sum(1,0000)		0,0000	0,9926	0,0074		sum(1,0000)		0,0000	0,0000	1,0000		sum(1,0000)		0,5178	0,4822	0,0000		sum(1,0000)		0,0000	0,6503	0,3497		sum(1,0000)		0,2740	0,7260	0,0000		sum(1,0000)		0,0000	0,7920	0,2080		sum(1,0000)		0,0000	1,0000	0,0000		sum(1,0000)		
0,0000	0,4060	0,5940		sum(1,0000)		0,0000	0,3385	0,6615		sum(1,0000)		0,0000	0,5675	0,4325		sum(1,0000)		0,0000	0,2193	0,7807		sum(1,0000)		0,0000	0,4053	0,5947		sum(1,0000)		0,3136	0,6864	0,0000		sum(1,0000)		0,0000	0,1042	0,8958		sum(1,0000)		0,0000	1,0000	0,0000		sum(1,0000)		
0,0000	0,8790	0,1210		sum(1,0000)		0,0000	0,7012	0,2988		sum(1,0000)		0,4256	0,5744	0,0000		sum(1,0000)		0,0000	0,6348	0,3652		sum(1,0000)		0,1718	0,8282	0,0000		sum(1,0000)		0,7885	0,2115	0,0000		sum(1,0000)		0,0000	0,2231	0,7769		sum(1,0000)		0,0000	1,0000	0,0000		sum(1,0000)		
0,0000	0,8711	0,1289		sum(1,0000)		0,0000	0,7250	0,2750		sum(1,0000)		0,2684	0,7316	0,0000		sum(1,0000)		0,0000	0,7973	0,2027		sum(1,0000)		0,0513	0,9487	0,0000		sum(1,0000)		0,7429	0,2571	0,0000		sum(1,0000)		0,0000	0,3873	0,6127		sum(1,0000)		0,0000	1,0000	0,0000		sum(1,0000)		
0,0000	0,7046	0,2954		sum(1,0000)		0,0000	0,6834	0,3166		sum(1,0000)		0,0000	0,3219	0,6781		sum(1,0000)		0,0000	0,7234	0,2766		sum(1,0000)		0,0000	0,6346	0,3654		sum(1,0000)		0,1834	0,8166	0,0000		sum(1,0000)		0,0000	0,1676	0,8324		sum(1,0000)		0,0000	1,0000	0,0000		sum(1,0000)		
0,6642	0,3358	0,0000		sum(1,0000)		0,5437	0,4563	0,0000		sum(1,0000)		0,5650	0,4350	0,0000		sum(1,0000)		0,5283	0,4717	0,0000		sum(1,0000)		0,6911	0,3089	0,0000		sum(1,0000)		0,0000	0,3564	0,6436		sum(1,0000)		0,0000	0,8489	0,1511		sum(1,0000)		0,0000	0,0000	1,0000		sum(1,0000)		
0,5829	0,4171	0,0000		sum(1,0000)		0,5288	0,4712	0,0000		sum(1,0000)		0,1705	0,8295	0,0000		sum(1,0000)		0,3826	0,6174	0,0000		sum(1,0000)		0,5180	0,4820	0,0000		sum(1,0000)		0,0000	0,0000	1,0000		sum(1,0000)		0,0000	0,7907	0,2093		sum(1,0000)		0,0000	0,0000	1,0000		sum(1,0000)		
0,5764	0,4236	0,0000		sum(1,0000)		0,5213	0,4787	0,0000		sum(1,0000)		0,1498	0,8502	0,0000		sum(1,0000)		0,7036	0,2964	0,0000		sum(1,0000)		0,5158	0,4842	0,0000		sum(1,0000)		0,0000	0,0000	1,0000		sum(1,0000)		0,0000	0,9627	0,0373		sum(1,0000)		0,0000	0,0000	1,0000		sum(1,0000)		
0,9407	0,0593	0,0000		sum(1,0000)		0,9921	0,0079	0,0000		sum(1,0000)		0,0549	0,9451	0,0000		sum(1,0000)		1,0000	0,0000	0,0000		sum(1,0000)		0,7503	0,2497	0,0000		sum(1,0000)		0,0000	0,2674	0,7326		sum(1,0000)		0,1676	0,8324	0,0000		sum(1,0000)		0,0000	0,0000	1,0000		sum(1,0000)		
1,0000	0,0000	0,0000		sum(1,0000)		0,9323	0,0677	0,0000		sum(1,0000)		1,0000	0,0000	0,0000		sum(1,0000)		0,8619	0,1381	0,0000		sum(1,0000)		1,0000	0,0000	0,0000		sum(1,0000)		0,0000	0,8059	0,1941		sum(1,0000)		0,2938	0,7062	0,0000		sum(1,0000)		0,0000	0,0000	1,0000		sum(1,0000)		
1,0000	0,0000	0,0000		sum(1,0000)		1,0000	0,0000	0,0000		sum(1,0000)		1,0000	0,0000	0,0000		sum(1,0000)		0,9358	0,0642	0,0000		sum(1,0000)		1,0000	0,0000	0,0000		sum(1,0000)		0,0000	0,0000	1,0000		sum(1,0000)		0,0092	0,9908	0,0000		sum(1,0000)		0,0000	0,0000	1,0000		sum(1,0000)		
1,0000	0,0000	0,0000		sum(1,0000)		1,0000	0,0000	0,0000		sum(1,0000)		0,9950	0,0050	0,0000		sum(1,0000)		1,0000	0,0000	0,0000		sum(1,0000)		1,0000	0,0000	0,0000		sum(1,0000)		1,0000	0,0000	0,0000		sum(1,0000)		0,4288	0,5712	0,0000		sum(1,0000)		0,0000	0,0000	1,0000		sum(1,0000)		
0,8528	0,1472	0,0000		sum(1,0000)		0,8875	0,1125	0,0000		sum(1,0000)		0,0371	0,9629	0,0000		sum(1,0000)		0,9611	0,0389	0,0000		sum(1,0000)		0,7503	0,2497	0,0000		sum(1,0000)		0,0000	0,8328	0,1672		sum(1,0000)		0,8103	0,1897	0,0000		sum(1,0000)		0,0000	0,0000	1,0000		sum(1,0000)		
0,7845	0,2155	0,0000		sum(1,0000)		0,7007	0,2993	0,0000		sum(1,0000)		0,5323	0,4677	0,0000		sum(1,0000)		0,7099	0,2901	0,0000		sum(1,0000)		0,8730	0,1270	0,0000		sum(1,0000)		0,4562	0,5438	0,0000		sum(1,0000)		0,0000	0,9510	0,0490		sum(1,0000)		0,0000	0,0000	1,0000		sum(1,0000)		
1,0000	0,0000	0,0000		sum(1,0000)		1,0000	0,0000	0,0000		sum(1,0000)		1,0000	0,0000	0,0000		sum(1,0000)		0,8556	0,1444	0,0000		sum(1,0000)		1,0000	0,0000	0,0000		sum(1,0000)		0,0000	0,2712	0,7288		sum(1,0000)		0,2469	0,7531	0,0000		sum(1,0000)		0,0000	0,0000	1,0000		sum(1,0000)		
1,0000	0,0000	0,0000		sum(1,0000)		1,0000	0,0000	0,0000		sum(1,0000)		0,5175	0,4825	0,0000		sum(1,0000)		0,9696	0,0304	0,0000		sum(1,0000)		1,0000	0,0000	0,0000		sum(1,0000)		0,0000	0,4152	0,5848		sum(1,0000)		0,0000	0,9627	0,0373		sum(1,0000)		0,0000	0,0000	1,0000		sum(1,0000)		
1,0000	0,0000	0,0000		sum(1,0000)		0,8426	0,1574	0,0000		sum(1,0000)		1,0000	0,0000	0,0000		sum(1,0000)		0,6698	0,3302	0,0000		sum(1,0000)		1,0000	0,0000	0,0000		sum(1,0000)		0,0000	0,0000	1,0000		sum(1,0000)		0,0238	0,9762	0,0000		sum(1,0000)		0,0000	0,0000	1,0000		sum(1,0000)		
0,9277	0,0723	0,0000		sum(1,0000)		0,7829	0,2171	0,0000		sum(1,0000)		1,0000	0,0000	0,0000		sum(1,0000)		0,6634	0,3366	0,0000		sum(1,0000)		1,0000	0,0000	0,0000		sum(1,0000)		0,0000	0,6521	0,3479		sum(1,0000)		0,0000	0,8941	0,1059		sum(1,0000)		0,0000	0,0000	1,0000		sum(1,0000)		
1,0000	0,0000	0,0000		sum(1,0000)		1,0000	0,0000	0,0000		sum(1,0000)		1,0000	0,0000	0,0000		sum(1,0000)		1,0000	0,0000	0,0000		sum(1,0000)		1,0000	0,0000	0,0000		sum(1,0000)		0,4176	0,5824	0,0000		sum(1,0000)		0,8133	0,1867	0,0000		sum(1,0000)		0,0000	0,0000	1,0000		sum(1,0000)		
1,0000	0,0000	0,0000		sum(1,0000)		1,0000	0,0000	0,0000		sum(1,0000)		0,8556	0,1444	0,0000		sum(1,0000)		1,0000	0,0000	0,0000		sum(1,0000)		1,0000	0,0000	0,0000		sum(1,0000)		0,0339	0,9661	0,0000		sum(1,0000)		0,0444	0,9556	0,0000		sum(1,0000)		0,0000	0,0000	1,0000		sum(1,0000)		
1,0000	0,0000	0,0000		sum(1,0000)		1,0000	0,0000	0,0000		sum(1,0000)		1,0000	0,0000	0,0000		sum(1,0000)		0,9970	0,0030	0,0000		sum(1,0000)		1,0000	0,0000	0,0000		sum(1,0000)		0,0000	0,0818	0,9182		sum(1,0000)		0,1735	0,8265	0,0000		sum(1,0000)		0,0000	0,0000	1,0000		sum(1,0000)		
1,0000	0,0000	0,0000		sum(1,0000)		1,0000	0,0000	0,0000		sum(1,0000)		0,2209	0,7791	0,0000		sum(1,0000)		1,0000	0,0000	0,0000		sum(1,0000)		1,0000	0,0000	0,0000		sum(1,0000)		0,4096	0,5904	0,0000		sum(1,0000)		0,8074	0,1926	0,0000		sum(1,0000)		0,0000	0,0000	1,0000		sum(1,0000)		
0,9699	0,0301	0,0000		sum(1,0000)		0,6857	0,3143	0,0000		sum(1,0000)		1,0000	0,0000	0,0000		sum(1,0000)		0,6930	0,3070	0,0000		sum(1,0000)		1,0000	0,0000	0,0000		sum(1,0000)		0,0000	0,6149	0,3851		sum(1,0000)		0,1706	0,8294	0,0000		sum(1,0000)		0,0000	0,0000	1,0000		sum(1,0000)		
1,0000	0,0000	0,0000		sum(1,0000)		0,8426	0,1574	0,0000		sum(1,0000)		1,0000	0,0000	0,0000		sum(1,0000)		0,5874	0,4126	0,0000		sum(1,0000)		1,0000	0,0000	0,0000		sum(1,0000)		0,0000	0,8560	0,1440		sum(1,0000)		0,0000	0,9588	0,0412		sum(1,0000)		0,0000	0,0000	1,0000		sum(1,0000)		
1,0000	0,0000	0,0000		sum(1,0000)		1,0000	0,0000	0,0000		sum(1,0000)		1,0000	0,0000	0,0000		sum(1,0000)		0,8830	0,1170	0,0000		sum(1,0000)		1,0000	0,0000	0,0000		sum(1,0000)		0,0000	0,3111	0,6889		sum(1,0000)		0,0000	0,9588	0,0412		sum(1,0000)		0,0000	0,0000	1,0000		sum(1,0000)		
0,8366	0,1634	0,0000		sum(1,0000)		0,7306	0,2694	0,0000		sum(1,0000)		0,7281	0,2719	0,0000		sum(1,0000)		0,5727	0,4273	0,0000		sum(1,0000)		0,9431	0,0569	0,0000		sum(1,0000)		0,5516	0,4484	0,0000		sum(1,0000)		0,0000	0,7248	0,2752		sum(1,0000)		0,0000	0,0000	1,0000		sum(1,0000)		
1,0000	0,0000	0,0000		sum(1,0000)		0,9846	0,0154	0,0000		sum(1,0000)		0,4967	0,5033	0,0000		sum(1,0000)		0,7859	0,2141	0,0000		sum(1,0000)		1,0000	0,0000	0,0000		sum(1,0000)		0,0000	0,9138	0,0862		sum(1,0000)		0,0000	0,9614	0,0386		sum(1,0000)		0,0000	0,0000	1,0000		sum(1,0000)		
0,9960	0,0040	0,0000		sum(1,0000)		0,9248	0,0752	0,0000		sum(1,0000)		0,7548	0,2452	0,0000		sum(1,0000)		0,9611	0,0389	0,0000		sum(1,0000)		1,0000	0,0000	0,0000		sum(1,0000)		0,0000	0,5269	0,4731		sum(1,0000)		0,6812	0,3188	0,0000		sum(1,0000)		0,0000	0,0000	1,0000		sum(1,0000)		
0,8333	0,1667	0,0000		sum(1,0000)		0,8053	0,1947	0,0000		sum(1,0000)		0,3336	0,6664	0,0000		sum(1,0000)		0,8218	0,1782	0,0000		sum(1,0000)		0,7481	0,2519	0,0000		sum(1,0000)		0,0000	0,8339	0,1661		sum(1,0000)		0,2997	0,7003	0,0000		sum(1,0000)		0,0000	0,0000	1,0000		sum(1,0000)		
1,0000	0,0000	0,0000		sum(1,0000)		1,0000	0,0000	0,0000		sum(1,0000)		0,3336	0,6664	0,0000		sum(1,0000)		1,0000	0,0000	0,0000		sum(1,0000)		1,0000	0,0000	0,0000		sum(1,0000)		0,0000	0,0000	1,0000		sum(1,0000)		0,6724	0,3276	0,0000		sum(1,0000)		0,0000	0,0000	1,0000		sum(1,0000)		
0,9797	0,0203	0,0000		sum(1,0000)		1,0000	0,0000	0,0000		sum(1,0000)		0,0000	0,5373	0,4627		sum(1,0000)		1,0000	0,0000	0,0000		sum(1,0000)		0,8073	0,1927	0,0000		sum(1,0000)		1,0000	0,0000	0,0000		sum(1,0000)		0,6519	0,3481	0,0000		sum(1,0000)		0,0000	0,0000	1,0000		sum(1,0000)		
0,8691	0,1309	0,0000		sum(1,0000)		0,7903	0,2097	0,0000		sum(1,0000)		0,6183	0,3817	0,0000		sum(1,0000)		0,8513	0,1487	0,0000		sum(1,0000)		0,9037	0,0963	0,0000		sum(1,0000)		0,0000	0,5615	0,4385		sum(1,0000)		0,0238	0,9762	0,0000		sum(1,0000)		0,0000	0,0000	1,0000		sum(1,0000)		
0,9634	0,0366	0,0000		sum(1,0000)		0,8950	0,1050	0,0000		sum(1,0000)		0,6747	0,3253	0,0000		sum(1,0000)		0,6444	0,3556	0,0000		sum(1,0000)		1,0000	0,0000	0,0000		sum(1,0000)		0,2536	0,7464	0,0000		sum(1,0000)		0,0000	0,9226	0,0774		sum(1,0000)		0,0000	0,0000	1,0000		sum(1,0000)		
1,0000	0,0000	0,0000		sum(1,0000)		1,0000	0,0000	0,0000		sum(1,0000)		1,0000	0,0000	0,0000		sum(1,0000)		1,0000	0,0000	0,0000		sum(1,0000)		1,0000	0,0000	0,0000		sum(1,0000)		0,0000	0,8782	0,1218		sum(1,0000)		0,4288	0,5712	0,0000		sum(1,0000)		0,0000	0,0000	1,0000		sum(1,0000)		
1,0000	0,0000	0,0000		sum(1,0000)		1,0000	0,0000	0,0000		sum(1,0000)		0,9238	0,0762	0,0000		sum(1,0000)		1,0000	0,0000	0,0000		sum(1,0000)		1,0000	0,0000	0,0000		sum(1,0000)		0,3163	0,6837	0,0000		sum(1,0000)		0,5580	0,4420	0,0000		sum(1,0000)		0,0000	0,0000	1,0000		sum(1,0000)		
1,0000	0,0000	0,0000		sum(1,0000)		1,0000	0,0000	0,0000		sum(1,0000)		1,0000	0,0000	0,0000		sum(1,0000)		0,8387	0,1613	0,0000		sum(1,0000)		1,0000	0,0000	0,0000		sum(1,0000)		0,0000	0,0000	1,0000		sum(1,0000)		0,3379	0,6621	0,0000		sum(1,0000)		0,0000	0,0000	1,0000		sum(1,0000)		
1,0000	0,0000	0,0000		sum(1,0000)		1,0000	0,0000	0,0000		sum(1,0000)		0,6391	0,3609	0,0000		sum(1,0000)		1,0000	0,0000	0,0000		sum(1,0000)		1,0000	0,0000	0,0000		sum(1,0000)		0,0000	0,0000	1,0000		sum(1,0000)		0,9453	0,0547	0,0000		sum(1,0000)		0,0000	0,0000	1,0000		sum(1,0000)		
1,0000	0,0000	0,0000		sum(1,0000)		1,0000	0,0000	0,0000		sum(1,0000)		0,7459	0,2541	0,0000		sum(1,0000)		1,0000	0,0000	0,0000		sum(1,0000)		1,0000	0,0000	0,0000		sum(1,0000)		0,0000	0,8933	0,1067		sum(1,0000)		0,8162	0,1838	0,0000		sum(1,0000)		0,0000	0,0000	1,0000		sum(1,0000)		
1,0000	0,0000	0,0000		sum(1,0000)		1,0000	0,0000	0,0000		sum(1,0000)		0,8764	0,1236	0,0000		sum(1,0000)		1,0000	0,0000	0,0000		sum(1,0000)		1,0000	0,0000	0,0000		sum(1,0000)		0,0000	0,2032	0,7968		sum(1,0000)		0,5550	0,4450	0,0000		sum(1,0000)		0,0000	0,0000	1,0000		sum(1,0000)		
1,0000	0,0000	0,0000		sum(1,0000)		1,0000	0,0000	0,0000		sum(1,0000)		1,0000	0,0000	0,0000		sum(1,0000)		0,9379	0,0621	0,0000		sum(1,0000)		1,0000	0,0000	0,0000		sum(1,0000)		0,0000	0,4222	0,5778		sum(1,0000)		0,2733	0,7267	0,0000		sum(1,0000)		0,0000	0,0000	1,0000		sum(1,0000)		
1,0000	0,0000	0,0000		sum(1,0000)		1,0000	0,0000	0,0000		sum(1,0000)		0,2387	0,7613	0,0000		sum(1,0000)		1,0000	0,0000	0,0000		sum(1,0000)		1,0000	0,0000	0,0000		sum(1,0000)		0,0000	0,6429	0,3571		sum(1,0000)		0,6313	0,3687	0,0000		sum(1,0000)		0,0000	0,0000	1,0000		sum(1,0000)		
1,0000	0,0000	0,0000		sum(1,0000)		1,0000	0,0000	0,0000		sum(1,0000)		0,9357	0,0643	0,0000		sum(1,0000)		1,0000	0,0000	0,0000		sum(1,0000)		1,0000	0,0000	0,0000		sum(1,0000)		0,0000	0,3397	0,6603		sum(1,0000)		0,5462	0,4538	0,0000		sum(1,0000)		0,0000	0,0000	1,0000		sum(1,0000)		
1,0000	0,0000	0,0000		sum(1,0000)		1,0000	0,0000	0,0000		sum(1,0000)		1,0000	0,0000	0,0000		sum(1,0000)		1,0000	0,0000	0,0000		sum(1,0000)		1,0000	0,0000	0,0000		sum(1,0000)		0,0000	0,6812	0,3188		sum(1,0000)		0,9248	0,0752	0,0000		sum(1,0000)		0,0000	0,0000	1,0000		sum(1,0000)		
1,0000	0,0000	0,0000		sum(1,0000)		1,0000	0,0000	0,0000		sum(1,0000)		0,5857	0,4143	0,0000		sum(1,0000)		1,0000	0,0000	0,0000		sum(1,0000)		1,0000	0,0000	0,0000		sum(1,0000)		0,0000	0,0478	0,9522		sum(1,0000)		0,8103	0,1897	0,0000		sum(1,0000)		0,0000	0,0000	1,0000		sum(1,0000)		
0,9439	0,0561	0,0000		sum(1,0000)		0,8800	0,1200	0,0000		sum(1,0000)		0,6450	0,3550	0,0000		sum(1,0000)		0,7711	0,2289	0,0000		sum(1,0000)		0,9125	0,0875	0,0000		sum(1,0000)		1,0000	0,0000	0,0000		sum(1,0000)		0,2938	0,7062	0,0000		sum(1,0000)		0,0000	0,0000	1,0000		sum(1,0000)		
1,0000	0,0000	0,0000		sum(1,0000)		1,0000	0,0000	0,0000		sum(1,0000)		0,3277	0,6723	0,0000		sum(1,0000)		1,0000	0,0000	0,0000		sum(1,0000)		1,0000	0,0000	0,0000		sum(1,0000)		0,0000	0,5436	0,4564		sum(1,0000)		1,0000	0,0000	0,0000		sum(1,0000)		0,0000	0,0000	1,0000		sum(1,0000)		
0,8626	0,1374	0,0000		sum(1,0000)		0,9248	0,0752	0,0000		sum(1,0000)		0,0000	0,8659	0,1341		sum(1,0000)		1,0000	0,0000	0,0000		sum(1,0000)		0,6407	0,3593	0,0000		sum(1,0000)		0,0000	0,5275	0,4725		sum(1,0000)		0,3848	0,6152	0,0000		sum(1,0000)		0,0000	0,0000	1,0000		sum(1,0000)		
0,9504	0,0496	0,0000		sum(1,0000)		0,9622	0,0378	0,0000		sum(1,0000)		0,2714	0,7286	0,0000		sum(1,0000)		1,0000	0,0000	0,0000		sum(1,0000)		0,8774	0,1226	0,0000		sum(1,0000)		0,0000	0,5976	0,4024		sum(1,0000)		0,3525	0,6475	0,0000		sum(1,0000)		0,0000	0,0000	1,0000		sum(1,0000)		
1,0000	0,0000	0,0000		sum(1,0000)		1,0000	0,0000	0,0000		sum(1,0000)		0,2832	0,7168	0,0000		sum(1,0000)		1,0000	0,0000	0,0000		sum(1,0000)		1,0000	0,0000	0,0000		sum(1,0000)		0,0000	0,4077	0,5923		sum(1,0000)		0,4200	0,5800	0,0000		sum(1,0000)		0,0000	0,0000	1,0000		sum(1,0000)		
0,7227	0,2773	0,0000		sum(1,0000)		0,6558	0,3442	0,0000		sum(1,0000)		0,3841	0,6159	0,0000		sum(1,0000)		0,4798	0,5202	0,0000		sum(1,0000)		0,6210	0,3790	0,0000		sum(1,0000)		0,0000	0,0000	1,0000		sum(1,0000)		0,0000	0,9510	0,0490		sum(1,0000)		0,0000	0,0000	1,0000		sum(1,0000)		
1,0000	0,0000	0,0000		sum(1,0000)		0,9996	0,0004	0,0000		sum(1,0000)		1,0000	0,0000	0,0000		sum(1,0000)		0,7585	0,2415	0,0000		sum(1,0000)		1,0000	0,0000	0,0000		sum(1,0000)		0,0264	0,9736	0,0000		sum(1,0000)		0,2821	0,7179	0,0000		sum(1,0000)		0,0000	0,0000	1,0000		sum(1,0000)		
1,0000	0,0000	0,0000		sum(1,0000)		0,8950	0,1050	0,0000		sum(1,0000)		1,0000	0,0000	0,0000		sum(1,0000)		0,6529	0,3471	0,0000		sum(1,0000)		1,0000	0,0000	0,0000		sum(1,0000)		0,0000	0,5755	0,4245		sum(1,0000)		0,0000	0,9045	0,0955		sum(1,0000)		0,0000	0,0000	1,0000		sum(1,0000)		
1,0000	0,0000	0,0000		sum(1,0000)		1,0000	0,0000	0,0000		sum(1,0000)		0,8853	0,1147	0,0000		sum(1,0000)		1,0000	0,0000	0,0000		sum(1,0000)		1,0000	0,0000	0,0000		sum(1,0000)		0,0000	0,9634	0,0366		sum(1,0000)		0,9453	0,0547	0,0000		sum(1,0000)		0,0000	0,0000	1,0000		sum(1,0000)		
1,0000	0,0000	0,0000		sum(1,0000)		1,0000	0,0000	0,0000		sum(1,0000)		0,2269	0,7731	0,0000		sum(1,0000)		1,0000	0,0000	0,0000		sum(1,0000)		1,0000	0,0000	0,0000		sum(1,0000)		0,0000	0,0000	1,0000		sum(1,0000)		0,9424	0,0576	0,0000		sum(1,0000)		0,0000	0,0000	1,0000		sum(1,0000)		
1,0000	0,0000	0,0000		sum(1,0000)		1,0000	0,0000	0,0000		sum(1,0000)		0,0667	0,9333	0,0000		sum(1,0000)		1,0000	0,0000	0,0000		sum(1,0000)		1,0000	0,0000	0,0000		sum(1,0000)		0,0000	0,5339	0,4661		sum(1,0000)		1,0000	0,0000	0,0000		sum(1,0000)		0,0000	0,0000	1,0000		sum(1,0000)		
1,0000	0,0000	0,0000		sum(1,0000)		1,0000	0,0000	0,0000		sum(1,0000)		0,8319	0,1681	0,0000		sum(1,0000)		1,0000	0,0000	0,0000		sum(1,0000)		1,0000	0,0000	0,0000		sum(1,0000)		0,0000	0,3057	0,6943		sum(1,0000)		0,6842	0,3158	0,0000		sum(1,0000)		0,0000	0,0000	1,0000		sum(1,0000)		
1,0000	0,0000	0,0000		sum(1,0000)		1,0000	0,0000	0,0000		sum(1,0000)		0,3188	0,6812	0,0000		sum(1,0000)		1,0000	0,0000	0,0000		sum(1,0000)		1,0000	0,0000	0,0000		sum(1,0000)		0,0676	0,9324	0,0000		sum(1,0000)		0,8133	0,1867	0,0000		sum(1,0000)		0,0000	0,0000	1,0000		sum(1,0000)		
1,0000	0,0000	0,0000		sum(1,0000)		1,0000	0,0000	0,0000		sum(1,0000)		0,0000	0,5297	0,4703		sum(1,0000)		1,0000	0,0000	0,0000		sum(1,0000)		0,7810	0,2190	0,0000		sum(1,0000)		0,2756	0,7244	0,0000		sum(1,0000)		0,4288	0,5712	0,0000		sum(1,0000)		0,0000	0,0000	1,0000		sum(1,0000)		
1,0000	0,0000	0,0000		sum(1,0000)		1,0000	0,0000	0,0000		sum(1,0000)		1,0000	0,0000	0,0000		sum(1,0000)		1,0000	0,0000	0,0000		sum(1,0000)		1,0000	0,0000	0,0000		sum(1,0000)		0,0000	0,5998	0,4002		sum(1,0000)		0,5550	0,4450	0,0000		sum(1,0000)		0,0000	0,0000	1,0000		sum(1,0000)		
0,9764	0,0236	0,0000		sum(1,0000)		1,0000	0,0000	0,0000		sum(1,0000)		0,0934	0,9066	0,0000		sum(1,0000)		1,0000	0,0000	0,0000		sum(1,0000)		0,7328	0,2672	0,0000		sum(1,0000)		0,0000	0,9888	0,0112		sum(1,0000)		0,7810	0,2190	0,0000		sum(1,0000)		0,0000	0,0000	1,0000		sum(1,0000)		
0,7520	0,2480	0,0000		sum(1,0000)		0,8800	0,1200	0,0000		sum(1,0000)		0,0000	0,2842	0,7158		sum(1,0000)		1,0000	0,0000	0,0000		sum(1,0000)		0,4019	0,5981	0,0000		sum(1,0000)		0,0000	0,5890	0,4110		sum(1,0000)		1,0000	0,0000	0,0000		sum(1,0000)		0,0000	0,0000	1,0000		sum(1,0000)		
0,7553	0,2447	0,0000		sum(1,0000)		0,8352	0,1648	0,0000		sum(1,0000)		0,0000	0,5637	0,4363		sum(1,0000)		1,0000	0,0000	0,0000		sum(1,0000)		0,5597	0,4403	0,0000		sum(1,0000)		0,0000	0,2598	0,7402		sum(1,0000)		0,9395	0,0605	0,0000		sum(1,0000)		0,0000	0,0000	1,0000		sum(1,0000)		
0,5666	0,4334	0,0000		sum(1,0000)		0,6484	0,3516	0,0000		sum(1,0000)		0,0000	0,3257	0,6743		sum(1,0000)		0,8492	0,1508	0,0000		sum(1,0000)		0,3975	0,6025	0,0000		sum(1,0000)		0,0000	0,6985	0,3015		sum(1,0000)		0,5492	0,4508	0,0000		sum(1,0000)		0,0000	0,0000	1,0000		sum(1,0000)		
0,8106	0,1894	0,0000		sum(1,0000)		0,7306	0,2694	0,0000		sum(1,0000)		0,5620	0,4380	0,0000		sum(1,0000)		0,6592	0,3408	0,0000		sum(1,0000)		0,8730	0,1270	0,0000		sum(1,0000)		0,4315	0,5685	0,0000		sum(1,0000)		0,1383	0,8617	0,0000		sum(1,0000)		0,0000	0,0000	1,0000		sum(1,0000)		
0,7650	0,2350	0,0000		sum(1,0000)		0,9473	0,0527	0,0000		sum(1,0000)		0,0000	0,0000	1,0000		sum(1,0000)		1,0000	0,0000	0,0000		sum(1,0000)		0,3383	0,6617	0,0000		sum(1,0000)		0,6877	0,3123	0,0000		sum(1,0000)		1,0000	0,0000	0,0000		sum(1,0000)		0,0000	0,0000	1,0000		sum(1,0000)		
0,8886	0,1114	0,0000		sum(1,0000)		0,9024	0,0976	0,0000		sum(1,0000)		0,1824	0,8176	0,0000		sum(1,0000)		1,0000	0,0000	0,0000		sum(1,0000)		0,7021	0,2979	0,0000		sum(1,0000)		0,0000	0,2658	0,7342		sum(1,0000)		0,6842	0,3158	0,0000		sum(1,0000)		0,0000	0,0000	1,0000		sum(1,0000)		
0,7943	0,2057	0,0000		sum(1,0000)		0,9921	0,0079	0,0000		sum(1,0000)		0,0000	0,0000	1,0000		sum(1,0000)		1,0000	0,0000	0,0000		sum(1,0000)		0,3822	0,6178	0,0000		sum(1,0000)		0,9707	0,0293	0,0000		sum(1,0000)		1,0000	0,0000	0,0000		sum(1,0000)		0,0000	0,0000	1,0000		sum(1,0000)		
1,0000	0,0000	0,0000		sum(1,0000)		1,0000	0,0000	0,0000		sum(1,0000)		0,0000	0,9641	0,0359		sum(1,0000)		1,0000	0,0000	0,0000		sum(1,0000)		1,0000	0,0000	0,0000		sum(1,0000)		0,0323	0,9677	0,0000		sum(1,0000)		1,0000	0,0000	0,0000		sum(1,0000)		0,0000	0,0000	1,0000		sum(1,0000)		
0,7845	0,2155	0,0000		sum(1,0000)		0,9248	0,0752	0,0000		sum(1,0000)		0,0000	0,2313	0,7687		sum(1,0000)		1,0000	0,0000	0,0000		sum(1,0000)		0,4786	0,5214	0,0000		sum(1,0000)		0,0000	0,0000	1,0000		sum(1,0000)		0,8162	0,1838	0,0000		sum(1,0000)		0,0000	0,0000	1,0000		sum(1,0000)		
0,8919	0,1081	0,0000		sum(1,0000)		0,8800	0,1200	0,0000		sum(1,0000)		0,3069	0,6931	0,0000		sum(1,0000)		1,0000	0,0000	0,0000		sum(1,0000)		0,7656	0,2344	0,0000		sum(1,0000)		0,1030	0,8970	0,0000		sum(1,0000)		0,8133	0,1867	0,0000		sum(1,0000)		0,0000	0,0000	1,0000		sum(1,0000)		
0,9504	0,0496	0,0000		sum(1,0000)		1,0000	0,0000	0,0000		sum(1,0000)		0,0000	0,5750	0,4250		sum(1,0000)		1,0000	0,0000	0,0000		sum(1,0000)		0,7196	0,2804	0,0000		sum(1,0000)		0,2573	0,7427	0,0000		sum(1,0000)		1,0000	0,0000	0,0000		sum(1,0000)		0,0000	0,0000	1,0000		sum(1,0000)		
1,0000	0,0000	0,0000		sum(1,0000)		1,0000	0,0000	0,0000		sum(1,0000)		0,4730	0,5270	0,0000		sum(1,0000)		1,0000	0,0000	0,0000		sum(1,0000)		1,0000	0,0000	0,0000		sum(1,0000)		0,0000	0,8846	0,1154		sum(1,0000)		0,8074	0,1926	0,0000		sum(1,0000)		0,0000	0,0000	1,0000		sum(1,0000)		
0,6219	0,3781	0,0000		sum(1,0000)		0,7380	0,2620	0,0000		sum(1,0000)		0,0000	0,1973	0,8027		sum(1,0000)		1,0000	0,0000	0,0000		sum(1,0000)		0,1696	0,8304	0,0000		sum(1,0000)		0,0000	0,0000	1,0000		sum(1,0000)		0,6519	0,3481	0,0000		sum(1,0000)		0,0000	0,0000	1,0000		sum(1,0000)		
1,0000	0,0000	0,0000		sum(1,0000)		1,0000	0,0000	0,0000		sum(1,0000)		0,4434	0,5566	0,0000		sum(1,0000)		1,0000	0,0000	0,0000		sum(1,0000)		1,0000	0,0000	0,0000		sum(1,0000)		0,2750	0,7250	0,0000		sum(1,0000)		0,6871	0,3129	0,0000		sum(1,0000)		0,0000	0,0000	1,0000		sum(1,0000)		
0,9146	0,0854	0,0000		sum(1,0000)		0,9772	0,0228	0,0000		sum(1,0000)		0,0000	0,9490	0,0510		sum(1,0000)		1,0000	0,0000	0,0000		sum(1,0000)		0,7350	0,2650	0,0000		sum(1,0000)		0,0000	0,1768	0,8232		sum(1,0000)		0,6313	0,3687	0,0000		sum(1,0000)		0,0000	0,0000	1,0000		sum(1,0000)		

