Total Entropy of dimension on intervals
Dimension:  	0, Interval: 	1, Total Entropy = 	99999999999
Dimension:  	0, Interval: 	2, Total Entropy = 	4,8846493482439
Dimension:  	0, Interval: 	3, Total Entropy = 	7,6232103794469

Dimension:  	1, Interval: 	1, Total Entropy = 	99999999999
Dimension:  	1, Interval: 	2, Total Entropy = 	5,39854994723484
Dimension:  	1, Interval: 	3, Total Entropy = 	9,04677153851349

Dimension:  	2, Interval: 	1, Total Entropy = 	99999999999
Dimension:  	2, Interval: 	2, Total Entropy = 	6,03445960874698
Dimension:  	2, Interval: 	3, Total Entropy = 	9,77639498033679

Dimension:  	3, Interval: 	1, Total Entropy = 	99999999999
Dimension:  	3, Interval: 	2, Total Entropy = 	5,62402245713476
Dimension:  	3, Interval: 	3, Total Entropy = 	8,70161243665036

Dimension:  	4, Interval: 	1, Total Entropy = 	99999999999
Dimension:  	4, Interval: 	2, Total Entropy = 	5,88013100184702
Dimension:  	4, Interval: 	3, Total Entropy = 	9,49365125135024

Dimension:  	5, Interval: 	1, Total Entropy = 	99999999999
Dimension:  	5, Interval: 	2, Total Entropy = 	4,46838507091245
Dimension:  	5, Interval: 	3, Total Entropy = 	7,35921335879324

Dimension:  	6, Interval: 	1, Total Entropy = 	99999999999
Dimension:  	6, Interval: 	2, Total Entropy = 	3,20184848786963
Dimension:  	6, Interval: 	3, Total Entropy = 	5,25238544852091

Dimension:  	7, Interval: 	1, Total Entropy = 	99999999999
Dimension:  	7, Interval: 	2, Total Entropy = 	5,47623641724369
Dimension:  	7, Interval: 	3, Total Entropy = 	9,19356652398696

Dimension:  	8, Interval: 	1, Total Entropy = 	99999999999
Dimension:  	8, Interval: 	2, Total Entropy = 	5,29913792699906
Dimension:  	8, Interval: 	3, Total Entropy = 	8,75420993029916

Dimension:  	9, Interval: 	1, Total Entropy = 	99999999999
Dimension:  	9, Interval: 	2, Total Entropy = 	4,41384837678524
Dimension:  	9, Interval: 	3, Total Entropy = 	7,12312651098742

Dimension:  	10, Interval: 	1, Total Entropy = 	99999999999
Dimension:  	10, Interval: 	2, Total Entropy = 	4,98035922385799
Dimension:  	10, Interval: 	3, Total Entropy = 	7,59147740029707

Dimension:  	11, Interval: 	1, Total Entropy = 	99999999999
Dimension:  	11, Interval: 	2, Total Entropy = 	3,84585658891106
Dimension:  	11, Interval: 	3, Total Entropy = 	6,26885472911403

Dimension:  	12, Interval: 	1, Total Entropy = 	99999999999
Dimension:  	12, Interval: 	2, Total Entropy = 	4,15879449296259
Dimension:  	12, Interval: 	3, Total Entropy = 	5,27634219800381



Intervals: 
2	2	2	2	2	2	2	2	2	2	2	2	2	3	
Centers
Dimension: 1
0,3289
0,6919
		Dimension: 2
0,1916
0,6156
		Dimension: 3
0,4227
0,6462
		Dimension: 4
0,3548
0,6303
		Dimension: 5
0,2425
0,5089
		Dimension: 6
0,2621
0,6324
		Dimension: 7
0,1549
0,5208
		Dimension: 8
0,2696
0,6734
		Dimension: 9
0,2600
0,5503
		Dimension: 10
0,2244
0,5878
		Dimension: 11
0,2215
0,5274
		Dimension: 12
0,1938
0,6669
		Dimension: 13
0,2053
0,6232
		
Number of classes: 
Dimension 0
0 = 61
1 = 56
2 = 61

Dimension 1
0 = 110
1 = 39
2 = 29

Dimension 2
0 = 29
1 = 97
2 = 52

Dimension 3
0 = 52
1 = 93
2 = 33

Dimension 4
0 = 96
1 = 69
2 = 13

Dimension 5
0 = 72
1 = 58
2 = 48

Dimension 6
0 = 58
1 = 55
2 = 65

Dimension 7
0 = 77
1 = 60
2 = 41

Dimension 8
0 = 53
1 = 100
2 = 25

Dimension 9
0 = 74
1 = 75
2 = 29

Dimension 10
0 = 52
1 = 85
2 = 41

Dimension 11
0 = 55
1 = 64
2 = 59

Dimension 12
0 = 101
1 = 50
2 = 27

*****************************************RESULTS***************************************************************
0,0000	1,0000		sum(1,0000)		0,9998	0,0002		sum(1,0000)		0,3313	0,6687		sum(1,0000)		1,0000	0,0000		sum(1,0000)		0,0000	1,0000		sum(1,0000)		0,0130	0,9870		sum(1,0000)		0,0000	1,0000		sum(1,0000)		0,9668	0,0332		sum(1,0000)		0,0000	1,0000		sum(1,0000)		0,5937	0,4063		sum(1,0000)		0,2356	0,7644		sum(1,0000)		0,0000	1,0000		sum(1,0000)		0,1480	0,8520		sum(1,0000)		1,0000	0,0000	0,0000		sum(1,0000)		
0,3330	0,6670		sum(1,0000)		0,9672	0,0328		sum(1,0000)		1,0000	0,0000		sum(1,0000)		1,0000	0,0000		sum(1,0000)		0,6861	0,3139		sum(1,0000)		0,1526	0,8474		sum(1,0000)		0,0281	0,9719		sum(1,0000)		1,0000	0,0000		sum(1,0000)		0,9502	0,0498		sum(1,0000)		0,8896	0,1104		sum(1,0000)		0,2091	0,7909		sum(1,0000)		0,0000	1,0000		sum(1,0000)		0,1736	0,8264		sum(1,0000)		1,0000	0,0000	0,0000		sum(1,0000)		
0,3620	0,6380		sum(1,0000)		0,6968	0,3032		sum(1,0000)		0,0000	1,0000		sum(1,0000)		0,7911	0,2089		sum(1,0000)		0,6453	0,3547		sum(1,0000)		0,0130	0,9870		sum(1,0000)		0,0000	1,0000		sum(1,0000)		0,8733	0,1267		sum(1,0000)		0,0000	1,0000		sum(1,0000)		0,5843	0,4157		sum(1,0000)		0,2622	0,7378		sum(1,0000)		0,0000	1,0000		sum(1,0000)		0,0000	1,0000		sum(1,0000)		1,0000	0,0000	0,0000		sum(1,0000)		
0,0000	1,0000		sum(1,0000)		0,8879	0,1121		sum(1,0000)		0,1638	0,8362		sum(1,0000)		1,0000	0,0000		sum(1,0000)		0,1557	0,8443		sum(1,0000)		0,0000	1,0000		sum(1,0000)		0,0000	1,0000		sum(1,0000)		1,0000	0,0000		sum(1,0000)		0,0000	1,0000		sum(1,0000)		0,0865	0,9135		sum(1,0000)		0,7141	0,2859		sum(1,0000)		0,0000	1,0000		sum(1,0000)		0,0000	1,0000		sum(1,0000)		1,0000	0,0000	0,0000		sum(1,0000)		
0,3040	0,6960		sum(1,0000)		0,5896	0,4104		sum(1,0000)		0,0000	1,0000		sum(1,0000)		0,3419	0,6581		sum(1,0000)		0,0000	1,0000		sum(1,0000)		0,0130	0,9870		sum(1,0000)		0,0685	0,9315		sum(1,0000)		0,4528	0,5472		sum(1,0000)		0,3634	0,6366		sum(1,0000)		0,9036	0,0964		sum(1,0000)		0,2356	0,7644		sum(1,0000)		0,1243	0,8757		sum(1,0000)		0,7113	0,2887		sum(1,0000)		1,0000	0,0000	0,0000		sum(1,0000)		
0,0000	1,0000		sum(1,0000)		0,9765	0,0235		sum(1,0000)		0,2834	0,7166		sum(1,0000)		1,0000	0,0000		sum(1,0000)		0,1965	0,8035		sum(1,0000)		0,0000	1,0000		sum(1,0000)		0,0000	1,0000		sum(1,0000)		0,6864	0,3136		sum(1,0000)		0,2005	0,7995		sum(1,0000)		0,3331	0,6669		sum(1,0000)		0,2091	0,7909		sum(1,0000)		0,1863	0,8137		sum(1,0000)		0,0000	1,0000		sum(1,0000)		1,0000	0,0000	0,0000		sum(1,0000)		
0,0000	1,0000		sum(1,0000)		0,9252	0,0748		sum(1,0000)		0,2834	0,7166		sum(1,0000)		1,0000	0,0000		sum(1,0000)		0,8493	0,1507		sum(1,0000)		0,2923	0,7077		sum(1,0000)		0,1665	0,8335		sum(1,0000)		0,8733	0,1267		sum(1,0000)		0,1896	0,8104		sum(1,0000)		0,6853	0,3147		sum(1,0000)		0,2888	0,7112		sum(1,0000)		0,0000	1,0000		sum(1,0000)		0,0000	1,0000		sum(1,0000)		1,0000	0,0000	0,0000		sum(1,0000)		
0,0000	1,0000		sum(1,0000)		0,7947	0,2053		sum(1,0000)		0,0000	1,0000		sum(1,0000)		0,9782	0,0218		sum(1,0000)		0,0000	1,0000		sum(1,0000)		0,1992	0,8008		sum(1,0000)		0,1723	0,8277		sum(1,0000)		0,8266	0,1734		sum(1,0000)		0,9828	0,0172		sum(1,0000)		0,7322	0,2678		sum(1,0000)		0,1825	0,8175		sum(1,0000)		0,0000	1,0000		sum(1,0000)		0,0000	1,0000		sum(1,0000)		1,0000	0,0000	0,0000		sum(1,0000)		
0,0000	1,0000		sum(1,0000)		1,0000	0,0000		sum(1,0000)		0,9533	0,0467		sum(1,0000)		1,0000	0,0000		sum(1,0000)		0,8085	0,1915		sum(1,0000)		0,0130	0,9870		sum(1,0000)		0,0000	1,0000		sum(1,0000)		0,9200	0,0800		sum(1,0000)		0,1896	0,8104		sum(1,0000)		0,6970	0,3030		sum(1,0000)		0,1293	0,8707		sum(1,0000)		0,1863	0,8137		sum(1,0000)		0,1822	0,8178		sum(1,0000)		1,0000	0,0000	0,0000		sum(1,0000)		
0,0000	1,0000		sum(1,0000)		1,0000	0,0000		sum(1,0000)		0,7140	0,2860		sum(1,0000)		1,0000	0,0000		sum(1,0000)		0,7677	0,2323		sum(1,0000)		0,0000	1,0000		sum(1,0000)		0,0000	1,0000		sum(1,0000)		1,0000	0,0000		sum(1,0000)		0,3308	0,6692		sum(1,0000)		0,2227	0,7773		sum(1,0000)		0,3154	0,6846		sum(1,0000)		0,0000	1,0000		sum(1,0000)		0,1822	0,8178		sum(1,0000)		1,0000	0,0000	0,0000		sum(1,0000)		
0,0000	1,0000		sum(1,0000)		0,7901	0,2099		sum(1,0000)		0,6423	0,3577		sum(1,0000)		0,9034	0,0966		sum(1,0000)		0,4821	0,5179		sum(1,0000)		0,0000	1,0000		sum(1,0000)		0,0000	1,0000		sum(1,0000)		1,0000	0,0000		sum(1,0000)		0,0000	1,0000		sum(1,0000)		0,5679	0,4321		sum(1,0000)		0,0000	1,0000		sum(1,0000)		0,0000	1,0000		sum(1,0000)		0,0000	1,0000		sum(1,0000)		1,0000	0,0000	0,0000		sum(1,0000)		
0,0000	1,0000		sum(1,0000)		1,0000	0,0000		sum(1,0000)		0,5944	0,4056		sum(1,0000)		1,0000	0,0000		sum(1,0000)		0,8901	0,1099		sum(1,0000)		0,5717	0,4283		sum(1,0000)		0,2184	0,7816		sum(1,0000)		1,0000	0,0000		sum(1,0000)		0,6351	0,3649		sum(1,0000)		0,7440	0,2560		sum(1,0000)		0,0000	1,0000		sum(1,0000)		0,2095	0,7905		sum(1,0000)		0,0000	1,0000		sum(1,0000)		1,0000	0,0000	0,0000		sum(1,0000)		
0,0000	1,0000		sum(1,0000)		0,9905	0,0095		sum(1,0000)		0,3791	0,6209		sum(1,0000)		1,0000	0,0000		sum(1,0000)		1,0000	0,0000		sum(1,0000)		0,1992	0,8008		sum(1,0000)		0,0281	0,9719		sum(1,0000)		0,9200	0,0800		sum(1,0000)		0,3743	0,6257		sum(1,0000)		0,6031	0,3969		sum(1,0000)		0,0000	1,0000		sum(1,0000)		0,1475	0,8525		sum(1,0000)		0,0000	1,0000		sum(1,0000)		1,0000	0,0000	0,0000		sum(1,0000)		
0,0000	1,0000		sum(1,0000)		0,9905	0,0095		sum(1,0000)		0,4270	0,5730		sum(1,0000)		1,0000	0,0000		sum(1,0000)		1,0000	0,0000		sum(1,0000)		0,0000	1,0000		sum(1,0000)		0,0000	1,0000		sum(1,0000)		0,2658	0,7342		sum(1,0000)		0,0000	1,0000		sum(1,0000)		0,6501	0,3499		sum(1,0000)		0,0000	1,0000		sum(1,0000)		0,2792	0,7208		sum(1,0000)		0,0029	0,9971		sum(1,0000)		1,0000	0,0000	0,0000		sum(1,0000)		
0,0000	1,0000		sum(1,0000)		0,9252	0,0748		sum(1,0000)		0,4509	0,5491		sum(1,0000)		1,0000	0,0000		sum(1,0000)		0,6045	0,3955		sum(1,0000)		0,0000	1,0000		sum(1,0000)		0,0000	1,0000		sum(1,0000)		0,9200	0,0800		sum(1,0000)		0,0000	1,0000		sum(1,0000)		0,1570	0,8430		sum(1,0000)		0,0000	1,0000		sum(1,0000)		0,0701	0,9299		sum(1,0000)		0,0000	1,0000		sum(1,0000)		1,0000	0,0000	0,0000		sum(1,0000)		
0,0213	0,9787		sum(1,0000)		0,9532	0,0468		sum(1,0000)		0,0000	1,0000		sum(1,0000)		1,0000	0,0000		sum(1,0000)		0,1965	0,8035		sum(1,0000)		0,0000	1,0000		sum(1,0000)		0,0000	1,0000		sum(1,0000)		0,8733	0,1267		sum(1,0000)		0,7546	0,2454		sum(1,0000)		0,2039	0,7961		sum(1,0000)		0,0000	1,0000		sum(1,0000)		0,1630	0,8370		sum(1,0000)		0,0000	1,0000		sum(1,0000)		1,0000	0,0000	0,0000		sum(1,0000)		
0,0000	1,0000		sum(1,0000)		0,9019	0,0981		sum(1,0000)		0,0000	1,0000		sum(1,0000)		0,5291	0,4709		sum(1,0000)		0,0000	1,0000		sum(1,0000)		0,0130	0,9870		sum(1,0000)		0,0000	1,0000		sum(1,0000)		0,7331	0,2669		sum(1,0000)		0,2005	0,7995		sum(1,0000)		0,4622	0,5378		sum(1,0000)		0,1559	0,8441		sum(1,0000)		0,3411	0,6589		sum(1,0000)		0,0000	1,0000		sum(1,0000)		1,0000	0,0000	0,0000		sum(1,0000)		
0,0000	1,0000		sum(1,0000)		1,0000	0,0000		sum(1,0000)		0,0000	1,0000		sum(1,0000)		0,5291	0,4709		sum(1,0000)		0,0740	0,9260		sum(1,0000)		0,0000	1,0000		sum(1,0000)		0,0000	1,0000		sum(1,0000)		0,4060	0,5940		sum(1,0000)		0,4721	0,5279		sum(1,0000)		0,3683	0,6317		sum(1,0000)		0,0000	1,0000		sum(1,0000)		0,4031	0,5969		sum(1,0000)		0,0371	0,9629		sum(1,0000)		1,0000	0,0000	0,0000		sum(1,0000)		
0,0000	1,0000		sum(1,0000)		1,0000	0,0000		sum(1,0000)		0,2117	0,7883		sum(1,0000)		1,0000	0,0000		sum(1,0000)		0,3597	0,6403		sum(1,0000)		0,0000	1,0000		sum(1,0000)		0,0000	1,0000		sum(1,0000)		0,7798	0,2202		sum(1,0000)		0,3200	0,6800		sum(1,0000)		0,0000	1,0000		sum(1,0000)		0,0000	1,0000		sum(1,0000)		0,2095	0,7905		sum(1,0000)		0,0000	1,0000		sum(1,0000)		1,0000	0,0000	0,0000		sum(1,0000)		
0,0140	0,9860		sum(1,0000)		0,3519	0,6481		sum(1,0000)		0,0203	0,9797		sum(1,0000)		1,0000	0,0000		sum(1,0000)		0,0332	0,9668		sum(1,0000)		0,1061	0,8939		sum(1,0000)		0,0000	1,0000		sum(1,0000)		1,0000	0,0000		sum(1,0000)		0,5373	0,4627		sum(1,0000)		0,7205	0,2795		sum(1,0000)		0,4483	0,5517		sum(1,0000)		0,0000	1,0000		sum(1,0000)		0,5236	0,4764		sum(1,0000)		1,0000	0,0000	0,0000		sum(1,0000)		
0,0000	1,0000		sum(1,0000)		1,0000	0,0000		sum(1,0000)		0,6901	0,3099		sum(1,0000)		1,0000	0,0000		sum(1,0000)		0,0000	1,0000		sum(1,0000)		0,0000	1,0000		sum(1,0000)		0,0000	1,0000		sum(1,0000)		1,0000	0,0000		sum(1,0000)		0,0592	0,9408		sum(1,0000)		0,5914	0,4086		sum(1,0000)		0,1028	0,8972		sum(1,0000)		0,0000	1,0000		sum(1,0000)		0,6345	0,3655		sum(1,0000)		1,0000	0,0000	0,0000		sum(1,0000)		
0,5287	0,4713		sum(1,0000)		0,0256	0,9744		sum(1,0000)		0,0000	1,0000		sum(1,0000)		0,7911	0,2089		sum(1,0000)		0,6045	0,3955		sum(1,0000)		0,3762	0,6238		sum(1,0000)		0,2299	0,7701		sum(1,0000)		1,0000	0,0000		sum(1,0000)		0,1896	0,8104		sum(1,0000)		0,8614	0,1386		sum(1,0000)		0,2622	0,7378		sum(1,0000)		0,0000	1,0000		sum(1,0000)		0,6516	0,3484		sum(1,0000)		1,0000	0,0000	0,0000		sum(1,0000)		
0,0000	1,0000		sum(1,0000)		0,9299	0,0701		sum(1,0000)		0,4987	0,5013		sum(1,0000)		1,0000	0,0000		sum(1,0000)		0,6453	0,3547		sum(1,0000)		0,1899	0,8101		sum(1,0000)		0,0000	1,0000		sum(1,0000)		1,0000	0,0000		sum(1,0000)		0,5047	0,4953		sum(1,0000)		1,0000	0,0000		sum(1,0000)		0,0496	0,9504		sum(1,0000)		0,0000	1,0000		sum(1,0000)		0,1992	0,8008		sum(1,0000)		1,0000	0,0000	0,0000		sum(1,0000)		
0,5867	0,4133		sum(1,0000)		1,0000	0,0000		sum(1,0000)		0,1160	0,8840		sum(1,0000)		0,9408	0,0592		sum(1,0000)		0,8901	0,1099		sum(1,0000)		0,3110	0,6890		sum(1,0000)		0,2530	0,7470		sum(1,0000)		1,0000	0,0000		sum(1,0000)		0,7546	0,2454		sum(1,0000)		0,9952	0,0048		sum(1,0000)		0,1028	0,8972		sum(1,0000)		0,0000	1,0000		sum(1,0000)		0,2334	0,7666		sum(1,0000)		1,0000	0,0000	0,0000		sum(1,0000)		
0,1155	0,8845		sum(1,0000)		0,9532	0,0468		sum(1,0000)		0,0000	1,0000		sum(1,0000)		0,5291	0,4709		sum(1,0000)		0,8493	0,1507		sum(1,0000)		0,2644	0,7356		sum(1,0000)		0,1146	0,8854		sum(1,0000)		0,9668	0,0332		sum(1,0000)		0,5373	0,4627		sum(1,0000)		1,0000	0,0000		sum(1,0000)		0,0230	0,9770		sum(1,0000)		0,0000	1,0000		sum(1,0000)		0,5236	0,4764		sum(1,0000)		1,0000	0,0000	0,0000		sum(1,0000)		
0,4417	0,5583		sum(1,0000)		0,8413	0,1587		sum(1,0000)		0,0000	1,0000		sum(1,0000)		0,0000	1,0000		sum(1,0000)		0,0000	1,0000		sum(1,0000)		0,1713	0,8287		sum(1,0000)		0,0742	0,9258		sum(1,0000)		0,0789	0,9211		sum(1,0000)		0,2548	0,7452		sum(1,0000)		1,0000	0,0000		sum(1,0000)		0,0000	1,0000		sum(1,0000)		0,0000	1,0000		sum(1,0000)		0,5492	0,4508		sum(1,0000)		1,0000	0,0000	0,0000		sum(1,0000)		
0,1953	0,8047		sum(1,0000)		0,9718	0,0282		sum(1,0000)		0,0000	1,0000		sum(1,0000)		1,0000	0,0000		sum(1,0000)		0,9717	0,0283		sum(1,0000)		0,0000	1,0000		sum(1,0000)		0,0000	1,0000		sum(1,0000)		0,6864	0,3136		sum(1,0000)		0,7654	0,2346		sum(1,0000)		0,7909	0,2091		sum(1,0000)		0,5546	0,4454		sum(1,0000)		0,0000	1,0000		sum(1,0000)		0,0000	1,0000		sum(1,0000)		1,0000	0,0000	0,0000		sum(1,0000)		
0,2605	0,7395		sum(1,0000)		0,9952	0,0048		sum(1,0000)		1,0000	0,0000		sum(1,0000)		1,0000	0,0000		sum(1,0000)		0,9309	0,0691		sum(1,0000)		0,3855	0,6145		sum(1,0000)		0,3568	0,6432		sum(1,0000)		1,0000	0,0000		sum(1,0000)		0,8741	0,1259		sum(1,0000)		0,9905	0,0095		sum(1,0000)		0,2888	0,7112		sum(1,0000)		0,2482	0,7518		sum(1,0000)		0,0000	1,0000		sum(1,0000)		1,0000	0,0000	0,0000		sum(1,0000)		
0,0000	1,0000		sum(1,0000)		0,9113	0,0887		sum(1,0000)		0,0000	1,0000		sum(1,0000)		0,6414	0,3586		sum(1,0000)		0,4005	0,5995		sum(1,0000)		0,0000	1,0000		sum(1,0000)		0,0000	1,0000		sum(1,0000)		0,5462	0,4538		sum(1,0000)		0,4286	0,5714		sum(1,0000)		0,8614	0,1386		sum(1,0000)		0,0000	1,0000		sum(1,0000)		0,0000	1,0000		sum(1,0000)		0,4041	0,5959		sum(1,0000)		1,0000	0,0000	0,0000		sum(1,0000)		
0,0000	1,0000		sum(1,0000)		1,0000	0,0000		sum(1,0000)		0,8576	0,1424		sum(1,0000)		1,0000	0,0000		sum(1,0000)		0,8493	0,1507		sum(1,0000)		0,1526	0,8474		sum(1,0000)		0,2760	0,7240		sum(1,0000)		1,0000	0,0000		sum(1,0000)		0,1896	0,8104		sum(1,0000)		0,8144	0,1856		sum(1,0000)		0,2356	0,7644		sum(1,0000)		0,0000	1,0000		sum(1,0000)		0,1992	0,8008		sum(1,0000)		1,0000	0,0000	0,0000		sum(1,0000)		
0,0000	1,0000		sum(1,0000)		1,0000	0,0000		sum(1,0000)		0,0000	1,0000		sum(1,0000)		0,0612	0,9388		sum(1,0000)		0,6453	0,3547		sum(1,0000)		0,0000	1,0000		sum(1,0000)		0,0000	1,0000		sum(1,0000)		0,9200	0,0800		sum(1,0000)		0,0000	1,0000		sum(1,0000)		0,5796	0,4204		sum(1,0000)		0,0000	1,0000		sum(1,0000)		0,2947	0,7053		sum(1,0000)		0,0000	1,0000		sum(1,0000)		1,0000	0,0000	0,0000		sum(1,0000)		
0,0575	0,9425		sum(1,0000)		1,0000	0,0000		sum(1,0000)		0,4987	0,5013		sum(1,0000)		0,6975	0,3025		sum(1,0000)		0,4413	0,5587		sum(1,0000)		0,0000	1,0000		sum(1,0000)		0,0000	1,0000		sum(1,0000)		1,0000	0,0000		sum(1,0000)		0,2222	0,7778		sum(1,0000)		0,2979	0,7021		sum(1,0000)		0,1028	0,8972		sum(1,0000)		0,1630	0,8370		sum(1,0000)		0,0000	1,0000		sum(1,0000)		1,0000	0,0000	0,0000		sum(1,0000)		
0,0000	1,0000		sum(1,0000)		0,9439	0,0561		sum(1,0000)		0,4987	0,5013		sum(1,0000)		1,0000	0,0000		sum(1,0000)		0,5229	0,4771		sum(1,0000)		0,3668	0,6332		sum(1,0000)		0,0685	0,9315		sum(1,0000)		0,3126	0,6874		sum(1,0000)		0,2005	0,7995		sum(1,0000)		1,0000	0,0000		sum(1,0000)		0,0000	1,0000		sum(1,0000)		0,1708	0,8292		sum(1,0000)		0,2761	0,7239		sum(1,0000)		1,0000	0,0000	0,0000		sum(1,0000)		
0,0000	1,0000		sum(1,0000)		1,0000	0,0000		sum(1,0000)		0,0000	1,0000		sum(1,0000)		0,6226	0,3774		sum(1,0000)		0,0000	1,0000		sum(1,0000)		0,0000	1,0000		sum(1,0000)		0,0397	0,9603		sum(1,0000)		0,0000	1,0000		sum(1,0000)		0,8741	0,1259		sum(1,0000)		0,6501	0,3499		sum(1,0000)		0,0000	1,0000		sum(1,0000)		0,0701	0,9299		sum(1,0000)		0,0000	1,0000		sum(1,0000)		1,0000	0,0000	0,0000		sum(1,0000)		
0,1083	0,8917		sum(1,0000)		0,9579	0,0421		sum(1,0000)		0,0000	1,0000		sum(1,0000)		0,7162	0,2838		sum(1,0000)		0,2781	0,7219		sum(1,0000)		0,4320	0,5680		sum(1,0000)		0,1607	0,8393		sum(1,0000)		0,9200	0,0800		sum(1,0000)		0,6677	0,3323		sum(1,0000)		0,9318	0,0682		sum(1,0000)		0,0762	0,9238		sum(1,0000)		0,1708	0,8292		sum(1,0000)		0,0968	0,9032		sum(1,0000)		1,0000	0,0000	0,0000		sum(1,0000)		
0,1300	0,8700		sum(1,0000)		0,9532	0,0468		sum(1,0000)		0,3791	0,6209		sum(1,0000)		0,4355	0,5645		sum(1,0000)		0,6861	0,3139		sum(1,0000)		0,1061	0,8939		sum(1,0000)		0,0000	1,0000		sum(1,0000)		1,0000	0,0000		sum(1,0000)		0,3200	0,6800		sum(1,0000)		0,7205	0,2795		sum(1,0000)		0,2356	0,7644		sum(1,0000)		0,0000	1,0000		sum(1,0000)		0,3955	0,6045		sum(1,0000)		1,0000	0,0000	0,0000		sum(1,0000)		
0,2750	0,7250		sum(1,0000)		1,0000	0,0000		sum(1,0000)		0,0000	1,0000		sum(1,0000)		1,0000	0,0000		sum(1,0000)		0,2781	0,7219		sum(1,0000)		0,1992	0,8008		sum(1,0000)		0,0742	0,9258		sum(1,0000)		0,6864	0,3136		sum(1,0000)		0,8632	0,1368		sum(1,0000)		0,8379	0,1621		sum(1,0000)		0,1028	0,8972		sum(1,0000)		0,2405	0,7595		sum(1,0000)		0,4638	0,5362		sum(1,0000)		1,0000	0,0000	0,0000		sum(1,0000)		
0,4417	0,5583		sum(1,0000)		1,0000	0,0000		sum(1,0000)		0,0442	0,9558		sum(1,0000)		0,9034	0,0966		sum(1,0000)		0,7677	0,2323		sum(1,0000)		0,3389	0,6611		sum(1,0000)		0,2184	0,7816		sum(1,0000)		0,9200	0,0800		sum(1,0000)		0,7763	0,2237		sum(1,0000)		0,9201	0,0799		sum(1,0000)		0,0230	0,9770		sum(1,0000)		0,4495	0,5505		sum(1,0000)		0,0798	0,9202		sum(1,0000)		1,0000	0,0000	0,0000		sum(1,0000)		
0,4272	0,5728		sum(1,0000)		1,0000	0,0000		sum(1,0000)		1,0000	0,0000		sum(1,0000)		1,0000	0,0000		sum(1,0000)		0,7677	0,2323		sum(1,0000)		0,3855	0,6145		sum(1,0000)		0,0973	0,9027		sum(1,0000)		0,9668	0,0332		sum(1,0000)		0,8524	0,1476		sum(1,0000)		1,0000	0,0000		sum(1,0000)		0,0000	1,0000		sum(1,0000)		0,3101	0,6899		sum(1,0000)		0,2248	0,7752		sum(1,0000)		1,0000	0,0000	0,0000		sum(1,0000)		
0,0000	1,0000		sum(1,0000)		0,0000	1,0000		sum(1,0000)		0,1399	0,8601		sum(1,0000)		1,0000	0,0000		sum(1,0000)		0,0000	1,0000		sum(1,0000)		0,0000	1,0000		sum(1,0000)		0,0000	1,0000		sum(1,0000)		1,0000	0,0000		sum(1,0000)		0,0809	0,9191		sum(1,0000)		0,7205	0,2795		sum(1,0000)		0,6343	0,3657		sum(1,0000)		0,0000	1,0000		sum(1,0000)		0,6686	0,3314		sum(1,0000)		1,0000	0,0000	0,0000		sum(1,0000)		
0,0720	0,9280		sum(1,0000)		0,9998	0,0002		sum(1,0000)		0,6183	0,3817		sum(1,0000)		1,0000	0,0000		sum(1,0000)		0,0000	1,0000		sum(1,0000)		0,0000	1,0000		sum(1,0000)		0,0000	1,0000		sum(1,0000)		0,6864	0,3136		sum(1,0000)		0,0000	1,0000		sum(1,0000)		0,4787	0,5213		sum(1,0000)		0,4749	0,5251		sum(1,0000)		0,0000	1,0000		sum(1,0000)		0,6089	0,3911		sum(1,0000)		1,0000	0,0000	0,0000		sum(1,0000)		
0,1808	0,8192		sum(1,0000)		0,0070	0,9930		sum(1,0000)		1,0000	0,0000		sum(1,0000)		0,7537	0,2463		sum(1,0000)		1,0000	0,0000		sum(1,0000)		0,3389	0,6611		sum(1,0000)		0,0742	0,9258		sum(1,0000)		1,0000	0,0000		sum(1,0000)		0,7329	0,2671		sum(1,0000)		0,9130	0,0870		sum(1,0000)		0,5812	0,4188		sum(1,0000)		0,0701	0,9299		sum(1,0000)		0,1992	0,8008		sum(1,0000)		1,0000	0,0000	0,0000		sum(1,0000)		
0,0000	1,0000		sum(1,0000)		0,9159	0,0841		sum(1,0000)		0,0000	1,0000		sum(1,0000)		1,0000	0,0000		sum(1,0000)		0,6453	0,3547		sum(1,0000)		0,0000	1,0000		sum(1,0000)		0,0000	1,0000		sum(1,0000)		1,0000	0,0000		sum(1,0000)		0,4938	0,5062		sum(1,0000)		0,6430	0,3570		sum(1,0000)		0,6609	0,3391		sum(1,0000)		0,0000	1,0000		sum(1,0000)		0,0968	0,9032		sum(1,0000)		1,0000	0,0000	0,0000		sum(1,0000)		
0,3040	0,6960		sum(1,0000)		0,0000	1,0000		sum(1,0000)		0,6662	0,3338		sum(1,0000)		0,9970	0,0030		sum(1,0000)		0,5637	0,4363		sum(1,0000)		0,1620	0,8380		sum(1,0000)		0,1031	0,8969		sum(1,0000)		0,7798	0,2202		sum(1,0000)		0,5373	0,4627		sum(1,0000)		0,8942	0,1058		sum(1,0000)		0,8204	0,1796		sum(1,0000)		0,0701	0,9299		sum(1,0000)		0,8052	0,1948		sum(1,0000)		1,0000	0,0000	0,0000		sum(1,0000)		
0,4417	0,5583		sum(1,0000)		0,9718	0,0282		sum(1,0000)		1,0000	0,0000		sum(1,0000)		1,0000	0,0000		sum(1,0000)		0,4005	0,5995		sum(1,0000)		0,0000	1,0000		sum(1,0000)		0,0000	1,0000		sum(1,0000)		0,9668	0,0332		sum(1,0000)		0,1353	0,8647		sum(1,0000)		0,7346	0,2654		sum(1,0000)		0,6609	0,3391		sum(1,0000)		0,0000	1,0000		sum(1,0000)		0,4553	0,5447		sum(1,0000)		1,0000	0,0000	0,0000		sum(1,0000)		
0,0000	1,0000		sum(1,0000)		0,0000	1,0000		sum(1,0000)		0,3074	0,6926		sum(1,0000)		0,7349	0,2651		sum(1,0000)		0,2373	0,7627		sum(1,0000)		0,0000	1,0000		sum(1,0000)		0,0915	0,9085		sum(1,0000)		0,8733	0,1267		sum(1,0000)		0,9828	0,0172		sum(1,0000)		0,6876	0,3124		sum(1,0000)		0,6875	0,3125		sum(1,0000)		0,0000	1,0000		sum(1,0000)		0,1224	0,8776		sum(1,0000)		1,0000	0,0000	0,0000		sum(1,0000)		
0,0000	1,0000		sum(1,0000)		0,1235	0,8765		sum(1,0000)		0,6901	0,3099		sum(1,0000)		1,0000	0,0000		sum(1,0000)		0,6045	0,3955		sum(1,0000)		0,0000	1,0000		sum(1,0000)		0,0000	1,0000		sum(1,0000)		1,0000	0,0000		sum(1,0000)		0,0000	1,0000		sum(1,0000)		0,7675	0,2325		sum(1,0000)		0,2356	0,7644		sum(1,0000)		0,0000	1,0000		sum(1,0000)		0,1480	0,8520		sum(1,0000)		1,0000	0,0000	0,0000		sum(1,0000)		
0,0000	1,0000		sum(1,0000)		1,0000	0,0000		sum(1,0000)		1,0000	0,0000		sum(1,0000)		1,0000	0,0000		sum(1,0000)		0,6453	0,3547		sum(1,0000)		0,0000	1,0000		sum(1,0000)		0,0000	1,0000		sum(1,0000)		1,0000	0,0000		sum(1,0000)		0,0157	0,9843		sum(1,0000)		0,4857	0,5143		sum(1,0000)		0,5812	0,4188		sum(1,0000)		0,0000	1,0000		sum(1,0000)		0,2846	0,7154		sum(1,0000)		1,0000	0,0000	0,0000		sum(1,0000)		
0,0000	1,0000		sum(1,0000)		0,8553	0,1447		sum(1,0000)		0,4030	0,5970		sum(1,0000)		0,7537	0,2463		sum(1,0000)		0,5637	0,4363		sum(1,0000)		0,0595	0,9405		sum(1,0000)		0,0000	1,0000		sum(1,0000)		0,7798	0,2202		sum(1,0000)		0,0000	1,0000		sum(1,0000)		0,4622	0,5378		sum(1,0000)		0,1559	0,8441		sum(1,0000)		0,2637	0,7363		sum(1,0000)		0,1566	0,8434		sum(1,0000)		1,0000	0,0000	0,0000		sum(1,0000)		
0,0000	1,0000		sum(1,0000)		0,9905	0,0095		sum(1,0000)		0,7140	0,2860		sum(1,0000)		1,0000	0,0000		sum(1,0000)		0,3597	0,6403		sum(1,0000)		0,0000	1,0000		sum(1,0000)		0,0000	1,0000		sum(1,0000)		0,7798	0,2202		sum(1,0000)		0,0809	0,9191		sum(1,0000)		0,0000	1,0000		sum(1,0000)		0,0230	0,9770		sum(1,0000)		0,0000	1,0000		sum(1,0000)		0,0000	1,0000		sum(1,0000)		1,0000	0,0000	0,0000		sum(1,0000)		
0,4417	0,5583		sum(1,0000)		0,9905	0,0095		sum(1,0000)		1,0000	0,0000		sum(1,0000)		1,0000	0,0000		sum(1,0000)		1,0000	0,0000		sum(1,0000)		0,0875	0,9125		sum(1,0000)		0,0000	1,0000		sum(1,0000)		1,0000	0,0000		sum(1,0000)		0,0000	1,0000		sum(1,0000)		0,2274	0,7726		sum(1,0000)		0,0230	0,9770		sum(1,0000)		0,1398	0,8602		sum(1,0000)		0,0029	0,9971		sum(1,0000)		1,0000	0,0000	0,0000		sum(1,0000)		
0,0000	1,0000		sum(1,0000)		1,0000	0,0000		sum(1,0000)		0,0000	1,0000		sum(1,0000)		1,0000	0,0000		sum(1,0000)		0,9309	0,0691		sum(1,0000)		0,3389	0,6611		sum(1,0000)		0,0000	1,0000		sum(1,0000)		1,0000	0,0000		sum(1,0000)		0,0000	1,0000		sum(1,0000)		0,6031	0,3969		sum(1,0000)		0,0000	1,0000		sum(1,0000)		0,0000	1,0000		sum(1,0000)		0,0000	1,0000		sum(1,0000)		1,0000	0,0000	0,0000		sum(1,0000)		
0,0000	1,0000		sum(1,0000)		0,9812	0,0188		sum(1,0000)		0,3552	0,6448		sum(1,0000)		1,0000	0,0000		sum(1,0000)		0,2373	0,7627		sum(1,0000)		0,0000	1,0000		sum(1,0000)		0,0000	1,0000		sum(1,0000)		0,7798	0,2202		sum(1,0000)		0,3091	0,6909		sum(1,0000)		0,2626	0,7374		sum(1,0000)		0,3154	0,6846		sum(1,0000)		0,0000	1,0000		sum(1,0000)		0,0000	1,0000		sum(1,0000)		1,0000	0,0000	0,0000		sum(1,0000)		
0,0000	1,0000		sum(1,0000)		0,9113	0,0887		sum(1,0000)		0,0000	1,0000		sum(1,0000)		1,0000	0,0000		sum(1,0000)		0,0740	0,9260		sum(1,0000)		0,0000	1,0000		sum(1,0000)		0,0108	0,9892		sum(1,0000)		0,4528	0,5472		sum(1,0000)		0,5155	0,4845		sum(1,0000)		0,4387	0,5613		sum(1,0000)		0,0000	1,0000		sum(1,0000)		0,1243	0,8757		sum(1,0000)		0,0000	1,0000		sum(1,0000)		1,0000	0,0000	0,0000		sum(1,0000)		
0,0000	1,0000		sum(1,0000)		1,0000	0,0000		sum(1,0000)		0,7619	0,2381		sum(1,0000)		1,0000	0,0000		sum(1,0000)		0,0000	1,0000		sum(1,0000)		0,1992	0,8008		sum(1,0000)		0,0000	1,0000		sum(1,0000)		1,0000	0,0000		sum(1,0000)		0,5807	0,4193		sum(1,0000)		0,5444	0,4556		sum(1,0000)		0,5546	0,4454		sum(1,0000)		0,0000	1,0000		sum(1,0000)		0,1566	0,8434		sum(1,0000)		1,0000	0,0000	0,0000		sum(1,0000)		
0,0720	0,9280		sum(1,0000)		0,9905	0,0095		sum(1,0000)		0,2595	0,7405		sum(1,0000)		0,4355	0,5645		sum(1,0000)		0,0332	0,9668		sum(1,0000)		0,0000	1,0000		sum(1,0000)		0,0166	0,9834		sum(1,0000)		1,0000	0,0000		sum(1,0000)		0,0000	1,0000		sum(1,0000)		0,4505	0,5495		sum(1,0000)		0,3951	0,6049		sum(1,0000)		0,0469	0,9531		sum(1,0000)		0,0542	0,9458		sum(1,0000)		1,0000	0,0000	0,0000		sum(1,0000)		
0,0000	1,0000		sum(1,0000)		1,0000	0,0000		sum(1,0000)		0,6423	0,3577		sum(1,0000)		1,0000	0,0000		sum(1,0000)		0,0000	1,0000		sum(1,0000)		0,0000	1,0000		sum(1,0000)		0,0000	1,0000		sum(1,0000)		1,0000	0,0000		sum(1,0000)		0,1353	0,8647		sum(1,0000)		0,4200	0,5800		sum(1,0000)		0,5014	0,4986		sum(1,0000)		0,0000	1,0000		sum(1,0000)		0,3102	0,6898		sum(1,0000)		1,0000	0,0000	0,0000		sum(1,0000)		
0,2678	0,7322		sum(1,0000)		0,8786	0,1214		sum(1,0000)		0,0000	1,0000		sum(1,0000)		1,0000	0,0000		sum(1,0000)		0,6045	0,3955		sum(1,0000)		0,0000	1,0000		sum(1,0000)		0,0000	1,0000		sum(1,0000)		0,8266	0,1734		sum(1,0000)		0,5373	0,4627		sum(1,0000)		0,5092	0,4908		sum(1,0000)		0,1559	0,8441		sum(1,0000)		0,1940	0,8060		sum(1,0000)		0,0000	1,0000		sum(1,0000)		1,0000	0,0000	0,0000		sum(1,0000)		
0,0000	1,0000		sum(1,0000)		1,0000	0,0000		sum(1,0000)		0,1638	0,8362		sum(1,0000)		1,0000	0,0000		sum(1,0000)		0,3597	0,6403		sum(1,0000)		0,0000	1,0000		sum(1,0000)		0,0000	1,0000		sum(1,0000)		1,0000	0,0000		sum(1,0000)		0,1244	0,8756		sum(1,0000)		0,3213	0,6787		sum(1,0000)		0,6343	0,3657		sum(1,0000)		0,1708	0,8292		sum(1,0000)		0,0000	1,0000		sum(1,0000)		1,0000	0,0000	0,0000		sum(1,0000)		
0,9347	0,0653		sum(1,0000)		1,0000	0,0000		sum(1,0000)		1,0000	0,0000		sum(1,0000)		1,0000	0,0000		sum(1,0000)		1,0000	0,0000		sum(1,0000)		0,7766	0,2234		sum(1,0000)		1,0000	0,0000		sum(1,0000)		0,9668	0,0332		sum(1,0000)		1,0000	0,0000		sum(1,0000)		1,0000	0,0000		sum(1,0000)		0,2091	0,7909		sum(1,0000)		0,9838	0,0162		sum(1,0000)		1,0000	0,0000		sum(1,0000)		0,0000	1,0000	0,0000		sum(1,0000)		
0,9637	0,0363		sum(1,0000)		1,0000	0,0000		sum(1,0000)		0,6901	0,3099		sum(1,0000)		1,0000	0,0000		sum(1,0000)		0,6453	0,3547		sum(1,0000)		0,7114	0,2886		sum(1,0000)		0,9910	0,0090		sum(1,0000)		0,0000	1,0000		sum(1,0000)		1,0000	0,0000		sum(1,0000)		1,0000	0,0000		sum(1,0000)		0,0000	1,0000		sum(1,0000)		1,0000	0,0000		sum(1,0000)		0,8052	0,1948		sum(1,0000)		0,0000	1,0000	0,0000		sum(1,0000)		
0,7389	0,2611		sum(1,0000)		1,0000	0,0000		sum(1,0000)		1,0000	0,0000		sum(1,0000)		1,0000	0,0000		sum(1,0000)		0,6861	0,3139		sum(1,0000)		0,7394	0,2606		sum(1,0000)		0,8065	0,1935		sum(1,0000)		0,0000	1,0000		sum(1,0000)		1,0000	0,0000		sum(1,0000)		0,5679	0,4321		sum(1,0000)		0,3951	0,6049		sum(1,0000)		1,0000	0,0000		sum(1,0000)		1,0000	0,0000		sum(1,0000)		0,0000	1,0000	0,0000		sum(1,0000)		
0,0000	1,0000		sum(1,0000)		1,0000	0,0000		sum(1,0000)		1,0000	0,0000		sum(1,0000)		0,9034	0,0966		sum(1,0000)		0,9309	0,0691		sum(1,0000)		0,6648	0,3352		sum(1,0000)		0,5874	0,4126		sum(1,0000)		0,7798	0,2202		sum(1,0000)		1,0000	0,0000		sum(1,0000)		1,0000	0,0000		sum(1,0000)		0,0000	1,0000		sum(1,0000)		0,4882	0,5118		sum(1,0000)		0,8905	0,1095		sum(1,0000)		0,0000	1,0000	0,0000		sum(1,0000)		
0,9347	0,0653		sum(1,0000)		1,0000	0,0000		sum(1,0000)		0,9772	0,0228		sum(1,0000)		0,7162	0,2838		sum(1,0000)		1,0000	0,0000		sum(1,0000)		0,0000	1,0000		sum(1,0000)		0,0000	1,0000		sum(1,0000)		1,0000	0,0000		sum(1,0000)		0,3091	0,6909		sum(1,0000)		0,8731	0,1269		sum(1,0000)		0,0000	1,0000		sum(1,0000)		0,1708	0,8292		sum(1,0000)		1,0000	0,0000		sum(1,0000)		0,0000	1,0000	0,0000		sum(1,0000)		
1,0000	0,0000		sum(1,0000)		1,0000	0,0000		sum(1,0000)		0,0921	0,9079		sum(1,0000)		0,7162	0,2838		sum(1,0000)		0,5229	0,4771		sum(1,0000)		0,8604	0,1396		sum(1,0000)		0,6105	0,3895		sum(1,0000)		0,1724	0,8276		sum(1,0000)		1,0000	0,0000		sum(1,0000)		1,0000	0,0000		sum(1,0000)		0,0000	1,0000		sum(1,0000)		0,6663	0,3337		sum(1,0000)		1,0000	0,0000		sum(1,0000)		0,0000	1,0000	0,0000		sum(1,0000)		
0,9347	0,0653		sum(1,0000)		1,0000	0,0000		sum(1,0000)		0,0203	0,9797		sum(1,0000)		0,8847	0,1153		sum(1,0000)		0,7677	0,2323		sum(1,0000)		0,3668	0,6332		sum(1,0000)		0,0915	0,9085		sum(1,0000)		0,5462	0,4538		sum(1,0000)		0,0809	0,9191		sum(1,0000)		0,8379	0,1621		sum(1,0000)		0,0000	1,0000		sum(1,0000)		0,6121	0,3879		sum(1,0000)		0,8086	0,1914		sum(1,0000)		0,0000	1,0000	0,0000		sum(1,0000)		
0,3982	0,6018		sum(1,0000)		1,0000	0,0000		sum(1,0000)		1,0000	0,0000		sum(1,0000)		1,0000	0,0000		sum(1,0000)		1,0000	0,0000		sum(1,0000)		0,0000	1,0000		sum(1,0000)		0,0000	1,0000		sum(1,0000)		1,0000	0,0000		sum(1,0000)		0,0000	1,0000		sum(1,0000)		0,6735	0,3265		sum(1,0000)		0,0230	0,9770		sum(1,0000)		0,0000	1,0000		sum(1,0000)		1,0000	0,0000		sum(1,0000)		0,0000	1,0000	0,0000		sum(1,0000)		
0,9347	0,0653		sum(1,0000)		1,0000	0,0000		sum(1,0000)		1,0000	0,0000		sum(1,0000)		0,6039	0,3961		sum(1,0000)		1,0000	0,0000		sum(1,0000)		0,6555	0,3445		sum(1,0000)		0,4663	0,5337		sum(1,0000)		1,0000	0,0000		sum(1,0000)		1,0000	0,0000		sum(1,0000)		0,8191	0,1809		sum(1,0000)		0,0230	0,9770		sum(1,0000)		0,0000	1,0000		sum(1,0000)		1,0000	0,0000		sum(1,0000)		0,0000	1,0000	0,0000		sum(1,0000)		
0,2315	0,7685		sum(1,0000)		1,0000	0,0000		sum(1,0000)		0,4987	0,5013		sum(1,0000)		1,0000	0,0000		sum(1,0000)		0,2781	0,7219		sum(1,0000)		0,2644	0,7356		sum(1,0000)		0,8699	0,1301		sum(1,0000)		0,0000	1,0000		sum(1,0000)		1,0000	0,0000		sum(1,0000)		1,0000	0,0000		sum(1,0000)		0,2888	0,7112		sum(1,0000)		0,8986	0,1014		sum(1,0000)		0,6857	0,3143		sum(1,0000)		0,0000	1,0000	0,0000		sum(1,0000)		
1,0000	0,0000		sum(1,0000)		1,0000	0,0000		sum(1,0000)		1,0000	0,0000		sum(1,0000)		1,0000	0,0000		sum(1,0000)		0,0000	1,0000		sum(1,0000)		0,8977	0,1023		sum(1,0000)		0,8814	0,1186		sum(1,0000)		1,0000	0,0000		sum(1,0000)		0,0000	1,0000		sum(1,0000)		1,0000	0,0000		sum(1,0000)		0,0000	1,0000		sum(1,0000)		0,0159	0,9841		sum(1,0000)		0,7403	0,2597		sum(1,0000)		0,0000	1,0000	0,0000		sum(1,0000)		
0,9927	0,0073		sum(1,0000)		1,0000	0,0000		sum(1,0000)		0,8576	0,1424		sum(1,0000)		0,4542	0,5458		sum(1,0000)		0,5637	0,4363		sum(1,0000)		1,0000	0,0000		sum(1,0000)		1,0000	0,0000		sum(1,0000)		0,5462	0,4538		sum(1,0000)		0,7546	0,2454		sum(1,0000)		1,0000	0,0000		sum(1,0000)		0,5918	0,4082		sum(1,0000)		0,9838	0,0162		sum(1,0000)		0,4809	0,5191		sum(1,0000)		0,0000	1,0000	0,0000		sum(1,0000)		
0,0000	1,0000		sum(1,0000)		1,0000	0,0000		sum(1,0000)		0,0000	1,0000		sum(1,0000)		0,0000	1,0000		sum(1,0000)		1,0000	0,0000		sum(1,0000)		0,0000	1,0000		sum(1,0000)		0,0000	1,0000		sum(1,0000)		1,0000	0,0000		sum(1,0000)		0,3091	0,6909		sum(1,0000)		1,0000	0,0000		sum(1,0000)		0,0000	1,0000		sum(1,0000)		0,0000	1,0000		sum(1,0000)		1,0000	0,0000		sum(1,0000)		0,0000	1,0000	0,0000		sum(1,0000)		
0,1228	0,8772		sum(1,0000)		1,0000	0,0000		sum(1,0000)		0,7858	0,2142		sum(1,0000)		0,0000	1,0000		sum(1,0000)		1,0000	0,0000		sum(1,0000)		0,8697	0,1303		sum(1,0000)		0,5586	0,4414		sum(1,0000)		1,0000	0,0000		sum(1,0000)		1,0000	0,0000		sum(1,0000)		1,0000	0,0000		sum(1,0000)		0,3951	0,6049		sum(1,0000)		0,2405	0,7595		sum(1,0000)		1,0000	0,0000		sum(1,0000)		0,0000	1,0000	0,0000		sum(1,0000)		
0,4852	0,5148		sum(1,0000)		1,0000	0,0000		sum(1,0000)		0,0000	1,0000		sum(1,0000)		0,0000	1,0000		sum(1,0000)		0,0000	1,0000		sum(1,0000)		0,0000	1,0000		sum(1,0000)		0,0000	1,0000		sum(1,0000)		1,0000	0,0000		sum(1,0000)		0,2113	0,7887		sum(1,0000)		1,0000	0,0000		sum(1,0000)		0,0000	1,0000		sum(1,0000)		0,0000	1,0000		sum(1,0000)		0,2846	0,7154		sum(1,0000)		0,0000	1,0000	0,0000		sum(1,0000)		
1,0000	0,0000		sum(1,0000)		1,0000	0,0000		sum(1,0000)		0,6423	0,3577		sum(1,0000)		0,3419	0,6581		sum(1,0000)		0,6453	0,3547		sum(1,0000)		0,0000	1,0000		sum(1,0000)		0,3856	0,6144		sum(1,0000)		1,0000	0,0000		sum(1,0000)		0,5481	0,4519		sum(1,0000)		1,0000	0,0000		sum(1,0000)		0,3685	0,6315		sum(1,0000)		0,0000	1,0000		sum(1,0000)		0,4536	0,5464		sum(1,0000)		0,0000	1,0000	0,0000		sum(1,0000)		
1,0000	0,0000		sum(1,0000)		0,9206	0,0794		sum(1,0000)		1,0000	0,0000		sum(1,0000)		1,0000	0,0000		sum(1,0000)		0,8085	0,1915		sum(1,0000)		1,0000	0,0000		sum(1,0000)		0,7142	0,2858		sum(1,0000)		0,6864	0,3136		sum(1,0000)		1,0000	0,0000		sum(1,0000)		1,0000	0,0000		sum(1,0000)		0,0000	1,0000		sum(1,0000)		0,7360	0,2640		sum(1,0000)		1,0000	0,0000		sum(1,0000)		0,0000	1,0000	0,0000		sum(1,0000)		
0,4562	0,5438		sum(1,0000)		1,0000	0,0000		sum(1,0000)		1,0000	0,0000		sum(1,0000)		1,0000	0,0000		sum(1,0000)		1,0000	0,0000		sum(1,0000)		0,8045	0,1955		sum(1,0000)		0,4490	0,5510		sum(1,0000)		1,0000	0,0000		sum(1,0000)		0,7546	0,2454		sum(1,0000)		0,8379	0,1621		sum(1,0000)		0,0000	1,0000		sum(1,0000)		0,4728	0,5272		sum(1,0000)		1,0000	0,0000		sum(1,0000)		0,0000	1,0000	0,0000		sum(1,0000)		
1,0000	0,0000		sum(1,0000)		0,4498	0,5502		sum(1,0000)		0,8097	0,1903		sum(1,0000)		0,9034	0,0966		sum(1,0000)		0,1965	0,8035		sum(1,0000)		1,0000	0,0000		sum(1,0000)		0,8584	0,1416		sum(1,0000)		0,2658	0,7342		sum(1,0000)		1,0000	0,0000		sum(1,0000)		1,0000	0,0000		sum(1,0000)		0,4483	0,5517		sum(1,0000)		0,4418	0,5582		sum(1,0000)		1,0000	0,0000		sum(1,0000)		0,0000	1,0000	0,0000		sum(1,0000)		
0,9637	0,0363		sum(1,0000)		1,0000	0,0000		sum(1,0000)		1,0000	0,0000		sum(1,0000)		1,0000	0,0000		sum(1,0000)		0,0000	1,0000		sum(1,0000)		0,8511	0,1489		sum(1,0000)		0,5528	0,4472		sum(1,0000)		0,6397	0,3603		sum(1,0000)		0,0000	1,0000		sum(1,0000)		1,0000	0,0000		sum(1,0000)		0,1825	0,8175		sum(1,0000)		0,6044	0,3956		sum(1,0000)		0,6857	0,3143		sum(1,0000)		0,0000	1,0000	0,0000		sum(1,0000)		
0,6955	0,3045		sum(1,0000)		0,0000	1,0000		sum(1,0000)		0,4030	0,5970		sum(1,0000)		0,0000	1,0000		sum(1,0000)		0,6453	0,3547		sum(1,0000)		0,0000	1,0000		sum(1,0000)		0,1492	0,8508		sum(1,0000)		0,2658	0,7342		sum(1,0000)		0,2222	0,7778		sum(1,0000)		1,0000	0,0000		sum(1,0000)		0,0000	1,0000		sum(1,0000)		0,0000	1,0000		sum(1,0000)		1,0000	0,0000		sum(1,0000)		0,0000	1,0000	0,0000		sum(1,0000)		
1,0000	0,0000		sum(1,0000)		1,0000	0,0000		sum(1,0000)		1,0000	0,0000		sum(1,0000)		0,7162	0,2838		sum(1,0000)		1,0000	0,0000		sum(1,0000)		0,3668	0,6332		sum(1,0000)		0,3164	0,6836		sum(1,0000)		0,8733	0,1267		sum(1,0000)		0,7872	0,2128		sum(1,0000)		1,0000	0,0000		sum(1,0000)		0,0000	1,0000		sum(1,0000)		0,0000	1,0000		sum(1,0000)		1,0000	0,0000		sum(1,0000)		0,0000	1,0000	0,0000		sum(1,0000)		
0,6810	0,3190		sum(1,0000)		0,9532	0,0468		sum(1,0000)		0,8815	0,1185		sum(1,0000)		0,7537	0,2463		sum(1,0000)		1,0000	0,0000		sum(1,0000)		0,5717	0,4283		sum(1,0000)		0,1607	0,8393		sum(1,0000)		1,0000	0,0000		sum(1,0000)		0,4178	0,5822		sum(1,0000)		1,0000	0,0000		sum(1,0000)		0,0000	1,0000		sum(1,0000)		0,0000	1,0000		sum(1,0000)		0,7472	0,2528		sum(1,0000)		0,0000	1,0000	0,0000		sum(1,0000)		
1,0000	0,0000		sum(1,0000)		1,0000	0,0000		sum(1,0000)		0,1399	0,8601		sum(1,0000)		0,0000	1,0000		sum(1,0000)		1,0000	0,0000		sum(1,0000)		0,7580	0,2420		sum(1,0000)		0,7085	0,2915		sum(1,0000)		0,4060	0,5940		sum(1,0000)		0,8198	0,1802		sum(1,0000)		1,0000	0,0000		sum(1,0000)		0,0000	1,0000		sum(1,0000)		0,2869	0,7131		sum(1,0000)		0,8905	0,1095		sum(1,0000)		0,0000	1,0000	0,0000		sum(1,0000)		
0,4417	0,5583		sum(1,0000)		0,0000	1,0000		sum(1,0000)		0,5944	0,4056		sum(1,0000)		0,0612	0,9388		sum(1,0000)		1,0000	0,0000		sum(1,0000)		1,0000	0,0000		sum(1,0000)		0,7027	0,2973		sum(1,0000)		0,0000	1,0000		sum(1,0000)		0,5807	0,4193		sum(1,0000)		0,7909	0,2091		sum(1,0000)		0,7672	0,2328		sum(1,0000)		0,8367	0,1633		sum(1,0000)		1,0000	0,0000		sum(1,0000)		0,0000	1,0000	0,0000		sum(1,0000)		
1,0000	0,0000		sum(1,0000)		1,0000	0,0000		sum(1,0000)		0,0000	1,0000		sum(1,0000)		0,9034	0,0966		sum(1,0000)		0,9309	0,0691		sum(1,0000)		0,5717	0,4283		sum(1,0000)		0,3452	0,6548		sum(1,0000)		1,0000	0,0000		sum(1,0000)		0,0000	1,0000		sum(1,0000)		1,0000	0,0000		sum(1,0000)		0,9001	0,0999		sum(1,0000)		0,0082	0,9918		sum(1,0000)		1,0000	0,0000		sum(1,0000)		0,0000	1,0000	0,0000		sum(1,0000)		
0,7172	0,2828		sum(1,0000)		1,0000	0,0000		sum(1,0000)		0,7858	0,2142		sum(1,0000)		0,9034	0,0966		sum(1,0000)		0,7269	0,2731		sum(1,0000)		0,5717	0,4283		sum(1,0000)		0,5009	0,4991		sum(1,0000)		0,8733	0,1267		sum(1,0000)		0,7546	0,2454		sum(1,0000)		1,0000	0,0000		sum(1,0000)		0,0000	1,0000		sum(1,0000)		0,0000	1,0000		sum(1,0000)		1,0000	0,0000		sum(1,0000)		0,0000	1,0000	0,0000		sum(1,0000)		
1,0000	0,0000		sum(1,0000)		1,0000	0,0000		sum(1,0000)		0,6183	0,3817		sum(1,0000)		0,0050	0,9950		sum(1,0000)		1,0000	0,0000		sum(1,0000)		0,9629	0,0371		sum(1,0000)		0,6451	0,3549		sum(1,0000)		0,2658	0,7342		sum(1,0000)		0,6459	0,3541		sum(1,0000)		1,0000	0,0000		sum(1,0000)		0,0000	1,0000		sum(1,0000)		0,6431	0,3569		sum(1,0000)		1,0000	0,0000		sum(1,0000)		0,0000	1,0000	0,0000		sum(1,0000)		
1,0000	0,0000		sum(1,0000)		1,0000	0,0000		sum(1,0000)		0,0000	1,0000		sum(1,0000)		0,0000	1,0000		sum(1,0000)		1,0000	0,0000		sum(1,0000)		0,8325	0,1675		sum(1,0000)		0,6912	0,3088		sum(1,0000)		0,4060	0,5940		sum(1,0000)		0,8850	0,1150		sum(1,0000)		1,0000	0,0000		sum(1,0000)		0,0000	1,0000		sum(1,0000)		0,0000	1,0000		sum(1,0000)		1,0000	0,0000		sum(1,0000)		0,0000	1,0000	0,0000		sum(1,0000)		
1,0000	0,0000		sum(1,0000)		0,8367	0,1633		sum(1,0000)		0,2595	0,7405		sum(1,0000)		0,2296	0,7704		sum(1,0000)		1,0000	0,0000		sum(1,0000)		0,8045	0,1955		sum(1,0000)		0,6451	0,3549		sum(1,0000)		0,0322	0,9678		sum(1,0000)		0,8741	0,1259		sum(1,0000)		1,0000	0,0000		sum(1,0000)		0,3420	0,6580		sum(1,0000)		0,2637	0,7363		sum(1,0000)		0,8052	0,1948		sum(1,0000)		0,0000	1,0000	0,0000		sum(1,0000)		
1,0000	0,0000		sum(1,0000)		1,0000	0,0000		sum(1,0000)		0,6423	0,3577		sum(1,0000)		0,0000	1,0000		sum(1,0000)		1,0000	0,0000		sum(1,0000)		0,5717	0,4283		sum(1,0000)		0,7027	0,2973		sum(1,0000)		0,3126	0,6874		sum(1,0000)		0,8415	0,1585		sum(1,0000)		1,0000	0,0000		sum(1,0000)		0,1559	0,8441		sum(1,0000)		0,0000	1,0000		sum(1,0000)		0,8991	0,1009		sum(1,0000)		0,0000	1,0000	0,0000		sum(1,0000)		
1,0000	0,0000		sum(1,0000)		0,9439	0,0561		sum(1,0000)		0,5944	0,4056		sum(1,0000)		0,8098	0,1902		sum(1,0000)		1,0000	0,0000		sum(1,0000)		1,0000	0,0000		sum(1,0000)		0,7546	0,2454		sum(1,0000)		0,0000	1,0000		sum(1,0000)		0,5590	0,4410		sum(1,0000)		1,0000	0,0000		sum(1,0000)		0,1293	0,8707		sum(1,0000)		0,6354	0,3646		sum(1,0000)		1,0000	0,0000		sum(1,0000)		0,0000	1,0000	0,0000		sum(1,0000)		
1,0000	0,0000		sum(1,0000)		1,0000	0,0000		sum(1,0000)		0,3552	0,6448		sum(1,0000)		0,1548	0,8452		sum(1,0000)		1,0000	0,0000		sum(1,0000)		1,0000	0,0000		sum(1,0000)		0,8987	0,1013		sum(1,0000)		0,0000	1,0000		sum(1,0000)		0,5699	0,4301		sum(1,0000)		1,0000	0,0000		sum(1,0000)		0,2091	0,7909		sum(1,0000)		0,3411	0,6589		sum(1,0000)		1,0000	0,0000		sum(1,0000)		0,0000	1,0000	0,0000		sum(1,0000)		
0,7027	0,2973		sum(1,0000)		1,0000	0,0000		sum(1,0000)		0,7380	0,2620		sum(1,0000)		0,3981	0,6019		sum(1,0000)		1,0000	0,0000		sum(1,0000)		1,0000	0,0000		sum(1,0000)		0,7777	0,2223		sum(1,0000)		0,0000	1,0000		sum(1,0000)		0,5807	0,4193		sum(1,0000)		1,0000	0,0000		sum(1,0000)		0,4483	0,5517		sum(1,0000)		0,7980	0,2020		sum(1,0000)		1,0000	0,0000		sum(1,0000)		0,0000	1,0000	0,0000		sum(1,0000)		
0,9927	0,0073		sum(1,0000)		0,4778	0,5222		sum(1,0000)		0,8337	0,1663		sum(1,0000)		0,9034	0,0966		sum(1,0000)		1,0000	0,0000		sum(1,0000)		0,3389	0,6611		sum(1,0000)		0,3222	0,6778		sum(1,0000)		1,0000	0,0000		sum(1,0000)		0,1787	0,8213		sum(1,0000)		1,0000	0,0000		sum(1,0000)		0,0000	1,0000		sum(1,0000)		0,0000	1,0000		sum(1,0000)		1,0000	0,0000		sum(1,0000)		0,0000	1,0000	0,0000		sum(1,0000)		
1,0000	0,0000		sum(1,0000)		0,8693	0,1307		sum(1,0000)		0,6901	0,3099		sum(1,0000)		0,9034	0,0966		sum(1,0000)		0,7677	0,2323		sum(1,0000)		0,0000	1,0000		sum(1,0000)		0,3164	0,6836		sum(1,0000)		1,0000	0,0000		sum(1,0000)		0,8741	0,1259		sum(1,0000)		1,0000	0,0000		sum(1,0000)		0,0000	1,0000		sum(1,0000)		0,1011	0,8989		sum(1,0000)		1,0000	0,0000		sum(1,0000)		0,0000	1,0000	0,0000		sum(1,0000)		
0,8622	0,1378		sum(1,0000)		1,0000	0,0000		sum(1,0000)		0,8815	0,1185		sum(1,0000)		0,7162	0,2838		sum(1,0000)		0,0000	1,0000		sum(1,0000)		0,2923	0,7077		sum(1,0000)		0,3106	0,6894		sum(1,0000)		0,7798	0,2202		sum(1,0000)		0,0000	1,0000		sum(1,0000)		1,0000	0,0000		sum(1,0000)		0,0000	1,0000		sum(1,0000)		0,3566	0,6434		sum(1,0000)		0,3665	0,6335		sum(1,0000)		0,0000	1,0000	0,0000		sum(1,0000)		
1,0000	0,0000		sum(1,0000)		0,8087	0,1913		sum(1,0000)		0,0000	1,0000		sum(1,0000)		0,2483	0,7517		sum(1,0000)		0,0000	1,0000		sum(1,0000)		1,0000	0,0000		sum(1,0000)		1,0000	0,0000		sum(1,0000)		1,0000	0,0000		sum(1,0000)		0,6459	0,3541		sum(1,0000)		1,0000	0,0000		sum(1,0000)		0,4749	0,5251		sum(1,0000)		0,6431	0,3569		sum(1,0000)		0,8991	0,1009		sum(1,0000)		0,0000	1,0000	0,0000		sum(1,0000)		
0,9927	0,0073		sum(1,0000)		1,0000	0,0000		sum(1,0000)		1,0000	0,0000		sum(1,0000)		1,0000	0,0000		sum(1,0000)		1,0000	0,0000		sum(1,0000)		0,2458	0,7542		sum(1,0000)		0,1780	0,8220		sum(1,0000)		0,9200	0,0800		sum(1,0000)		0,4178	0,5822		sum(1,0000)		1,0000	0,0000		sum(1,0000)		0,0000	1,0000		sum(1,0000)		0,2714	0,7286		sum(1,0000)		1,0000	0,0000		sum(1,0000)		0,0000	1,0000	0,0000		sum(1,0000)		
0,9347	0,0653		sum(1,0000)		1,0000	0,0000		sum(1,0000)		1,0000	0,0000		sum(1,0000)		0,8098	0,1902		sum(1,0000)		1,0000	0,0000		sum(1,0000)		0,0000	1,0000		sum(1,0000)		0,0000	1,0000		sum(1,0000)		1,0000	0,0000		sum(1,0000)		0,2222	0,7778		sum(1,0000)		0,8614	0,1386		sum(1,0000)		0,2356	0,7644		sum(1,0000)		0,2482	0,7518		sum(1,0000)		0,8393	0,1607		sum(1,0000)		0,0000	1,0000	0,0000		sum(1,0000)		
0,9927	0,0073		sum(1,0000)		0,3193	0,6807		sum(1,0000)		0,8576	0,1424		sum(1,0000)		0,9034	0,0966		sum(1,0000)		1,0000	0,0000		sum(1,0000)		0,0000	1,0000		sum(1,0000)		0,0000	1,0000		sum(1,0000)		0,1724	0,8276		sum(1,0000)		0,0000	1,0000		sum(1,0000)		1,0000	0,0000		sum(1,0000)		0,0000	1,0000		sum(1,0000)		0,2017	0,7983		sum(1,0000)		1,0000	0,0000		sum(1,0000)		0,0000	1,0000	0,0000		sum(1,0000)		
1,0000	0,0000		sum(1,0000)		0,8274	0,1726		sum(1,0000)		1,0000	0,0000		sum(1,0000)		0,9970	0,0030		sum(1,0000)		0,8085	0,1915		sum(1,0000)		0,5438	0,4562		sum(1,0000)		0,3683	0,6317		sum(1,0000)		1,0000	0,0000		sum(1,0000)		0,8198	0,1802		sum(1,0000)		1,0000	0,0000		sum(1,0000)		0,0000	1,0000		sum(1,0000)		0,1011	0,8989		sum(1,0000)		0,7540	0,2460		sum(1,0000)		0,0000	1,0000	0,0000		sum(1,0000)		
0,7679	0,2321		sum(1,0000)		1,0000	0,0000		sum(1,0000)		1,0000	0,0000		sum(1,0000)		0,8098	0,1902		sum(1,0000)		1,0000	0,0000		sum(1,0000)		1,0000	0,0000		sum(1,0000)		0,8353	0,1647		sum(1,0000)		0,9200	0,0800		sum(1,0000)		0,8741	0,1259		sum(1,0000)		1,0000	0,0000		sum(1,0000)		0,2356	0,7644		sum(1,0000)		0,2482	0,7518		sum(1,0000)		1,0000	0,0000		sum(1,0000)		0,0000	1,0000	0,0000		sum(1,0000)		
0,9564	0,0436		sum(1,0000)		0,6549	0,3451		sum(1,0000)		0,2595	0,7405		sum(1,0000)		0,3419	0,6581		sum(1,0000)		0,7677	0,2323		sum(1,0000)		0,2365	0,7635		sum(1,0000)		0,4029	0,5971		sum(1,0000)		0,6864	0,3136		sum(1,0000)		0,9176	0,0824		sum(1,0000)		1,0000	0,0000		sum(1,0000)		0,8735	0,1265		sum(1,0000)		0,0000	1,0000		sum(1,0000)		1,0000	0,0000		sum(1,0000)		0,0000	1,0000	0,0000		sum(1,0000)		
1,0000	0,0000		sum(1,0000)		0,9952	0,0048		sum(1,0000)		1,0000	0,0000		sum(1,0000)		0,6226	0,3774		sum(1,0000)		1,0000	0,0000		sum(1,0000)		0,2923	0,7077		sum(1,0000)		0,6739	0,3261		sum(1,0000)		0,5462	0,4538		sum(1,0000)		0,7980	0,2020		sum(1,0000)		1,0000	0,0000		sum(1,0000)		0,5014	0,4986		sum(1,0000)		0,5037	0,4963		sum(1,0000)		1,0000	0,0000		sum(1,0000)		0,0000	1,0000	0,0000		sum(1,0000)		
0,8332	0,1668		sum(1,0000)		0,9905	0,0095		sum(1,0000)		1,0000	0,0000		sum(1,0000)		0,4355	0,5645		sum(1,0000)		1,0000	0,0000		sum(1,0000)		0,5717	0,4283		sum(1,0000)		0,5124	0,4876		sum(1,0000)		0,7798	0,2202		sum(1,0000)		0,7329	0,2671		sum(1,0000)		1,0000	0,0000		sum(1,0000)		0,2356	0,7644		sum(1,0000)		0,0000	1,0000		sum(1,0000)		0,8188	0,1812		sum(1,0000)		0,0000	1,0000	0,0000		sum(1,0000)		
0,8984	0,1016		sum(1,0000)		0,6083	0,3917		sum(1,0000)		0,7140	0,2860		sum(1,0000)		0,1548	0,8452		sum(1,0000)		1,0000	0,0000		sum(1,0000)		1,0000	0,0000		sum(1,0000)		0,5586	0,4414		sum(1,0000)		0,0000	1,0000		sum(1,0000)		0,7980	0,2020		sum(1,0000)		1,0000	0,0000		sum(1,0000)		0,7141	0,2859		sum(1,0000)		0,0000	1,0000		sum(1,0000)		1,0000	0,0000		sum(1,0000)		0,0000	1,0000	0,0000		sum(1,0000)		
1,0000	0,0000		sum(1,0000)		0,9905	0,0095		sum(1,0000)		1,0000	0,0000		sum(1,0000)		0,7162	0,2838		sum(1,0000)		1,0000	0,0000		sum(1,0000)		1,0000	0,0000		sum(1,0000)		0,4490	0,5510		sum(1,0000)		0,5462	0,4538		sum(1,0000)		0,5699	0,4301		sum(1,0000)		1,0000	0,0000		sum(1,0000)		0,3420	0,6580		sum(1,0000)		0,0000	1,0000		sum(1,0000)		1,0000	0,0000		sum(1,0000)		0,0000	1,0000	0,0000		sum(1,0000)		
0,6810	0,3190		sum(1,0000)		0,9812	0,0188		sum(1,0000)		0,6901	0,3099		sum(1,0000)		0,0612	0,9388		sum(1,0000)		1,0000	0,0000		sum(1,0000)		1,0000	0,0000		sum(1,0000)		0,6047	0,3953		sum(1,0000)		0,0322	0,9678		sum(1,0000)		0,5699	0,4301		sum(1,0000)		1,0000	0,0000		sum(1,0000)		0,6609	0,3391		sum(1,0000)		0,5192	0,4808		sum(1,0000)		1,0000	0,0000		sum(1,0000)		0,0000	1,0000	0,0000		sum(1,0000)		
1,0000	0,0000		sum(1,0000)		1,0000	0,0000		sum(1,0000)		1,0000	0,0000		sum(1,0000)		0,7162	0,2838		sum(1,0000)		1,0000	0,0000		sum(1,0000)		0,4227	0,5773		sum(1,0000)		0,4433	0,5567		sum(1,0000)		0,4528	0,5472		sum(1,0000)		0,0809	0,9191		sum(1,0000)		1,0000	0,0000		sum(1,0000)		0,7141	0,2859		sum(1,0000)		0,0546	0,9454		sum(1,0000)		1,0000	0,0000		sum(1,0000)		0,0000	1,0000	0,0000		sum(1,0000)		
1,0000	0,0000		sum(1,0000)		1,0000	0,0000		sum(1,0000)		0,0000	1,0000		sum(1,0000)		0,5291	0,4709		sum(1,0000)		0,9309	0,0691		sum(1,0000)		0,0688	0,9312		sum(1,0000)		0,0000	1,0000		sum(1,0000)		0,9200	0,0800		sum(1,0000)		0,0000	1,0000		sum(1,0000)		1,0000	0,0000		sum(1,0000)		0,4483	0,5517		sum(1,0000)		0,0000	1,0000		sum(1,0000)		0,8052	0,1948		sum(1,0000)		0,0000	1,0000	0,0000		sum(1,0000)		
1,0000	0,0000		sum(1,0000)		0,0536	0,9464		sum(1,0000)		1,0000	0,0000		sum(1,0000)		0,6226	0,3774		sum(1,0000)		0,4005	0,5995		sum(1,0000)		0,0000	1,0000		sum(1,0000)		0,1319	0,8681		sum(1,0000)		1,0000	0,0000		sum(1,0000)		0,0000	1,0000		sum(1,0000)		1,0000	0,0000		sum(1,0000)		1,0000	0,0000		sum(1,0000)		0,2172	0,7828		sum(1,0000)		1,0000	0,0000		sum(1,0000)		0,0000	1,0000	0,0000		sum(1,0000)		
0,8259	0,1741		sum(1,0000)		0,6642	0,3358		sum(1,0000)		0,9533	0,0467		sum(1,0000)		0,3419	0,6581		sum(1,0000)		1,0000	0,0000		sum(1,0000)		0,2458	0,7542		sum(1,0000)		0,3106	0,6894		sum(1,0000)		1,0000	0,0000		sum(1,0000)		1,0000	0,0000		sum(1,0000)		1,0000	0,0000		sum(1,0000)		0,6077	0,3923		sum(1,0000)		0,2405	0,7595		sum(1,0000)		1,0000	0,0000		sum(1,0000)		0,0000	1,0000	0,0000		sum(1,0000)		
1,0000	0,0000		sum(1,0000)		0,5477	0,4523		sum(1,0000)		0,0000	1,0000		sum(1,0000)		0,5291	0,4709		sum(1,0000)		0,5637	0,4363		sum(1,0000)		0,9908	0,0092		sum(1,0000)		0,4490	0,5510		sum(1,0000)		0,0000	1,0000		sum(1,0000)		1,0000	0,0000		sum(1,0000)		1,0000	0,0000		sum(1,0000)		0,0000	1,0000		sum(1,0000)		0,4573	0,5427		sum(1,0000)		0,9298	0,0702		sum(1,0000)		0,0000	1,0000	0,0000		sum(1,0000)		
1,0000	0,0000		sum(1,0000)		1,0000	0,0000		sum(1,0000)		0,1638	0,8362		sum(1,0000)		0,3419	0,6581		sum(1,0000)		1,0000	0,0000		sum(1,0000)		0,3110	0,6890		sum(1,0000)		0,4605	0,5395		sum(1,0000)		0,3126	0,6874		sum(1,0000)		0,7763	0,2237		sum(1,0000)		1,0000	0,0000		sum(1,0000)		0,0762	0,9238		sum(1,0000)		0,6044	0,3956		sum(1,0000)		1,0000	0,0000		sum(1,0000)		0,0000	1,0000	0,0000		sum(1,0000)		
1,0000	0,0000		sum(1,0000)		1,0000	0,0000		sum(1,0000)		0,1638	0,8362		sum(1,0000)		0,0612	0,9388		sum(1,0000)		1,0000	0,0000		sum(1,0000)		0,2365	0,7635		sum(1,0000)		0,2991	0,7009		sum(1,0000)		0,2658	0,7342		sum(1,0000)		1,0000	0,0000		sum(1,0000)		1,0000	0,0000		sum(1,0000)		0,5280	0,4720		sum(1,0000)		0,0000	1,0000		sum(1,0000)		1,0000	0,0000		sum(1,0000)		0,0000	1,0000	0,0000		sum(1,0000)		
1,0000	0,0000		sum(1,0000)		1,0000	0,0000		sum(1,0000)		0,8815	0,1185		sum(1,0000)		0,2483	0,7517		sum(1,0000)		1,0000	0,0000		sum(1,0000)		0,3296	0,6704		sum(1,0000)		0,3683	0,6317		sum(1,0000)		0,0000	1,0000		sum(1,0000)		0,1570	0,8430		sum(1,0000)		1,0000	0,0000		sum(1,0000)		0,0000	1,0000		sum(1,0000)		0,1708	0,8292		sum(1,0000)		1,0000	0,0000		sum(1,0000)		0,0000	1,0000	0,0000		sum(1,0000)		
1,0000	0,0000		sum(1,0000)		1,0000	0,0000		sum(1,0000)		1,0000	0,0000		sum(1,0000)		0,3793	0,6207		sum(1,0000)		1,0000	0,0000		sum(1,0000)		0,7766	0,2234		sum(1,0000)		0,6969	0,3031		sum(1,0000)		0,8733	0,1267		sum(1,0000)		0,6785	0,3215		sum(1,0000)		1,0000	0,0000		sum(1,0000)		0,4749	0,5251		sum(1,0000)		0,0000	1,0000		sum(1,0000)		1,0000	0,0000		sum(1,0000)		0,0000	1,0000	0,0000		sum(1,0000)		
0,8984	0,1016		sum(1,0000)		1,0000	0,0000		sum(1,0000)		0,9054	0,0946		sum(1,0000)		0,0612	0,9388		sum(1,0000)		0,3597	0,6403		sum(1,0000)		0,7580	0,2420		sum(1,0000)		0,4144	0,5856		sum(1,0000)		0,6864	0,3136		sum(1,0000)		0,5916	0,4084		sum(1,0000)		1,0000	0,0000		sum(1,0000)		0,1825	0,8175		sum(1,0000)		0,1011	0,8989		sum(1,0000)		1,0000	0,0000		sum(1,0000)		0,0000	1,0000	0,0000		sum(1,0000)		
0,6447	0,3553		sum(1,0000)		0,1981	0,8019		sum(1,0000)		1,0000	0,0000		sum(1,0000)		1,0000	0,0000		sum(1,0000)		1,0000	0,0000		sum(1,0000)		1,0000	0,0000		sum(1,0000)		0,8987	0,1013		sum(1,0000)		0,2658	0,7342		sum(1,0000)		1,0000	0,0000		sum(1,0000)		1,0000	0,0000		sum(1,0000)		1,0000	0,0000		sum(1,0000)		0,7515	0,2485		sum(1,0000)		1,0000	0,0000		sum(1,0000)		0,0000	1,0000	0,0000		sum(1,0000)		
1,0000	0,0000		sum(1,0000)		0,1981	0,8019		sum(1,0000)		1,0000	0,0000		sum(1,0000)		0,7162	0,2838		sum(1,0000)		1,0000	0,0000		sum(1,0000)		0,7580	0,2420		sum(1,0000)		0,6739	0,3261		sum(1,0000)		0,5462	0,4538		sum(1,0000)		0,3091	0,6909		sum(1,0000)		1,0000	0,0000		sum(1,0000)		0,5280	0,4720		sum(1,0000)		0,0314	0,9686		sum(1,0000)		1,0000	0,0000		sum(1,0000)		0,0000	1,0000	0,0000		sum(1,0000)		
1,0000	0,0000		sum(1,0000)		0,6782	0,3218		sum(1,0000)		0,3552	0,6448		sum(1,0000)		0,5291	0,4709		sum(1,0000)		0,8493	0,1507		sum(1,0000)		0,0000	1,0000		sum(1,0000)		0,0108	0,9892		sum(1,0000)		0,7798	0,2202		sum(1,0000)		0,3526	0,6474		sum(1,0000)		1,0000	0,0000		sum(1,0000)		0,8735	0,1265		sum(1,0000)		0,0000	1,0000		sum(1,0000)		0,8991	0,1009		sum(1,0000)		0,0000	1,0000	0,0000		sum(1,0000)		
1,0000	0,0000		sum(1,0000)		0,8413	0,1587		sum(1,0000)		0,0000	1,0000		sum(1,0000)		0,0000	1,0000		sum(1,0000)		0,0000	1,0000		sum(1,0000)		0,0000	1,0000		sum(1,0000)		0,0000	1,0000		sum(1,0000)		0,0789	0,9211		sum(1,0000)		0,3091	0,6909		sum(1,0000)		0,5092	0,4908		sum(1,0000)		0,5280	0,4720		sum(1,0000)		0,0000	1,0000		sum(1,0000)		1,0000	0,0000		sum(1,0000)		0,0000	1,0000	0,0000		sum(1,0000)		
0,8984	0,1016		sum(1,0000)		0,0000	1,0000		sum(1,0000)		0,0000	1,0000		sum(1,0000)		0,0000	1,0000		sum(1,0000)		0,6045	0,3955		sum(1,0000)		0,5717	0,4283		sum(1,0000)		0,3914	0,6086		sum(1,0000)		0,2658	0,7342		sum(1,0000)		0,4830	0,5170		sum(1,0000)		1,0000	0,0000		sum(1,0000)		0,5546	0,4454		sum(1,0000)		0,0000	1,0000		sum(1,0000)		1,0000	0,0000		sum(1,0000)		0,0000	1,0000	0,0000		sum(1,0000)		
0,4417	0,5583		sum(1,0000)		0,0000	1,0000		sum(1,0000)		1,0000	0,0000		sum(1,0000)		0,2483	0,7517		sum(1,0000)		1,0000	0,0000		sum(1,0000)		0,1806	0,8194		sum(1,0000)		0,0915	0,9085		sum(1,0000)		0,8733	0,1267		sum(1,0000)		0,1570	0,8430		sum(1,0000)		1,0000	0,0000		sum(1,0000)		1,0000	0,0000		sum(1,0000)		0,0000	1,0000		sum(1,0000)		1,0000	0,0000		sum(1,0000)		0,0000	1,0000	0,0000		sum(1,0000)		
1,0000	0,0000		sum(1,0000)		0,0000	1,0000		sum(1,0000)		0,4270	0,5730		sum(1,0000)		0,3419	0,6581		sum(1,0000)		1,0000	0,0000		sum(1,0000)		0,0000	1,0000		sum(1,0000)		0,0000	1,0000		sum(1,0000)		1,0000	0,0000		sum(1,0000)		0,0000	1,0000		sum(1,0000)		1,0000	0,0000		sum(1,0000)		1,0000	0,0000		sum(1,0000)		0,0000	1,0000		sum(1,0000)		1,0000	0,0000		sum(1,0000)		0,0000	1,0000	0,0000		sum(1,0000)		
1,0000	0,0000		sum(1,0000)		0,7901	0,2099		sum(1,0000)		0,9533	0,0467		sum(1,0000)		0,3419	0,6581		sum(1,0000)		1,0000	0,0000		sum(1,0000)		0,1992	0,8008		sum(1,0000)		0,0915	0,9085		sum(1,0000)		0,5462	0,4538		sum(1,0000)		0,8741	0,1259		sum(1,0000)		1,0000	0,0000		sum(1,0000)		0,7141	0,2859		sum(1,0000)		0,0000	1,0000		sum(1,0000)		1,0000	0,0000		sum(1,0000)		0,0000	1,0000	0,0000		sum(1,0000)		
0,8912	0,1088		sum(1,0000)		1,0000	0,0000		sum(1,0000)		0,6662	0,3338		sum(1,0000)		0,2483	0,7517		sum(1,0000)		1,0000	0,0000		sum(1,0000)		0,0688	0,9312		sum(1,0000)		0,0000	1,0000		sum(1,0000)		0,4528	0,5472		sum(1,0000)		0,4178	0,5822		sum(1,0000)		0,9929	0,0071		sum(1,0000)		1,0000	0,0000		sum(1,0000)		0,1940	0,8060		sum(1,0000)		1,0000	0,0000		sum(1,0000)		0,0000	1,0000	0,0000		sum(1,0000)		
1,0000	0,0000		sum(1,0000)		0,8040	0,1960		sum(1,0000)		0,0000	1,0000		sum(1,0000)		0,0000	1,0000		sum(1,0000)		1,0000	0,0000		sum(1,0000)		0,6369	0,3631		sum(1,0000)		0,3279	0,6721		sum(1,0000)		0,0000	1,0000		sum(1,0000)		0,4286	0,5714		sum(1,0000)		1,0000	0,0000		sum(1,0000)		0,4217	0,5783		sum(1,0000)		0,5037	0,4963		sum(1,0000)		1,0000	0,0000		sum(1,0000)		0,0000	1,0000	0,0000		sum(1,0000)		
0,9347	0,0653		sum(1,0000)		1,0000	0,0000		sum(1,0000)		0,6423	0,3577		sum(1,0000)		0,0000	1,0000		sum(1,0000)		1,0000	0,0000		sum(1,0000)		0,5531	0,4469		sum(1,0000)		0,2069	0,7931		sum(1,0000)		0,4060	0,5940		sum(1,0000)		0,2765	0,7235		sum(1,0000)		1,0000	0,0000		sum(1,0000)		0,6343	0,3657		sum(1,0000)		0,2405	0,7595		sum(1,0000)		1,0000	0,0000		sum(1,0000)		0,0000	1,0000	0,0000		sum(1,0000)		
1,0000	0,0000		sum(1,0000)		0,0000	1,0000		sum(1,0000)		0,4509	0,5491		sum(1,0000)		0,1548	0,8452		sum(1,0000)		1,0000	0,0000		sum(1,0000)		0,6648	0,3352		sum(1,0000)		0,6105	0,3895		sum(1,0000)		0,3126	0,6874		sum(1,0000)		0,8741	0,1259		sum(1,0000)		1,0000	0,0000		sum(1,0000)		0,9001	0,0999		sum(1,0000)		0,4031	0,5969		sum(1,0000)		0,9759	0,0241		sum(1,0000)		0,0000	1,0000	0,0000		sum(1,0000)		
0,5795	0,4205		sum(1,0000)		1,0000	0,0000		sum(1,0000)		0,5944	0,4056		sum(1,0000)		0,9034	0,0966		sum(1,0000)		0,0000	1,0000		sum(1,0000)		1,0000	0,0000		sum(1,0000)		0,8987	0,1013		sum(1,0000)		1,0000	0,0000		sum(1,0000)		1,0000	0,0000		sum(1,0000)		0,9553	0,0447		sum(1,0000)		0,9799	0,0201		sum(1,0000)		1,0000	0,0000		sum(1,0000)		0,8905	0,1095		sum(1,0000)		0,0000	0,0000	1,0000		sum(1,0000)		
0,5650	0,4350		sum(1,0000)		0,4032	0,5968		sum(1,0000)		0,4030	0,5970		sum(1,0000)		0,5291	0,4709		sum(1,0000)		0,5229	0,4771		sum(1,0000)		1,0000	0,0000		sum(1,0000)		0,9160	0,0840		sum(1,0000)		1,0000	0,0000		sum(1,0000)		1,0000	0,0000		sum(1,0000)		0,6501	0,3499		sum(1,0000)		1,0000	0,0000		sum(1,0000)		1,0000	0,0000		sum(1,0000)		1,0000	0,0000		sum(1,0000)		0,0000	0,0000	1,0000		sum(1,0000)		
0,6157	0,3843		sum(1,0000)		0,7201	0,2799		sum(1,0000)		0,4030	0,5970		sum(1,0000)		0,0000	1,0000		sum(1,0000)		0,7677	0,2323		sum(1,0000)		1,0000	0,0000		sum(1,0000)		0,9910	0,0090		sum(1,0000)		1,0000	0,0000		sum(1,0000)		1,0000	0,0000		sum(1,0000)		0,5796	0,4204		sum(1,0000)		1,0000	0,0000		sum(1,0000)		1,0000	0,0000		sum(1,0000)		1,0000	0,0000		sum(1,0000)		0,0000	0,0000	1,0000		sum(1,0000)		
0,6955	0,3045		sum(1,0000)		0,1422	0,8578		sum(1,0000)		0,4987	0,5013		sum(1,0000)		0,2483	0,7517		sum(1,0000)		0,4413	0,5587		sum(1,0000)		1,0000	0,0000		sum(1,0000)		0,9276	0,0724		sum(1,0000)		1,0000	0,0000		sum(1,0000)		1,0000	0,0000		sum(1,0000)		0,7440	0,2560		sum(1,0000)		0,9267	0,0733		sum(1,0000)		1,0000	0,0000		sum(1,0000)		0,9417	0,0583		sum(1,0000)		0,0000	0,0000	1,0000		sum(1,0000)		
0,8332	0,1668		sum(1,0000)		1,0000	0,0000		sum(1,0000)		0,7619	0,2381		sum(1,0000)		0,9970	0,0030		sum(1,0000)		1,0000	0,0000		sum(1,0000)		0,7580	0,2420		sum(1,0000)		1,0000	0,0000		sum(1,0000)		0,0000	1,0000		sum(1,0000)		0,9828	0,0172		sum(1,0000)		0,6383	0,3617		sum(1,0000)		1,0000	0,0000		sum(1,0000)		1,0000	0,0000		sum(1,0000)		0,8564	0,1436		sum(1,0000)		0,0000	0,0000	1,0000		sum(1,0000)		
0,7679	0,2321		sum(1,0000)		0,6502	0,3498		sum(1,0000)		0,8815	0,1185		sum(1,0000)		0,8098	0,1902		sum(1,0000)		0,9309	0,0691		sum(1,0000)		1,0000	0,0000		sum(1,0000)		1,0000	0,0000		sum(1,0000)		0,0000	1,0000		sum(1,0000)		1,0000	0,0000		sum(1,0000)		0,2509	0,7491		sum(1,0000)		1,0000	0,0000		sum(1,0000)		1,0000	0,0000		sum(1,0000)		0,7796	0,2204		sum(1,0000)		0,0000	0,0000	1,0000		sum(1,0000)		
1,0000	0,0000		sum(1,0000)		0,0000	1,0000		sum(1,0000)		0,0681	0,9319		sum(1,0000)		0,3419	0,6581		sum(1,0000)		1,0000	0,0000		sum(1,0000)		1,0000	0,0000		sum(1,0000)		1,0000	0,0000		sum(1,0000)		0,0000	1,0000		sum(1,0000)		1,0000	0,0000		sum(1,0000)		1,0000	0,0000		sum(1,0000)		1,0000	0,0000		sum(1,0000)		1,0000	0,0000		sum(1,0000)		0,7369	0,2631		sum(1,0000)		0,0000	0,0000	1,0000		sum(1,0000)		
0,8187	0,1813		sum(1,0000)		0,0000	1,0000		sum(1,0000)		0,0000	1,0000		sum(1,0000)		0,0000	1,0000		sum(1,0000)		0,8493	0,1507		sum(1,0000)		0,9535	0,0465		sum(1,0000)		1,0000	0,0000		sum(1,0000)		0,0000	1,0000		sum(1,0000)		1,0000	0,0000		sum(1,0000)		0,7440	0,2560		sum(1,0000)		0,8204	0,1796		sum(1,0000)		1,0000	0,0000		sum(1,0000)		1,0000	0,0000		sum(1,0000)		0,0000	0,0000	1,0000		sum(1,0000)		
0,1228	0,8772		sum(1,0000)		0,1235	0,8765		sum(1,0000)		0,9054	0,0946		sum(1,0000)		0,6226	0,3774		sum(1,0000)		1,0000	0,0000		sum(1,0000)		1,0000	0,0000		sum(1,0000)		1,0000	0,0000		sum(1,0000)		0,0000	1,0000		sum(1,0000)		1,0000	0,0000		sum(1,0000)		0,5796	0,4204		sum(1,0000)		0,8470	0,1530		sum(1,0000)		0,9838	0,0162		sum(1,0000)		0,9759	0,0241		sum(1,0000)		0,0000	0,0000	1,0000		sum(1,0000)		
0,5940	0,4060		sum(1,0000)		0,4172	0,5828		sum(1,0000)		0,0000	1,0000		sum(1,0000)		0,0000	1,0000		sum(1,0000)		0,6453	0,3547		sum(1,0000)		0,4600	0,5400		sum(1,0000)		1,0000	0,0000		sum(1,0000)		0,0000	1,0000		sum(1,0000)		1,0000	0,0000		sum(1,0000)		0,7628	0,2372		sum(1,0000)		0,6343	0,3657		sum(1,0000)		0,7283	0,2717		sum(1,0000)		0,9588	0,0412		sum(1,0000)		0,0000	0,0000	1,0000		sum(1,0000)		
0,5287	0,4713		sum(1,0000)		0,4871	0,5129		sum(1,0000)		0,0000	1,0000		sum(1,0000)		0,3419	0,6581		sum(1,0000)		0,8493	0,1507		sum(1,0000)		1,0000	0,0000		sum(1,0000)		1,0000	0,0000		sum(1,0000)		0,0000	1,0000		sum(1,0000)		1,0000	0,0000		sum(1,0000)		0,8379	0,1621		sum(1,0000)		0,9533	0,0467		sum(1,0000)		0,6044	0,3956		sum(1,0000)		0,9417	0,0583		sum(1,0000)		0,0000	0,0000	1,0000		sum(1,0000)		
0,2170	0,7830		sum(1,0000)		0,6036	0,3964		sum(1,0000)		0,5227	0,4773		sum(1,0000)		0,5291	0,4709		sum(1,0000)		1,0000	0,0000		sum(1,0000)		1,0000	0,0000		sum(1,0000)		1,0000	0,0000		sum(1,0000)		0,5462	0,4538		sum(1,0000)		1,0000	0,0000		sum(1,0000)		0,6031	0,3969		sum(1,0000)		1,0000	0,0000		sum(1,0000)		0,4805	0,5195		sum(1,0000)		0,6345	0,3655		sum(1,0000)		0,0000	0,0000	1,0000		sum(1,0000)		
0,1010	0,8990		sum(1,0000)		0,3193	0,6807		sum(1,0000)		0,0000	1,0000		sum(1,0000)		0,0000	1,0000		sum(1,0000)		0,8085	0,1915		sum(1,0000)		1,0000	0,0000		sum(1,0000)		1,0000	0,0000		sum(1,0000)		0,0000	1,0000		sum(1,0000)		1,0000	0,0000		sum(1,0000)		0,8966	0,1034		sum(1,0000)		0,6343	0,3657		sum(1,0000)		0,7980	0,2020		sum(1,0000)		1,0000	0,0000		sum(1,0000)		0,0000	0,0000	1,0000		sum(1,0000)		
0,0285	0,9715		sum(1,0000)		0,0000	1,0000		sum(1,0000)		0,5227	0,4773		sum(1,0000)		0,5291	0,4709		sum(1,0000)		1,0000	0,0000		sum(1,0000)		0,7580	0,2420		sum(1,0000)		1,0000	0,0000		sum(1,0000)		0,0789	0,9211		sum(1,0000)		1,0000	0,0000		sum(1,0000)		0,8849	0,1151		sum(1,0000)		0,5812	0,4188		sum(1,0000)		0,8057	0,1943		sum(1,0000)		1,0000	0,0000		sum(1,0000)		0,0000	0,0000	1,0000		sum(1,0000)		
1,0000	0,0000		sum(1,0000)		0,0000	1,0000		sum(1,0000)		0,8815	0,1185		sum(1,0000)		0,8098	0,1902		sum(1,0000)		0,1965	0,8035		sum(1,0000)		1,0000	0,0000		sum(1,0000)		1,0000	0,0000		sum(1,0000)		0,9200	0,0800		sum(1,0000)		1,0000	0,0000		sum(1,0000)		0,0000	1,0000		sum(1,0000)		1,0000	0,0000		sum(1,0000)		0,8444	0,1556		sum(1,0000)		0,5065	0,4935		sum(1,0000)		0,0000	0,0000	1,0000		sum(1,0000)		
0,3620	0,6380		sum(1,0000)		0,1328	0,8672		sum(1,0000)		1,0000	0,0000		sum(1,0000)		0,3419	0,6581		sum(1,0000)		0,6045	0,3955		sum(1,0000)		1,0000	0,0000		sum(1,0000)		1,0000	0,0000		sum(1,0000)		0,2658	0,7342		sum(1,0000)		0,9284	0,0716		sum(1,0000)		0,9788	0,0212		sum(1,0000)		1,0000	0,0000		sum(1,0000)		1,0000	0,0000		sum(1,0000)		0,5492	0,4508		sum(1,0000)		0,0000	0,0000	1,0000		sum(1,0000)		
0,0000	1,0000		sum(1,0000)		0,0000	1,0000		sum(1,0000)		0,8097	0,1903		sum(1,0000)		0,5291	0,4709		sum(1,0000)		1,0000	0,0000		sum(1,0000)		1,0000	0,0000		sum(1,0000)		1,0000	0,0000		sum(1,0000)		0,4060	0,5940		sum(1,0000)		1,0000	0,0000		sum(1,0000)		0,7675	0,2325		sum(1,0000)		1,0000	0,0000		sum(1,0000)		1,0000	0,0000		sum(1,0000)		1,0000	0,0000		sum(1,0000)		0,0000	0,0000	1,0000		sum(1,0000)		
0,5722	0,4278		sum(1,0000)		0,0000	1,0000		sum(1,0000)		0,2117	0,7883		sum(1,0000)		0,2483	0,7517		sum(1,0000)		1,0000	0,0000		sum(1,0000)		1,0000	0,0000		sum(1,0000)		1,0000	0,0000		sum(1,0000)		0,0789	0,9211		sum(1,0000)		1,0000	0,0000		sum(1,0000)		0,1218	0,8782		sum(1,0000)		1,0000	0,0000		sum(1,0000)		0,9528	0,0472		sum(1,0000)		0,8991	0,1009		sum(1,0000)		0,0000	0,0000	1,0000		sum(1,0000)		
0,2460	0,7540		sum(1,0000)		0,2867	0,7133		sum(1,0000)		0,4509	0,5491		sum(1,0000)		0,2483	0,7517		sum(1,0000)		1,0000	0,0000		sum(1,0000)		0,8232	0,1768		sum(1,0000)		1,0000	0,0000		sum(1,0000)		0,1724	0,8276		sum(1,0000)		0,9828	0,0172		sum(1,0000)		0,0000	1,0000		sum(1,0000)		1,0000	0,0000		sum(1,0000)		1,0000	0,0000		sum(1,0000)		0,8564	0,1436		sum(1,0000)		0,0000	0,0000	1,0000		sum(1,0000)		
0,4200	0,5800		sum(1,0000)		0,0000	1,0000		sum(1,0000)		0,4987	0,5013		sum(1,0000)		0,2483	0,7517		sum(1,0000)		0,1557	0,8443		sum(1,0000)		1,0000	0,0000		sum(1,0000)		0,8180	0,1820		sum(1,0000)		0,6864	0,3136		sum(1,0000)		1,0000	0,0000		sum(1,0000)		0,0000	1,0000		sum(1,0000)		1,0000	0,0000		sum(1,0000)		1,0000	0,0000		sum(1,0000)		1,0000	0,0000		sum(1,0000)		0,0000	0,0000	1,0000		sum(1,0000)		
0,1155	0,8845		sum(1,0000)		0,3426	0,6574		sum(1,0000)		0,0000	1,0000		sum(1,0000)		0,0000	1,0000		sum(1,0000)		0,0000	1,0000		sum(1,0000)		1,0000	0,0000		sum(1,0000)		0,7142	0,2858		sum(1,0000)		1,0000	0,0000		sum(1,0000)		0,9828	0,0172		sum(1,0000)		0,0000	1,0000		sum(1,0000)		1,0000	0,0000		sum(1,0000)		1,0000	0,0000		sum(1,0000)		1,0000	0,0000		sum(1,0000)		0,0000	0,0000	1,0000		sum(1,0000)		
0,6302	0,3698		sum(1,0000)		0,5523	0,4477		sum(1,0000)		0,2117	0,7883		sum(1,0000)		0,1548	0,8452		sum(1,0000)		0,1965	0,8035		sum(1,0000)		1,0000	0,0000		sum(1,0000)		0,8353	0,1647		sum(1,0000)		1,0000	0,0000		sum(1,0000)		0,9719	0,0281		sum(1,0000)		0,0000	1,0000		sum(1,0000)		1,0000	0,0000		sum(1,0000)		1,0000	0,0000		sum(1,0000)		1,0000	0,0000		sum(1,0000)		0,0000	0,0000	1,0000		sum(1,0000)		
0,3982	0,6018		sum(1,0000)		0,9113	0,0887		sum(1,0000)		0,0000	1,0000		sum(1,0000)		0,0000	1,0000		sum(1,0000)		0,0332	0,9668		sum(1,0000)		0,5717	0,4283		sum(1,0000)		0,8814	0,1186		sum(1,0000)		1,0000	0,0000		sum(1,0000)		0,6459	0,3541		sum(1,0000)		0,2509	0,7491		sum(1,0000)		1,0000	0,0000		sum(1,0000)		1,0000	0,0000		sum(1,0000)		1,0000	0,0000		sum(1,0000)		0,0000	0,0000	1,0000		sum(1,0000)		
0,3112	0,6888		sum(1,0000)		0,2587	0,7413		sum(1,0000)		0,6901	0,3099		sum(1,0000)		0,8098	0,1902		sum(1,0000)		0,7677	0,2323		sum(1,0000)		0,9442	0,0558		sum(1,0000)		1,0000	0,0000		sum(1,0000)		0,0000	1,0000		sum(1,0000)		0,3091	0,6909		sum(1,0000)		0,0000	1,0000		sum(1,0000)		1,0000	0,0000		sum(1,0000)		1,0000	0,0000		sum(1,0000)		0,8137	0,1863		sum(1,0000)		0,0000	0,0000	1,0000		sum(1,0000)		
0,7824	0,2176		sum(1,0000)		1,0000	0,0000		sum(1,0000)		1,0000	0,0000		sum(1,0000)		0,5291	0,4709		sum(1,0000)		0,5637	0,4363		sum(1,0000)		1,0000	0,0000		sum(1,0000)		1,0000	0,0000		sum(1,0000)		0,0000	1,0000		sum(1,0000)		0,8198	0,1802		sum(1,0000)		0,1335	0,8665		sum(1,0000)		1,0000	0,0000		sum(1,0000)		1,0000	0,0000		sum(1,0000)		0,8735	0,1265		sum(1,0000)		0,0000	0,0000	1,0000		sum(1,0000)		
0,3547	0,6453		sum(1,0000)		0,0000	1,0000		sum(1,0000)		0,5944	0,4056		sum(1,0000)		0,1548	0,8452		sum(1,0000)		0,9717	0,0283		sum(1,0000)		1,0000	0,0000		sum(1,0000)		1,0000	0,0000		sum(1,0000)		0,0000	1,0000		sum(1,0000)		0,6568	0,3432		sum(1,0000)		0,0631	0,9369		sum(1,0000)		1,0000	0,0000		sum(1,0000)		1,0000	0,0000		sum(1,0000)		0,7284	0,2716		sum(1,0000)		0,0000	0,0000	1,0000		sum(1,0000)		
0,0000	1,0000		sum(1,0000)		0,0000	1,0000		sum(1,0000)		0,4509	0,5491		sum(1,0000)		0,6226	0,3774		sum(1,0000)		1,0000	0,0000		sum(1,0000)		0,9442	0,0558		sum(1,0000)		1,0000	0,0000		sum(1,0000)		0,0322	0,9678		sum(1,0000)		0,6459	0,3541		sum(1,0000)		0,0000	1,0000		sum(1,0000)		1,0000	0,0000		sum(1,0000)		1,0000	0,0000		sum(1,0000)		1,0000	0,0000		sum(1,0000)		0,0000	0,0000	1,0000		sum(1,0000)		
0,8767	0,1233		sum(1,0000)		0,3845	0,6155		sum(1,0000)		0,0000	1,0000		sum(1,0000)		0,0000	1,0000		sum(1,0000)		0,8085	0,1915		sum(1,0000)		0,8511	0,1489		sum(1,0000)		1,0000	0,0000		sum(1,0000)		0,0000	1,0000		sum(1,0000)		1,0000	0,0000		sum(1,0000)		0,1570	0,8430		sum(1,0000)		1,0000	0,0000		sum(1,0000)		1,0000	0,0000		sum(1,0000)		0,4638	0,5362		sum(1,0000)		0,0000	0,0000	1,0000		sum(1,0000)		
0,0000	1,0000		sum(1,0000)		1,0000	0,0000		sum(1,0000)		0,0000	1,0000		sum(1,0000)		0,0000	1,0000		sum(1,0000)		0,7677	0,2323		sum(1,0000)		0,0130	0,9870		sum(1,0000)		0,8641	0,1359		sum(1,0000)		0,0000	1,0000		sum(1,0000)		0,0000	1,0000		sum(1,0000)		0,0000	1,0000		sum(1,0000)		1,0000	0,0000		sum(1,0000)		0,8754	0,1246		sum(1,0000)		0,8393	0,1607		sum(1,0000)		0,0000	0,0000	1,0000		sum(1,0000)		
0,1300	0,8700		sum(1,0000)		1,0000	0,0000		sum(1,0000)		0,0000	1,0000		sum(1,0000)		0,0612	0,9388		sum(1,0000)		1,0000	0,0000		sum(1,0000)		0,1992	0,8008		sum(1,0000)		0,9852	0,0148		sum(1,0000)		0,0000	1,0000		sum(1,0000)		0,0000	1,0000		sum(1,0000)		0,0000	1,0000		sum(1,0000)		1,0000	0,0000		sum(1,0000)		1,0000	0,0000		sum(1,0000)		0,9076	0,0924		sum(1,0000)		0,0000	0,0000	1,0000		sum(1,0000)		
0,9419	0,0581		sum(1,0000)		0,0117	0,9883		sum(1,0000)		0,4509	0,5491		sum(1,0000)		0,3419	0,6581		sum(1,0000)		1,0000	0,0000		sum(1,0000)		0,4786	0,5214		sum(1,0000)		1,0000	0,0000		sum(1,0000)		0,0000	1,0000		sum(1,0000)		1,0000	0,0000		sum(1,0000)		0,1218	0,8782		sum(1,0000)		1,0000	0,0000		sum(1,0000)		1,0000	0,0000		sum(1,0000)		1,0000	0,0000		sum(1,0000)		0,0000	0,0000	1,0000		sum(1,0000)		
0,0000	1,0000		sum(1,0000)		0,2773	0,7227		sum(1,0000)		0,0681	0,9319		sum(1,0000)		0,5291	0,4709		sum(1,0000)		0,4005	0,5995		sum(1,0000)		0,9163	0,0837		sum(1,0000)		1,0000	0,0000		sum(1,0000)		0,0000	1,0000		sum(1,0000)		1,0000	0,0000		sum(1,0000)		0,5374	0,4626		sum(1,0000)		0,4483	0,5517		sum(1,0000)		0,9838	0,0162		sum(1,0000)		0,8052	0,1948		sum(1,0000)		0,0000	0,0000	1,0000		sum(1,0000)		
0,5867	0,4133		sum(1,0000)		0,2727	0,7273		sum(1,0000)		0,0000	1,0000		sum(1,0000)		0,1548	0,8452		sum(1,0000)		0,4413	0,5587		sum(1,0000)		1,0000	0,0000		sum(1,0000)		1,0000	0,0000		sum(1,0000)		0,0000	1,0000		sum(1,0000)		1,0000	0,0000		sum(1,0000)		0,6078	0,3922		sum(1,0000)		0,6875	0,3125		sum(1,0000)		0,7593	0,2407		sum(1,0000)		0,9930	0,0070		sum(1,0000)		0,0000	0,0000	1,0000		sum(1,0000)		
0,5070	0,4930		sum(1,0000)		0,1888	0,8112		sum(1,0000)		0,5227	0,4773		sum(1,0000)		0,8098	0,1902		sum(1,0000)		0,4413	0,5587		sum(1,0000)		1,0000	0,0000		sum(1,0000)		1,0000	0,0000		sum(1,0000)		0,4060	0,5940		sum(1,0000)		1,0000	0,0000		sum(1,0000)		0,6782	0,3218		sum(1,0000)		1,0000	0,0000		sum(1,0000)		1,0000	0,0000		sum(1,0000)		0,8137	0,1863		sum(1,0000)		0,0000	0,0000	1,0000		sum(1,0000)		
0,0000	1,0000		sum(1,0000)		0,5104	0,4896		sum(1,0000)		0,6423	0,3577		sum(1,0000)		0,1548	0,8452		sum(1,0000)		1,0000	0,0000		sum(1,0000)		1,0000	0,0000		sum(1,0000)		1,0000	0,0000		sum(1,0000)		0,3593	0,6407		sum(1,0000)		1,0000	0,0000		sum(1,0000)		0,0000	1,0000		sum(1,0000)		1,0000	0,0000		sum(1,0000)		1,0000	0,0000		sum(1,0000)		0,9161	0,0839		sum(1,0000)		0,0000	0,0000	1,0000		sum(1,0000)		
0,0000	1,0000		sum(1,0000)		0,0000	1,0000		sum(1,0000)		0,7380	0,2620		sum(1,0000)		0,0612	0,9388		sum(1,0000)		1,0000	0,0000		sum(1,0000)		1,0000	0,0000		sum(1,0000)		1,0000	0,0000		sum(1,0000)		0,0000	1,0000		sum(1,0000)		1,0000	0,0000		sum(1,0000)		0,3636	0,6364		sum(1,0000)		0,9267	0,0733		sum(1,0000)		1,0000	0,0000		sum(1,0000)		1,0000	0,0000		sum(1,0000)		0,0000	0,0000	1,0000		sum(1,0000)		
0,1518	0,8482		sum(1,0000)		0,0722	0,9278		sum(1,0000)		0,0000	1,0000		sum(1,0000)		0,0000	1,0000		sum(1,0000)		0,2373	0,7627		sum(1,0000)		1,0000	0,0000		sum(1,0000)		1,0000	0,0000		sum(1,0000)		0,2658	0,7342		sum(1,0000)		0,7546	0,2454		sum(1,0000)		0,0000	1,0000		sum(1,0000)		0,7406	0,2594		sum(1,0000)		1,0000	0,0000		sum(1,0000)		0,7796	0,2204		sum(1,0000)		0,0000	0,0000	1,0000		sum(1,0000)		
0,6085	0,3915		sum(1,0000)		0,2261	0,7739		sum(1,0000)		0,6423	0,3577		sum(1,0000)		0,6226	0,3774		sum(1,0000)		1,0000	0,0000		sum(1,0000)		1,0000	0,0000		sum(1,0000)		1,0000	0,0000		sum(1,0000)		0,4060	0,5940		sum(1,0000)		1,0000	0,0000		sum(1,0000)		0,0000	1,0000		sum(1,0000)		1,0000	0,0000		sum(1,0000)		1,0000	0,0000		sum(1,0000)		0,7967	0,2033		sum(1,0000)		0,0000	0,0000	1,0000		sum(1,0000)		
0,0575	0,9425		sum(1,0000)		0,5943	0,4057		sum(1,0000)		0,0000	1,0000		sum(1,0000)		0,0000	1,0000		sum(1,0000)		0,4821	0,5179		sum(1,0000)		1,0000	0,0000		sum(1,0000)		1,0000	0,0000		sum(1,0000)		0,4528	0,5472		sum(1,0000)		0,6677	0,3323		sum(1,0000)		0,0000	1,0000		sum(1,0000)		1,0000	0,0000		sum(1,0000)		0,9993	0,0007		sum(1,0000)		0,6857	0,3143		sum(1,0000)		0,0000	0,0000	1,0000		sum(1,0000)		
0,1880	0,8120		sum(1,0000)		0,0000	1,0000		sum(1,0000)		0,0000	1,0000		sum(1,0000)		0,0000	1,0000		sum(1,0000)		0,1965	0,8035		sum(1,0000)		0,7766	0,2234		sum(1,0000)		1,0000	0,0000		sum(1,0000)		1,0000	0,0000		sum(1,0000)		1,0000	0,0000		sum(1,0000)		0,0000	1,0000		sum(1,0000)		1,0000	0,0000		sum(1,0000)		0,9064	0,0936		sum(1,0000)		0,8905	0,1095		sum(1,0000)		0,0000	0,0000	1,0000		sum(1,0000)		
1,0000	0,0000		sum(1,0000)		0,3845	0,6155		sum(1,0000)		0,5944	0,4056		sum(1,0000)		0,7162	0,2838		sum(1,0000)		0,8493	0,1507		sum(1,0000)		1,0000	0,0000		sum(1,0000)		1,0000	0,0000		sum(1,0000)		0,4060	0,5940		sum(1,0000)		1,0000	0,0000		sum(1,0000)		0,6266	0,3734		sum(1,0000)		1,0000	0,0000		sum(1,0000)		0,9761	0,0239		sum(1,0000)		1,0000	0,0000		sum(1,0000)		0,0000	0,0000	1,0000		sum(1,0000)		
0,6447	0,3553		sum(1,0000)		0,6829	0,3171		sum(1,0000)		0,6901	0,3099		sum(1,0000)		0,6226	0,3774		sum(1,0000)		1,0000	0,0000		sum(1,0000)		1,0000	0,0000		sum(1,0000)		1,0000	0,0000		sum(1,0000)		0,0322	0,9678		sum(1,0000)		1,0000	0,0000		sum(1,0000)		0,0000	1,0000		sum(1,0000)		1,0000	0,0000		sum(1,0000)		1,0000	0,0000		sum(1,0000)		1,0000	0,0000		sum(1,0000)		0,0000	0,0000	1,0000		sum(1,0000)		
0,0000	1,0000		sum(1,0000)		0,6269	0,3731		sum(1,0000)		0,2117	0,7883		sum(1,0000)		0,5291	0,4709		sum(1,0000)		1,0000	0,0000		sum(1,0000)		1,0000	0,0000		sum(1,0000)		1,0000	0,0000		sum(1,0000)		0,2191	0,7809		sum(1,0000)		0,9936	0,0064		sum(1,0000)		0,0000	1,0000		sum(1,0000)		1,0000	0,0000		sum(1,0000)		1,0000	0,0000		sum(1,0000)		0,8393	0,1607		sum(1,0000)		0,0000	0,0000	1,0000		sum(1,0000)		
0,0000	1,0000		sum(1,0000)		0,0000	1,0000		sum(1,0000)		0,2834	0,7166		sum(1,0000)		0,4355	0,5645		sum(1,0000)		0,8901	0,1099		sum(1,0000)		1,0000	0,0000		sum(1,0000)		1,0000	0,0000		sum(1,0000)		0,0000	1,0000		sum(1,0000)		1,0000	0,0000		sum(1,0000)		0,1100	0,8900		sum(1,0000)		1,0000	0,0000		sum(1,0000)		1,0000	0,0000		sum(1,0000)		0,7028	0,2972		sum(1,0000)		0,0000	0,0000	1,0000		sum(1,0000)		
0,1880	0,8120		sum(1,0000)		0,0000	1,0000		sum(1,0000)		0,2117	0,7883		sum(1,0000)		0,0000	1,0000		sum(1,0000)		0,6045	0,3955		sum(1,0000)		0,9442	0,0558		sum(1,0000)		1,0000	0,0000		sum(1,0000)		0,2658	0,7342		sum(1,0000)		0,8089	0,1911		sum(1,0000)		0,2039	0,7961		sum(1,0000)		1,0000	0,0000		sum(1,0000)		1,0000	0,0000		sum(1,0000)		0,6857	0,3143		sum(1,0000)		0,0000	0,0000	1,0000		sum(1,0000)		
0,2822	0,7178		sum(1,0000)		0,0000	1,0000		sum(1,0000)		0,7380	0,2620		sum(1,0000)		0,5291	0,4709		sum(1,0000)		0,0000	1,0000		sum(1,0000)		1,0000	0,0000		sum(1,0000)		1,0000	0,0000		sum(1,0000)		0,2658	0,7342		sum(1,0000)		0,8741	0,1259		sum(1,0000)		0,0000	1,0000		sum(1,0000)		1,0000	0,0000		sum(1,0000)		1,0000	0,0000		sum(1,0000)		0,5406	0,4594		sum(1,0000)		0,0000	0,0000	1,0000		sum(1,0000)		
0,3547	0,6453		sum(1,0000)		0,5896	0,4104		sum(1,0000)		0,4748	0,5252		sum(1,0000)		0,5291	0,4709		sum(1,0000)		0,0000	1,0000		sum(1,0000)		1,0000	0,0000		sum(1,0000)		1,0000	0,0000		sum(1,0000)		0,0000	1,0000		sum(1,0000)		0,7546	0,2454		sum(1,0000)		0,0000	1,0000		sum(1,0000)		1,0000	0,0000		sum(1,0000)		1,0000	0,0000		sum(1,0000)		0,5321	0,4679		sum(1,0000)		0,0000	0,0000	1,0000		sum(1,0000)		
0,0000	1,0000		sum(1,0000)		0,0000	1,0000		sum(1,0000)		0,0000	1,0000		sum(1,0000)		0,0000	1,0000		sum(1,0000)		0,8493	0,1507		sum(1,0000)		0,7114	0,2886		sum(1,0000)		1,0000	0,0000		sum(1,0000)		0,0000	1,0000		sum(1,0000)		0,8741	0,1259		sum(1,0000)		0,0000	1,0000		sum(1,0000)		1,0000	0,0000		sum(1,0000)		1,0000	0,0000		sum(1,0000)		1,0000	0,0000		sum(1,0000)		0,0000	0,0000	1,0000		sum(1,0000)		

