Total Entropy of dimension on intervals
Dimension:  	0, Interval: 	1, Total Entropy = 	99999999999
Dimension:  	0, Interval: 	2, Total Entropy = 	1,21331857622618
Dimension:  	0, Interval: 	3, Total Entropy = 	1,2598054040016

Dimension:  	1, Interval: 	1, Total Entropy = 	99999999999
Dimension:  	1, Interval: 	2, Total Entropy = 	1,67108616253696
Dimension:  	1, Interval: 	3, Total Entropy = 	1,64794167987695
Dimension:  	1, Interval: 	4, Total Entropy = 	1,61939420564317
Dimension:  	1, Interval: 	5, Total Entropy = 	1,2245653125503
Dimension:  	1, Interval: 	6, Total Entropy = 	1,60017371678461

Dimension:  	2, Interval: 	1, Total Entropy = 	99999999999
Dimension:  	2, Interval: 	2, Total Entropy = 	2,722103199827
Dimension:  	2, Interval: 	3, Total Entropy = 	3,1563045207563

Dimension:  	3, Interval: 	1, Total Entropy = 	99999999999
Dimension:  	3, Interval: 	2, Total Entropy = 	1,73963952385236
Dimension:  	3, Interval: 	3, Total Entropy = 	1,10144460078101
Dimension:  	3, Interval: 	4, Total Entropy = 	1,00287799559595
Dimension:  	3, Interval: 	5, Total Entropy = 	1,75009087448465

Dimension:  	4, Interval: 	1, Total Entropy = 	99999999999
Dimension:  	4, Interval: 	2, Total Entropy = 	1,30253025842042
Dimension:  	4, Interval: 	3, Total Entropy = 	1,27821916977171
Dimension:  	4, Interval: 	4, Total Entropy = 	1,78710353814275

Dimension:  	5, Interval: 	1, Total Entropy = 	99999999999
Dimension:  	5, Interval: 	2, Total Entropy = 	2,88046168737033
Dimension:  	5, Interval: 	3, Total Entropy = 	2,96878891198961

Dimension:  	6, Interval: 	1, Total Entropy = 	99999999999
Dimension:  	6, Interval: 	2, Total Entropy = 	2,16322300935901
Dimension:  	6, Interval: 	3, Total Entropy = 	2,27341590658134



Intervals: 
2	5	2	4	3	2	2	3	
Centers
Dimension: 1
0,1851
0,5930
		Dimension: 2
0,3161
0,3368
0,4050
0,5909
0,7376
		Dimension: 3
0,6887
0,7278
		Dimension: 4
0,5580
0,6081
0,7432
0,7658
		Dimension: 5
0,1119
0,4790
0,5624
		Dimension: 6
0,3083
1,0000
		Dimension: 7
0,0433
0,2152
		
Number of classes: 
*****************************************RESULTS***************************************************************
0,3727	0,6273		sum(1,0000)		0,0000	0,0000	0,4778	0,5222	0,0000		sum(1,0000)		1,0000	0,0000		sum(1,0000)		1,0000	0,0000	0,0000	0,0000		sum(1,0000)		0,0000	0,9145	0,0855		sum(1,0000)		1,0000	0,0000		sum(1,0000)		0,0000	1,0000		sum(1,0000)		1,0000	0,0000	0,0000		sum(1,0000)		
0,4606	0,5394		sum(1,0000)		0,0000	0,0000	0,7778	0,2222	0,0000		sum(1,0000)		1,0000	0,0000		sum(1,0000)		1,0000	0,0000	0,0000	0,0000		sum(1,0000)		0,0000	0,7350	0,2650		sum(1,0000)		1,0000	0,0000		sum(1,0000)		0,0000	1,0000		sum(1,0000)		1,0000	0,0000	0,0000		sum(1,0000)		
0,5972	0,4028		sum(1,0000)		0,0000	0,8485	0,1515	0,0000	0,0000		sum(1,0000)		0,0000	1,0000		sum(1,0000)		1,0000	0,0000	0,0000	0,0000		sum(1,0000)		0,0000	0,7009	0,2991		sum(1,0000)		1,0000	0,0000		sum(1,0000)		0,3754	0,6246		sum(1,0000)		1,0000	0,0000	0,0000		sum(1,0000)		
0,7014	0,2986		sum(1,0000)		1,0000	0,0000	0,0000	0,0000	0,0000		sum(1,0000)		0,0000	1,0000		sum(1,0000)		1,0000	0,0000	0,0000	0,0000		sum(1,0000)		0,0000	0,3419	0,6581		sum(1,0000)		1,0000	0,0000		sum(1,0000)		0,4327	0,5673		sum(1,0000)		1,0000	0,0000	0,0000		sum(1,0000)		
0,1690	0,8310		sum(1,0000)		0,0000	0,0000	0,3111	0,6889	0,0000		sum(1,0000)		0,0000	1,0000		sum(1,0000)		1,0000	0,0000	0,0000	0,0000		sum(1,0000)		0,0000	0,0000	1,0000		sum(1,0000)		1,0000	0,0000		sum(1,0000)		0,0000	1,0000		sum(1,0000)		1,0000	0,0000	0,0000		sum(1,0000)		
0,5764	0,4236		sum(1,0000)		0,0000	0,4848	0,5152	0,0000	0,0000		sum(1,0000)		0,0000	1,0000		sum(1,0000)		1,0000	0,0000	0,0000	0,0000		sum(1,0000)		0,0000	0,9145	0,0855		sum(1,0000)		1,0000	0,0000		sum(1,0000)		0,0000	1,0000		sum(1,0000)		1,0000	0,0000	0,0000		sum(1,0000)		
0,5046	0,4954		sum(1,0000)		0,0000	0,0000	0,8667	0,1333	0,0000		sum(1,0000)		1,0000	0,0000		sum(1,0000)		1,0000	0,0000	0,0000	0,0000		sum(1,0000)		0,0835	0,9165	0,0000		sum(1,0000)		0,9154	0,0846		sum(1,0000)		0,0000	1,0000		sum(1,0000)		1,0000	0,0000	0,0000		sum(1,0000)		
0,6389	0,3611		sum(1,0000)		0,0000	0,8182	0,1818	0,0000	0,0000		sum(1,0000)		0,0000	1,0000		sum(1,0000)		1,0000	0,0000	0,0000	0,0000		sum(1,0000)		0,0000	1,0000	0,0000		sum(1,0000)		1,0000	0,0000		sum(1,0000)		0,0000	1,0000		sum(1,0000)		1,0000	0,0000	0,0000		sum(1,0000)		
0,0556	0,9444		sum(1,0000)		0,0000	0,0000	0,0000	0,7324	0,2676		sum(1,0000)		1,0000	0,0000		sum(1,0000)		0,0000	0,6917	0,3083	0,0000		sum(1,0000)		0,0000	0,0000	1,0000		sum(1,0000)		1,0000	0,0000		sum(1,0000)		0,0000	1,0000		sum(1,0000)		1,0000	0,0000	0,0000		sum(1,0000)		
0,0995	0,9005		sum(1,0000)		0,0000	0,0000	0,0222	0,9778	0,0000		sum(1,0000)		0,0698	0,9302		sum(1,0000)		1,0000	0,0000	0,0000	0,0000		sum(1,0000)		0,0000	0,0000	1,0000		sum(1,0000)		1,0000	0,0000		sum(1,0000)		0,0000	1,0000		sum(1,0000)		1,0000	0,0000	0,0000		sum(1,0000)		
0,3727	0,6273		sum(1,0000)		0,0000	0,0000	0,4667	0,5333	0,0000		sum(1,0000)		1,0000	0,0000		sum(1,0000)		1,0000	0,0000	0,0000	0,0000		sum(1,0000)		0,1165	0,8835	0,0000		sum(1,0000)		0,7355	0,2645		sum(1,0000)		0,0000	1,0000		sum(1,0000)		1,0000	0,0000	0,0000		sum(1,0000)		
0,6574	0,3426		sum(1,0000)		0,0000	0,6364	0,3636	0,0000	0,0000		sum(1,0000)		1,0000	0,0000		sum(1,0000)		1,0000	0,0000	0,0000	0,0000		sum(1,0000)		0,1961	0,8039	0,0000		sum(1,0000)		1,0000	0,0000		sum(1,0000)		0,0000	1,0000		sum(1,0000)		1,0000	0,0000	0,0000		sum(1,0000)		
0,6898	0,3102		sum(1,0000)		0,2000	0,8000	0,0000	0,0000	0,0000		sum(1,0000)		0,0698	0,9302		sum(1,0000)		1,0000	0,0000	0,0000	0,0000		sum(1,0000)		0,2000	0,8000	0,0000		sum(1,0000)		0,8402	0,1598		sum(1,0000)		0,6246	0,3754		sum(1,0000)		1,0000	0,0000	0,0000		sum(1,0000)		
0,7153	0,2847		sum(1,0000)		0,0000	0,9394	0,0606	0,0000	0,0000		sum(1,0000)		1,0000	0,0000		sum(1,0000)		1,0000	0,0000	0,0000	0,0000		sum(1,0000)		0,2835	0,7165	0,0000		sum(1,0000)		1,0000	0,0000		sum(1,0000)		0,2407	0,7593		sum(1,0000)		1,0000	0,0000	0,0000		sum(1,0000)		
0,7245	0,2755		sum(1,0000)		0,0000	0,9697	0,0303	0,0000	0,0000		sum(1,0000)		1,0000	0,0000		sum(1,0000)		1,0000	0,0000	0,0000	0,0000		sum(1,0000)		0,3650	0,6350	0,0000		sum(1,0000)		1,0000	0,0000		sum(1,0000)		0,3754	0,6246		sum(1,0000)		1,0000	0,0000	0,0000		sum(1,0000)		
0,5278	0,4722		sum(1,0000)		0,0000	0,2727	0,7273	0,0000	0,0000		sum(1,0000)		0,0000	1,0000		sum(1,0000)		1,0000	0,0000	0,0000	0,0000		sum(1,0000)		0,0000	0,7350	0,2650		sum(1,0000)		0,8028	0,1972		sum(1,0000)		0,5014	0,4986		sum(1,0000)		1,0000	0,0000	0,0000		sum(1,0000)		
0,6667	0,3333		sum(1,0000)		1,0000	0,0000	0,0000	0,0000	0,0000		sum(1,0000)		0,0000	1,0000		sum(1,0000)		1,0000	0,0000	0,0000	0,0000		sum(1,0000)		0,0000	0,3077	0,6923		sum(1,0000)		0,6056	0,3944		sum(1,0000)		0,5014	0,4986		sum(1,0000)		1,0000	0,0000	0,0000		sum(1,0000)		
0,2731	0,7269		sum(1,0000)		0,0000	0,0000	0,5778	0,4222	0,0000		sum(1,0000)		0,0000	1,0000		sum(1,0000)		1,0000	0,0000	0,0000	0,0000		sum(1,0000)		0,0000	0,0000	1,0000		sum(1,0000)		1,0000	0,0000		sum(1,0000)		0,0000	1,0000		sum(1,0000)		1,0000	0,0000	0,0000		sum(1,0000)		
0,5023	0,4977		sum(1,0000)		0,0000	0,4848	0,5152	0,0000	0,0000		sum(1,0000)		0,0000	1,0000		sum(1,0000)		1,0000	0,0000	0,0000	0,0000		sum(1,0000)		0,0000	0,0000	1,0000		sum(1,0000)		1,0000	0,0000		sum(1,0000)		0,8797	0,1203		sum(1,0000)		1,0000	0,0000	0,0000		sum(1,0000)		
0,9606	0,0394		sum(1,0000)		1,0000	0,0000	0,0000	0,0000	0,0000		sum(1,0000)		1,0000	0,0000		sum(1,0000)		1,0000	0,0000	0,0000	0,0000		sum(1,0000)		0,4913	0,5087	0,0000		sum(1,0000)		0,8184	0,1816		sum(1,0000)		0,1203	0,8797		sum(1,0000)		1,0000	0,0000	0,0000		sum(1,0000)		
0,6273	0,3727		sum(1,0000)		0,0000	0,0000	0,9667	0,0333	0,0000		sum(1,0000)		1,0000	0,0000		sum(1,0000)		1,0000	0,0000	0,0000	0,0000		sum(1,0000)		0,3359	0,6641	0,0000		sum(1,0000)		1,0000	0,0000		sum(1,0000)		0,0000	1,0000		sum(1,0000)		1,0000	0,0000	0,0000		sum(1,0000)		
0,6389	0,3611		sum(1,0000)		0,0000	0,3333	0,6667	0,0000	0,0000		sum(1,0000)		1,0000	0,0000		sum(1,0000)		1,0000	0,0000	0,0000	0,0000		sum(1,0000)		0,2602	0,7398	0,0000		sum(1,0000)		1,0000	0,0000		sum(1,0000)		0,0000	1,0000		sum(1,0000)		1,0000	0,0000	0,0000		sum(1,0000)		
0,2292	0,7708		sum(1,0000)		0,0000	0,0000	0,4111	0,5889	0,0000		sum(1,0000)		0,0000	1,0000		sum(1,0000)		1,0000	0,0000	0,0000	0,0000		sum(1,0000)		0,0000	0,0000	1,0000		sum(1,0000)		1,0000	0,0000		sum(1,0000)		0,0000	1,0000		sum(1,0000)		1,0000	0,0000	0,0000		sum(1,0000)		
1,0000	0,0000		sum(1,0000)		1,0000	0,0000	0,0000	0,0000	0,0000		sum(1,0000)		1,0000	0,0000		sum(1,0000)		1,0000	0,0000	0,0000	0,0000		sum(1,0000)		0,7107	0,2893	0,0000		sum(1,0000)		1,0000	0,0000		sum(1,0000)		0,0000	1,0000		sum(1,0000)		1,0000	0,0000	0,0000		sum(1,0000)		
0,4306	0,5694		sum(1,0000)		0,0000	0,0000	0,5667	0,4333	0,0000		sum(1,0000)		1,0000	0,0000		sum(1,0000)		1,0000	0,0000	0,0000	0,0000		sum(1,0000)		0,1107	0,8893	0,0000		sum(1,0000)		1,0000	0,0000		sum(1,0000)		0,0000	1,0000		sum(1,0000)		1,0000	0,0000	0,0000		sum(1,0000)		
0,1574	0,8426		sum(1,0000)		0,0000	0,0000	0,1222	0,8778	0,0000		sum(1,0000)		0,7907	0,2093		sum(1,0000)		1,0000	0,0000	0,0000	0,0000		sum(1,0000)		0,0000	0,0000	1,0000		sum(1,0000)		1,0000	0,0000		sum(1,0000)		0,0000	1,0000		sum(1,0000)		1,0000	0,0000	0,0000		sum(1,0000)		
0,8912	0,1088		sum(1,0000)		1,0000	0,0000	0,0000	0,0000	0,0000		sum(1,0000)		1,0000	0,0000		sum(1,0000)		1,0000	0,0000	0,0000	0,0000		sum(1,0000)		0,5359	0,4641	0,0000		sum(1,0000)		0,9555	0,0445		sum(1,0000)		0,3754	0,6246		sum(1,0000)		1,0000	0,0000	0,0000		sum(1,0000)		
0,9560	0,0440		sum(1,0000)		1,0000	0,0000	0,0000	0,0000	0,0000		sum(1,0000)		1,0000	0,0000		sum(1,0000)		1,0000	0,0000	0,0000	0,0000		sum(1,0000)		0,6718	0,3282	0,0000		sum(1,0000)		1,0000	0,0000		sum(1,0000)		0,2493	0,7507		sum(1,0000)		1,0000	0,0000	0,0000		sum(1,0000)		
0,6389	0,3611		sum(1,0000)		0,0000	0,5758	0,4242	0,0000	0,0000		sum(1,0000)		1,0000	0,0000		sum(1,0000)		1,0000	0,0000	0,0000	0,0000		sum(1,0000)		0,1573	0,8427	0,0000		sum(1,0000)		1,0000	0,0000		sum(1,0000)		0,0000	1,0000		sum(1,0000)		1,0000	0,0000	0,0000		sum(1,0000)		
0,7917	0,2083		sum(1,0000)		0,2000	0,8000	0,0000	0,0000	0,0000		sum(1,0000)		1,0000	0,0000		sum(1,0000)		1,0000	0,0000	0,0000	0,0000		sum(1,0000)		0,4602	0,5398	0,0000		sum(1,0000)		0,9258	0,0742		sum(1,0000)		0,0000	1,0000		sum(1,0000)		1,0000	0,0000	0,0000		sum(1,0000)		
0,8588	0,1412		sum(1,0000)		1,0000	0,0000	0,0000	0,0000	0,0000		sum(1,0000)		1,0000	0,0000		sum(1,0000)		1,0000	0,0000	0,0000	0,0000		sum(1,0000)		0,6350	0,3650	0,0000		sum(1,0000)		1,0000	0,0000		sum(1,0000)		0,0000	1,0000		sum(1,0000)		1,0000	0,0000	0,0000		sum(1,0000)		
0,3194	0,6806		sum(1,0000)		0,0000	0,0000	0,3667	0,6333	0,0000		sum(1,0000)		1,0000	0,0000		sum(1,0000)		1,0000	0,0000	0,0000	0,0000		sum(1,0000)		0,0000	0,4103	0,5897		sum(1,0000)		0,9481	0,0519		sum(1,0000)		0,0000	1,0000		sum(1,0000)		1,0000	0,0000	0,0000		sum(1,0000)		
0,6435	0,3565		sum(1,0000)		0,0000	0,0000	0,9556	0,0444	0,0000		sum(1,0000)		1,0000	0,0000		sum(1,0000)		1,0000	0,0000	0,0000	0,0000		sum(1,0000)		0,2252	0,7748	0,0000		sum(1,0000)		0,8526	0,1474		sum(1,0000)		0,0000	1,0000		sum(1,0000)		1,0000	0,0000	0,0000		sum(1,0000)		
0,6782	0,3218		sum(1,0000)		0,0000	0,6061	0,3939	0,0000	0,0000		sum(1,0000)		1,0000	0,0000		sum(1,0000)		1,0000	0,0000	0,0000	0,0000		sum(1,0000)		0,2951	0,7049	0,0000		sum(1,0000)		1,0000	0,0000		sum(1,0000)		0,0000	1,0000		sum(1,0000)		1,0000	0,0000	0,0000		sum(1,0000)		
0,4213	0,5787		sum(1,0000)		0,0000	0,0000	0,6556	0,3444	0,0000		sum(1,0000)		1,0000	0,0000		sum(1,0000)		1,0000	0,0000	0,0000	0,0000		sum(1,0000)		0,0000	0,7778	0,2222		sum(1,0000)		1,0000	0,0000		sum(1,0000)		0,0000	1,0000		sum(1,0000)		1,0000	0,0000	0,0000		sum(1,0000)		
0,1736	0,8264		sum(1,0000)		0,0000	0,0000	0,3000	0,7000	0,0000		sum(1,0000)		0,0000	1,0000		sum(1,0000)		1,0000	0,0000	0,0000	0,0000		sum(1,0000)		0,0000	0,0000	1,0000		sum(1,0000)		1,0000	0,0000		sum(1,0000)		0,0000	1,0000		sum(1,0000)		1,0000	0,0000	0,0000		sum(1,0000)		
0,1551	0,8449		sum(1,0000)		0,0000	0,0000	0,0000	1,0000	0,0000		sum(1,0000)		1,0000	0,0000		sum(1,0000)		1,0000	0,0000	0,0000	0,0000		sum(1,0000)		0,0000	0,0000	1,0000		sum(1,0000)		1,0000	0,0000		sum(1,0000)		0,0000	1,0000		sum(1,0000)		1,0000	0,0000	0,0000		sum(1,0000)		
0,0000	1,0000		sum(1,0000)		0,0000	0,0000	0,0000	0,8451	0,1549		sum(1,0000)		0,0000	1,0000		sum(1,0000)		1,0000	0,0000	0,0000	0,0000		sum(1,0000)		0,0000	0,0000	1,0000		sum(1,0000)		1,0000	0,0000		sum(1,0000)		0,0000	1,0000		sum(1,0000)		1,0000	0,0000	0,0000		sum(1,0000)		
0,4792	0,5208		sum(1,0000)		0,0000	0,0000	0,8333	0,1667	0,0000		sum(1,0000)		1,0000	0,0000		sum(1,0000)		1,0000	0,0000	0,0000	0,0000		sum(1,0000)		0,0272	0,9728	0,0000		sum(1,0000)		1,0000	0,0000		sum(1,0000)		0,0000	1,0000		sum(1,0000)		1,0000	0,0000	0,0000		sum(1,0000)		
0,5995	0,4005		sum(1,0000)		0,0000	0,6061	0,3939	0,0000	0,0000		sum(1,0000)		0,0000	1,0000		sum(1,0000)		1,0000	0,0000	0,0000	0,0000		sum(1,0000)		0,0078	0,9922	0,0000		sum(1,0000)		0,3329	0,6671		sum(1,0000)		0,0000	1,0000		sum(1,0000)		1,0000	0,0000	0,0000		sum(1,0000)		
0,7708	0,2292		sum(1,0000)		1,0000	0,0000	0,0000	0,0000	0,0000		sum(1,0000)		0,2791	0,7209		sum(1,0000)		1,0000	0,0000	0,0000	0,0000		sum(1,0000)		0,2835	0,7165	0,0000		sum(1,0000)		1,0000	0,0000		sum(1,0000)		0,0000	1,0000		sum(1,0000)		1,0000	0,0000	0,0000		sum(1,0000)		
0,7801	0,2199		sum(1,0000)		1,0000	0,0000	0,0000	0,0000	0,0000		sum(1,0000)		0,7209	0,2791		sum(1,0000)		1,0000	0,0000	0,0000	0,0000		sum(1,0000)		0,2796	0,7204	0,0000		sum(1,0000)		1,0000	0,0000		sum(1,0000)		0,0000	1,0000		sum(1,0000)		1,0000	0,0000	0,0000		sum(1,0000)		
0,8588	0,1412		sum(1,0000)		1,0000	0,0000	0,0000	0,0000	0,0000		sum(1,0000)		0,0000	1,0000		sum(1,0000)		1,0000	0,0000	0,0000	0,0000		sum(1,0000)		0,1961	0,8039	0,0000		sum(1,0000)		1,0000	0,0000		sum(1,0000)		0,4957	0,5043		sum(1,0000)		1,0000	0,0000	0,0000		sum(1,0000)		
0,3171	0,6829		sum(1,0000)		0,0000	0,0000	0,4556	0,5444	0,0000		sum(1,0000)		1,0000	0,0000		sum(1,0000)		1,0000	0,0000	0,0000	0,0000		sum(1,0000)		0,0000	0,1966	0,8034		sum(1,0000)		0,7039	0,2961		sum(1,0000)		0,0000	1,0000		sum(1,0000)		1,0000	0,0000	0,0000		sum(1,0000)		
0,4074	0,5926		sum(1,0000)		0,0000	0,0000	0,8111	0,1889	0,0000		sum(1,0000)		0,0000	1,0000		sum(1,0000)		1,0000	0,0000	0,0000	0,0000		sum(1,0000)		0,0000	0,0000	1,0000		sum(1,0000)		1,0000	0,0000		sum(1,0000)		0,0000	1,0000		sum(1,0000)		1,0000	0,0000	0,0000		sum(1,0000)		
0,7106	0,2894		sum(1,0000)		0,0000	1,0000	0,0000	0,0000	0,0000		sum(1,0000)		1,0000	0,0000		sum(1,0000)		1,0000	0,0000	0,0000	0,0000		sum(1,0000)		0,2854	0,7146	0,0000		sum(1,0000)		1,0000	0,0000		sum(1,0000)		0,0000	1,0000		sum(1,0000)		1,0000	0,0000	0,0000		sum(1,0000)		
0,3495	0,6505		sum(1,0000)		0,0000	0,0000	0,5667	0,4333	0,0000		sum(1,0000)		0,5116	0,4884		sum(1,0000)		1,0000	0,0000	0,0000	0,0000		sum(1,0000)		0,0000	0,2222	0,7778		sum(1,0000)		1,0000	0,0000		sum(1,0000)		0,0000	1,0000		sum(1,0000)		1,0000	0,0000	0,0000		sum(1,0000)		
0,4352	0,5648		sum(1,0000)		0,0000	0,0000	0,7889	0,2111	0,0000		sum(1,0000)		0,0000	1,0000		sum(1,0000)		1,0000	0,0000	0,0000	0,0000		sum(1,0000)		0,0000	0,3590	0,6410		sum(1,0000)		1,0000	0,0000		sum(1,0000)		0,0000	1,0000		sum(1,0000)		1,0000	0,0000	0,0000		sum(1,0000)		
0,4815	0,5185		sum(1,0000)		0,0000	0,0000	0,8333	0,1667	0,0000		sum(1,0000)		1,0000	0,0000		sum(1,0000)		1,0000	0,0000	0,0000	0,0000		sum(1,0000)		0,0214	0,9786	0,0000		sum(1,0000)		1,0000	0,0000		sum(1,0000)		0,0000	1,0000		sum(1,0000)		1,0000	0,0000	0,0000		sum(1,0000)		
0,4653	0,5347		sum(1,0000)		0,0000	0,0000	0,6667	0,3333	0,0000		sum(1,0000)		1,0000	0,0000		sum(1,0000)		1,0000	0,0000	0,0000	0,0000		sum(1,0000)		0,0854	0,9146	0,0000		sum(1,0000)		1,0000	0,0000		sum(1,0000)		0,0000	1,0000		sum(1,0000)		1,0000	0,0000	0,0000		sum(1,0000)		
0,5648	0,4352		sum(1,0000)		0,0000	0,0000	0,9667	0,0333	0,0000		sum(1,0000)		1,0000	0,0000		sum(1,0000)		1,0000	0,0000	0,0000	0,0000		sum(1,0000)		0,0583	0,9417	0,0000		sum(1,0000)		0,8423	0,1577		sum(1,0000)		0,0000	1,0000		sum(1,0000)		1,0000	0,0000	0,0000		sum(1,0000)		
0,2523	0,7477		sum(1,0000)		0,0000	0,0000	0,4000	0,6000	0,0000		sum(1,0000)		0,0000	1,0000		sum(1,0000)		1,0000	0,0000	0,0000	0,0000		sum(1,0000)		0,0000	0,0000	1,0000		sum(1,0000)		0,5382	0,4618		sum(1,0000)		0,0000	1,0000		sum(1,0000)		1,0000	0,0000	0,0000		sum(1,0000)		
0,5509	0,4491		sum(1,0000)		0,0000	0,0000	0,7333	0,2667	0,0000		sum(1,0000)		1,0000	0,0000		sum(1,0000)		1,0000	0,0000	0,0000	0,0000		sum(1,0000)		0,3670	0,6330	0,0000		sum(1,0000)		0,8158	0,1842		sum(1,0000)		0,0000	1,0000		sum(1,0000)		1,0000	0,0000	0,0000		sum(1,0000)		
0,5880	0,4120		sum(1,0000)		0,0000	0,2727	0,7273	0,0000	0,0000		sum(1,0000)		1,0000	0,0000		sum(1,0000)		1,0000	0,0000	0,0000	0,0000		sum(1,0000)		0,2000	0,8000	0,0000		sum(1,0000)		0,9639	0,0361		sum(1,0000)		0,0000	1,0000		sum(1,0000)		1,0000	0,0000	0,0000		sum(1,0000)		
0,5440	0,4560		sum(1,0000)		0,0000	0,0000	0,7444	0,2556	0,0000		sum(1,0000)		1,0000	0,0000		sum(1,0000)		1,0000	0,0000	0,0000	0,0000		sum(1,0000)		0,3670	0,6330	0,0000		sum(1,0000)		1,0000	0,0000		sum(1,0000)		0,0000	1,0000		sum(1,0000)		1,0000	0,0000	0,0000		sum(1,0000)		
0,4259	0,5741		sum(1,0000)		0,0000	0,0000	0,5556	0,4444	0,0000		sum(1,0000)		1,0000	0,0000		sum(1,0000)		1,0000	0,0000	0,0000	0,0000		sum(1,0000)		0,1748	0,8252	0,0000		sum(1,0000)		1,0000	0,0000		sum(1,0000)		0,0000	1,0000		sum(1,0000)		1,0000	0,0000	0,0000		sum(1,0000)		
0,5579	0,4421		sum(1,0000)		0,0000	0,0606	0,9394	0,0000	0,0000		sum(1,0000)		1,0000	0,0000		sum(1,0000)		1,0000	0,0000	0,0000	0,0000		sum(1,0000)		0,0000	0,3590	0,6410		sum(1,0000)		1,0000	0,0000		sum(1,0000)		0,0000	1,0000		sum(1,0000)		1,0000	0,0000	0,0000		sum(1,0000)		
0,4514	0,5486		sum(1,0000)		0,0000	0,0000	0,9333	0,0667	0,0000		sum(1,0000)		0,0000	1,0000		sum(1,0000)		1,0000	0,0000	0,0000	0,0000		sum(1,0000)		0,0000	0,0598	0,9402		sum(1,0000)		1,0000	0,0000		sum(1,0000)		0,0000	1,0000		sum(1,0000)		1,0000	0,0000	0,0000		sum(1,0000)		
0,3449	0,6551		sum(1,0000)		0,0000	0,0000	0,5556	0,4444	0,0000		sum(1,0000)		0,6047	0,3953		sum(1,0000)		1,0000	0,0000	0,0000	0,0000		sum(1,0000)		0,0000	0,0000	1,0000		sum(1,0000)		1,0000	0,0000		sum(1,0000)		0,0000	1,0000		sum(1,0000)		1,0000	0,0000	0,0000		sum(1,0000)		
1,0000	0,0000		sum(1,0000)		1,0000	0,0000	0,0000	0,0000	0,0000		sum(1,0000)		1,0000	0,0000		sum(1,0000)		1,0000	0,0000	0,0000	0,0000		sum(1,0000)		0,5243	0,4757	0,0000		sum(1,0000)		1,0000	0,0000		sum(1,0000)		1,0000	0,0000		sum(1,0000)		1,0000	0,0000	0,0000		sum(1,0000)		
1,0000	0,0000		sum(1,0000)		1,0000	0,0000	0,0000	0,0000	0,0000		sum(1,0000)		1,0000	0,0000		sum(1,0000)		1,0000	0,0000	0,0000	0,0000		sum(1,0000)		0,8777	0,1223	0,0000		sum(1,0000)		1,0000	0,0000		sum(1,0000)		1,0000	0,0000		sum(1,0000)		1,0000	0,0000	0,0000		sum(1,0000)		
1,0000	0,0000		sum(1,0000)		1,0000	0,0000	0,0000	0,0000	0,0000		sum(1,0000)		1,0000	0,0000		sum(1,0000)		1,0000	0,0000	0,0000	0,0000		sum(1,0000)		0,8214	0,1786	0,0000		sum(1,0000)		1,0000	0,0000		sum(1,0000)		0,7249	0,2751		sum(1,0000)		1,0000	0,0000	0,0000		sum(1,0000)		
1,0000	0,0000		sum(1,0000)		1,0000	0,0000	0,0000	0,0000	0,0000		sum(1,0000)		0,0000	1,0000		sum(1,0000)		1,0000	0,0000	0,0000	0,0000		sum(1,0000)		0,5049	0,4951	0,0000		sum(1,0000)		0,9842	0,0158		sum(1,0000)		1,0000	0,0000		sum(1,0000)		1,0000	0,0000	0,0000		sum(1,0000)		
0,8449	0,1551		sum(1,0000)		1,0000	0,0000	0,0000	0,0000	0,0000		sum(1,0000)		1,0000	0,0000		sum(1,0000)		1,0000	0,0000	0,0000	0,0000		sum(1,0000)		0,4505	0,5495	0,0000		sum(1,0000)		0,8081	0,1919		sum(1,0000)		0,0000	1,0000		sum(1,0000)		1,0000	0,0000	0,0000		sum(1,0000)		
0,9468	0,0532		sum(1,0000)		1,0000	0,0000	0,0000	0,0000	0,0000		sum(1,0000)		1,0000	0,0000		sum(1,0000)		1,0000	0,0000	0,0000	0,0000		sum(1,0000)		0,5359	0,4641	0,0000		sum(1,0000)		1,0000	0,0000		sum(1,0000)		0,4986	0,5014		sum(1,0000)		1,0000	0,0000	0,0000		sum(1,0000)		
0,9236	0,0764		sum(1,0000)		1,0000	0,0000	0,0000	0,0000	0,0000		sum(1,0000)		0,0930	0,9070		sum(1,0000)		1,0000	0,0000	0,0000	0,0000		sum(1,0000)		0,3553	0,6447	0,0000		sum(1,0000)		1,0000	0,0000		sum(1,0000)		1,0000	0,0000		sum(1,0000)		1,0000	0,0000	0,0000		sum(1,0000)		
0,5856	0,4144		sum(1,0000)		0,0000	0,0000	1,0000	0,0000	0,0000		sum(1,0000)		1,0000	0,0000		sum(1,0000)		1,0000	0,0000	0,0000	0,0000		sum(1,0000)		0,2175	0,7825	0,0000		sum(1,0000)		1,0000	0,0000		sum(1,0000)		0,0000	1,0000		sum(1,0000)		1,0000	0,0000	0,0000		sum(1,0000)		
0,6620	0,3380		sum(1,0000)		0,0000	0,2424	0,7576	0,0000	0,0000		sum(1,0000)		1,0000	0,0000		sum(1,0000)		1,0000	0,0000	0,0000	0,0000		sum(1,0000)		0,2796	0,7204	0,0000		sum(1,0000)		1,0000	0,0000		sum(1,0000)		0,0000	1,0000		sum(1,0000)		1,0000	0,0000	0,0000		sum(1,0000)		
0,5787	0,4213		sum(1,0000)		0,0000	0,0000	0,9778	0,0222	0,0000		sum(1,0000)		1,0000	0,0000		sum(1,0000)		1,0000	0,0000	0,0000	0,0000		sum(1,0000)		0,2893	0,7107	0,0000		sum(1,0000)		1,0000	0,0000		sum(1,0000)		0,0000	1,0000		sum(1,0000)		1,0000	0,0000	0,0000		sum(1,0000)		
0,9583	0,0417		sum(1,0000)		1,0000	0,0000	0,0000	0,0000	0,0000		sum(1,0000)		1,0000	0,0000		sum(1,0000)		1,0000	0,0000	0,0000	0,0000		sum(1,0000)		0,8155	0,1845	0,0000		sum(1,0000)		0,9254	0,0746		sum(1,0000)		0,0000	1,0000		sum(1,0000)		1,0000	0,0000	0,0000		sum(1,0000)		
0,0000	1,0000		sum(1,0000)		0,0000	0,0000	0,0000	0,0000	1,0000		sum(1,0000)		1,0000	0,0000		sum(1,0000)		0,0000	0,1167	0,8833	0,0000		sum(1,0000)		0,0000	0,0000	1,0000		sum(1,0000)		0,8233	0,1767		sum(1,0000)		0,0000	1,0000		sum(1,0000)		0,0000	1,0000	0,0000		sum(1,0000)		
0,0069	0,9931		sum(1,0000)		0,0000	0,0000	0,0000	0,4366	0,5634		sum(1,0000)		1,0000	0,0000		sum(1,0000)		0,0000	0,9208	0,0792	0,0000		sum(1,0000)		0,0000	0,0000	1,0000		sum(1,0000)		0,7107	0,2893		sum(1,0000)		0,0000	1,0000		sum(1,0000)		0,0000	1,0000	0,0000		sum(1,0000)		
0,0000	1,0000		sum(1,0000)		0,0000	0,0000	0,0000	0,3521	0,6479		sum(1,0000)		1,0000	0,0000		sum(1,0000)		0,0112	0,9888	0,0000	0,0000		sum(1,0000)		0,0000	0,0000	1,0000		sum(1,0000)		0,7363	0,2637		sum(1,0000)		0,0000	1,0000		sum(1,0000)		0,0000	1,0000	0,0000		sum(1,0000)		
0,0000	1,0000		sum(1,0000)		0,0000	0,0000	0,0000	0,0000	1,0000		sum(1,0000)		0,0000	1,0000		sum(1,0000)		0,0000	0,2708	0,7292	0,0000		sum(1,0000)		0,0000	0,0000	1,0000		sum(1,0000)		1,0000	0,0000		sum(1,0000)		0,0000	1,0000		sum(1,0000)		0,0000	1,0000	0,0000		sum(1,0000)		
0,0116	0,9884		sum(1,0000)		0,0000	0,0000	0,0000	0,6620	0,3380		sum(1,0000)		1,0000	0,0000		sum(1,0000)		0,0000	0,8417	0,1583	0,0000		sum(1,0000)		0,0000	0,0000	1,0000		sum(1,0000)		0,8368	0,1632		sum(1,0000)		0,0000	1,0000		sum(1,0000)		0,0000	1,0000	0,0000		sum(1,0000)		
0,0231	0,9769		sum(1,0000)		0,0000	0,0000	0,0000	0,5070	0,4930		sum(1,0000)		1,0000	0,0000		sum(1,0000)		0,5843	0,4157	0,0000	0,0000		sum(1,0000)		0,0000	0,0000	1,0000		sum(1,0000)		0,6647	0,3353		sum(1,0000)		0,0000	1,0000		sum(1,0000)		0,0000	1,0000	0,0000		sum(1,0000)		
0,0000	1,0000		sum(1,0000)		0,0000	0,0000	0,0000	0,0986	0,9014		sum(1,0000)		1,0000	0,0000		sum(1,0000)		0,0000	0,6458	0,3542	0,0000		sum(1,0000)		0,0000	0,1368	0,8632		sum(1,0000)		0,8707	0,1293		sum(1,0000)		0,0000	1,0000		sum(1,0000)		0,0000	1,0000	0,0000		sum(1,0000)		
0,0000	1,0000		sum(1,0000)		0,0000	0,0000	0,0000	0,0000	1,0000		sum(1,0000)		1,0000	0,0000		sum(1,0000)		0,0000	0,0000	0,0000	1,0000		sum(1,0000)		0,0000	0,0000	1,0000		sum(1,0000)		0,7528	0,2472		sum(1,0000)		0,0000	1,0000		sum(1,0000)		0,0000	1,0000	0,0000		sum(1,0000)		
0,0000	1,0000		sum(1,0000)		0,0000	0,0000	0,0000	0,0000	1,0000		sum(1,0000)		1,0000	0,0000		sum(1,0000)		0,0000	0,0000	0,0000	1,0000		sum(1,0000)		0,0000	0,0000	1,0000		sum(1,0000)		0,6376	0,3624		sum(1,0000)		0,0000	1,0000		sum(1,0000)		0,0000	1,0000	0,0000		sum(1,0000)		
0,0000	1,0000		sum(1,0000)		0,0000	0,0000	0,0000	0,6056	0,3944		sum(1,0000)		0,0000	1,0000		sum(1,0000)		1,0000	0,0000	0,0000	0,0000		sum(1,0000)		0,0000	0,0000	1,0000		sum(1,0000)		1,0000	0,0000		sum(1,0000)		0,0000	1,0000		sum(1,0000)		0,0000	1,0000	0,0000		sum(1,0000)		
0,0787	0,9213		sum(1,0000)		0,0000	0,0000	0,0000	0,9014	0,0986		sum(1,0000)		1,0000	0,0000		sum(1,0000)		1,0000	0,0000	0,0000	0,0000		sum(1,0000)		0,0000	0,0000	1,0000		sum(1,0000)		0,5496	0,4504		sum(1,0000)		0,0000	1,0000		sum(1,0000)		0,0000	1,0000	0,0000		sum(1,0000)		
0,0000	1,0000		sum(1,0000)		0,0000	0,0000	0,0000	0,0000	1,0000		sum(1,0000)		0,0000	1,0000		sum(1,0000)		0,0000	0,8875	0,1125	0,0000		sum(1,0000)		0,0000	0,0000	1,0000		sum(1,0000)		0,5887	0,4113		sum(1,0000)		0,0000	1,0000		sum(1,0000)		0,0000	1,0000	0,0000		sum(1,0000)		
0,0000	1,0000		sum(1,0000)		0,0000	0,0000	0,0000	0,0000	1,0000		sum(1,0000)		0,0000	1,0000		sum(1,0000)		0,0000	0,0000	0,0000	1,0000		sum(1,0000)		0,0000	0,0000	1,0000		sum(1,0000)		0,6171	0,3829		sum(1,0000)		0,0000	1,0000		sum(1,0000)		0,0000	1,0000	0,0000		sum(1,0000)		
0,0000	1,0000		sum(1,0000)		0,0000	0,0000	0,0000	0,0000	1,0000		sum(1,0000)		1,0000	0,0000		sum(1,0000)		0,0000	0,0000	0,0000	1,0000		sum(1,0000)		0,0000	0,0000	1,0000		sum(1,0000)		1,0000	0,0000		sum(1,0000)		0,0000	1,0000		sum(1,0000)		0,0000	1,0000	0,0000		sum(1,0000)		
0,0000	1,0000		sum(1,0000)		0,0000	0,0000	0,0000	0,0000	1,0000		sum(1,0000)		1,0000	0,0000		sum(1,0000)		0,0000	0,0000	0,0000	1,0000		sum(1,0000)		0,0000	0,0000	1,0000		sum(1,0000)		1,0000	0,0000		sum(1,0000)		0,0000	1,0000		sum(1,0000)		0,0000	1,0000	0,0000		sum(1,0000)		
0,0000	1,0000		sum(1,0000)		0,0000	0,0000	0,0000	0,0000	1,0000		sum(1,0000)		0,3023	0,6977		sum(1,0000)		0,0000	0,1917	0,8083	0,0000		sum(1,0000)		0,0000	0,0000	1,0000		sum(1,0000)		1,0000	0,0000		sum(1,0000)		0,0000	1,0000		sum(1,0000)		0,0000	1,0000	0,0000		sum(1,0000)		
0,0000	1,0000		sum(1,0000)		0,0000	0,0000	0,0000	0,0000	1,0000		sum(1,0000)		0,0000	1,0000		sum(1,0000)		0,0000	0,5625	0,4375	0,0000		sum(1,0000)		0,0000	0,0000	1,0000		sum(1,0000)		1,0000	0,0000		sum(1,0000)		0,0000	1,0000		sum(1,0000)		0,0000	1,0000	0,0000		sum(1,0000)		
0,0000	1,0000		sum(1,0000)		0,0000	0,0000	0,0000	0,0000	1,0000		sum(1,0000)		1,0000	0,0000		sum(1,0000)		0,0000	0,0000	0,0000	1,0000		sum(1,0000)		0,0000	0,0000	1,0000		sum(1,0000)		0,8957	0,1043		sum(1,0000)		0,0000	1,0000		sum(1,0000)		0,0000	1,0000	0,0000		sum(1,0000)		
0,0000	1,0000		sum(1,0000)		0,0000	0,0000	0,0000	0,0000	1,0000		sum(1,0000)		0,0000	1,0000		sum(1,0000)		0,0000	0,0000	0,0000	1,0000		sum(1,0000)		0,0000	0,0000	1,0000		sum(1,0000)		0,5030	0,4970		sum(1,0000)		0,0000	1,0000		sum(1,0000)		0,0000	1,0000	0,0000		sum(1,0000)		
0,0000	1,0000		sum(1,0000)		0,0000	0,0000	0,0000	0,0000	1,0000		sum(1,0000)		0,0000	1,0000		sum(1,0000)		0,0000	0,0000	0,0000	1,0000		sum(1,0000)		0,0000	0,0000	1,0000		sum(1,0000)		0,6466	0,3534		sum(1,0000)		0,0000	1,0000		sum(1,0000)		0,0000	1,0000	0,0000		sum(1,0000)		
0,0000	1,0000		sum(1,0000)		0,0000	0,0000	0,0000	0,0000	1,0000		sum(1,0000)		1,0000	0,0000		sum(1,0000)		0,0000	0,0000	0,0000	1,0000		sum(1,0000)		0,0000	0,0000	1,0000		sum(1,0000)		1,0000	0,0000		sum(1,0000)		0,0000	1,0000		sum(1,0000)		0,0000	1,0000	0,0000		sum(1,0000)		
0,0000	1,0000		sum(1,0000)		0,0000	0,0000	0,0000	0,0000	1,0000		sum(1,0000)		0,0000	1,0000		sum(1,0000)		0,0000	0,1958	0,8042	0,0000		sum(1,0000)		0,0000	0,0000	1,0000		sum(1,0000)		1,0000	0,0000		sum(1,0000)		0,0000	1,0000		sum(1,0000)		0,0000	1,0000	0,0000		sum(1,0000)		
0,0000	1,0000		sum(1,0000)		0,0000	0,0000	0,0000	0,0000	1,0000		sum(1,0000)		0,0000	1,0000		sum(1,0000)		0,0000	0,0000	0,0000	1,0000		sum(1,0000)		0,0000	0,0000	1,0000		sum(1,0000)		0,9810	0,0190		sum(1,0000)		0,0000	1,0000		sum(1,0000)		0,0000	1,0000	0,0000		sum(1,0000)		
0,0000	1,0000		sum(1,0000)		0,0000	0,0000	0,0000	0,0000	1,0000		sum(1,0000)		0,0000	1,0000		sum(1,0000)		0,0000	0,7583	0,2417	0,0000		sum(1,0000)		0,0000	0,0000	1,0000		sum(1,0000)		0,4615	0,5385		sum(1,0000)		0,0000	1,0000		sum(1,0000)		0,0000	1,0000	0,0000		sum(1,0000)		
0,0000	1,0000		sum(1,0000)		0,0000	0,0000	0,0000	0,0000	1,0000		sum(1,0000)		1,0000	0,0000		sum(1,0000)		0,0000	0,0000	0,0000	1,0000		sum(1,0000)		0,0000	0,0000	1,0000		sum(1,0000)		0,6622	0,3378		sum(1,0000)		0,0000	1,0000		sum(1,0000)		0,0000	1,0000	0,0000		sum(1,0000)		
0,0000	1,0000		sum(1,0000)		0,0000	0,0000	0,0000	0,4648	0,5352		sum(1,0000)		1,0000	0,0000		sum(1,0000)		0,0000	0,3333	0,6667	0,0000		sum(1,0000)		0,0000	0,0000	1,0000		sum(1,0000)		0,8947	0,1053		sum(1,0000)		0,0000	1,0000		sum(1,0000)		0,0000	1,0000	0,0000		sum(1,0000)		
0,0000	1,0000		sum(1,0000)		0,0000	0,0000	0,0000	0,0000	1,0000		sum(1,0000)		1,0000	0,0000		sum(1,0000)		0,0000	0,0000	0,0000	1,0000		sum(1,0000)		0,0000	0,0000	1,0000		sum(1,0000)		0,9359	0,0641		sum(1,0000)		0,0000	1,0000		sum(1,0000)		0,0000	1,0000	0,0000		sum(1,0000)		
0,0000	1,0000		sum(1,0000)		0,0000	0,0000	0,0000	0,0000	1,0000		sum(1,0000)		1,0000	0,0000		sum(1,0000)		0,0000	0,0000	0,0000	1,0000		sum(1,0000)		0,0000	0,0000	1,0000		sum(1,0000)		1,0000	0,0000		sum(1,0000)		0,0000	1,0000		sum(1,0000)		0,0000	1,0000	0,0000		sum(1,0000)		
0,0000	1,0000		sum(1,0000)		0,0000	0,0000	0,0000	0,0000	1,0000		sum(1,0000)		1,0000	0,0000		sum(1,0000)		0,0000	0,0000	0,0000	1,0000		sum(1,0000)		0,0000	0,0000	1,0000		sum(1,0000)		1,0000	0,0000		sum(1,0000)		0,0000	1,0000		sum(1,0000)		0,0000	1,0000	0,0000		sum(1,0000)		
0,0000	1,0000		sum(1,0000)		0,0000	0,0000	0,0000	0,0000	1,0000		sum(1,0000)		1,0000	0,0000		sum(1,0000)		0,0000	0,0000	1,0000	0,0000		sum(1,0000)		0,0000	0,0000	1,0000		sum(1,0000)		1,0000	0,0000		sum(1,0000)		0,0000	1,0000		sum(1,0000)		0,0000	1,0000	0,0000		sum(1,0000)		
0,1065	0,8935		sum(1,0000)		0,0000	0,0000	0,0222	0,9778	0,0000		sum(1,0000)		0,3953	0,6047		sum(1,0000)		1,0000	0,0000	0,0000	0,0000		sum(1,0000)		0,0000	0,0000	1,0000		sum(1,0000)		0,7968	0,2032		sum(1,0000)		0,0000	1,0000		sum(1,0000)		0,0000	1,0000	0,0000		sum(1,0000)		
0,0000	1,0000		sum(1,0000)		0,0000	0,0000	0,0000	0,1690	0,8310		sum(1,0000)		0,0000	1,0000		sum(1,0000)		1,0000	0,0000	0,0000	0,0000		sum(1,0000)		0,0000	0,0000	1,0000		sum(1,0000)		1,0000	0,0000		sum(1,0000)		0,0000	1,0000		sum(1,0000)		0,0000	1,0000	0,0000		sum(1,0000)		
0,0000	1,0000		sum(1,0000)		0,0000	0,0000	0,0000	0,0000	1,0000		sum(1,0000)		0,0000	1,0000		sum(1,0000)		0,0000	0,4417	0,5583	0,0000		sum(1,0000)		0,0000	0,0000	1,0000		sum(1,0000)		0,7797	0,2203		sum(1,0000)		0,0000	1,0000		sum(1,0000)		0,0000	1,0000	0,0000		sum(1,0000)		
0,0000	1,0000		sum(1,0000)		0,0000	0,0000	0,0000	0,0000	1,0000		sum(1,0000)		1,0000	0,0000		sum(1,0000)		0,0000	0,0000	0,0000	1,0000		sum(1,0000)		0,0000	0,0000	1,0000		sum(1,0000)		0,9585	0,0415		sum(1,0000)		0,0000	1,0000		sum(1,0000)		0,0000	1,0000	0,0000		sum(1,0000)		
0,0000	1,0000		sum(1,0000)		0,0000	0,0000	0,0000	0,0000	1,0000		sum(1,0000)		1,0000	0,0000		sum(1,0000)		0,0000	0,0000	0,2750	0,7250		sum(1,0000)		0,0000	0,0000	1,0000		sum(1,0000)		0,9564	0,0436		sum(1,0000)		0,0000	1,0000		sum(1,0000)		0,0000	1,0000	0,0000		sum(1,0000)		
0,0000	1,0000		sum(1,0000)		0,0000	0,0000	0,0000	0,0000	1,0000		sum(1,0000)		0,0000	1,0000		sum(1,0000)		0,0000	0,7583	0,2417	0,0000		sum(1,0000)		0,0000	0,0000	1,0000		sum(1,0000)		1,0000	0,0000		sum(1,0000)		0,0000	1,0000		sum(1,0000)		0,0000	1,0000	0,0000		sum(1,0000)		
0,0000	1,0000		sum(1,0000)		0,0000	0,0000	0,0000	0,0000	1,0000		sum(1,0000)		0,0000	1,0000		sum(1,0000)		0,0000	0,2792	0,7208	0,0000		sum(1,0000)		0,0000	0,0000	1,0000		sum(1,0000)		1,0000	0,0000		sum(1,0000)		0,0000	1,0000		sum(1,0000)		0,0000	1,0000	0,0000		sum(1,0000)		
0,0000	1,0000		sum(1,0000)		0,0000	0,0000	0,0000	0,1690	0,8310		sum(1,0000)		1,0000	0,0000		sum(1,0000)		0,0000	0,7750	0,2250	0,0000		sum(1,0000)		0,0000	0,0000	1,0000		sum(1,0000)		0,8852	0,1148		sum(1,0000)		0,0000	1,0000		sum(1,0000)		0,0000	1,0000	0,0000		sum(1,0000)		
0,0000	1,0000		sum(1,0000)		0,0000	0,0000	0,0000	0,0000	1,0000		sum(1,0000)		1,0000	0,0000		sum(1,0000)		0,0000	0,0000	0,0000	1,0000		sum(1,0000)		0,0000	0,0000	1,0000		sum(1,0000)		0,9782	0,0218		sum(1,0000)		0,0000	1,0000		sum(1,0000)		0,0000	1,0000	0,0000		sum(1,0000)		
0,0000	1,0000		sum(1,0000)		0,0000	0,0000	0,0000	0,0000	1,0000		sum(1,0000)		0,4186	0,5814		sum(1,0000)		0,0000	0,2750	0,7250	0,0000		sum(1,0000)		0,0000	0,0000	1,0000		sum(1,0000)		1,0000	0,0000		sum(1,0000)		0,0000	1,0000		sum(1,0000)		0,0000	1,0000	0,0000		sum(1,0000)		
0,0000	1,0000		sum(1,0000)		0,0000	0,0000	0,0000	0,0000	1,0000		sum(1,0000)		0,0000	1,0000		sum(1,0000)		0,0000	0,4667	0,5333	0,0000		sum(1,0000)		0,0000	0,0000	1,0000		sum(1,0000)		1,0000	0,0000		sum(1,0000)		0,0000	1,0000		sum(1,0000)		0,0000	1,0000	0,0000		sum(1,0000)		
0,0000	1,0000		sum(1,0000)		0,0000	0,0000	0,0000	0,0000	1,0000		sum(1,0000)		1,0000	0,0000		sum(1,0000)		0,0000	0,0000	0,0000	1,0000		sum(1,0000)		0,0000	0,0000	1,0000		sum(1,0000)		0,8981	0,1019		sum(1,0000)		0,0000	1,0000		sum(1,0000)		0,0000	1,0000	0,0000		sum(1,0000)		
0,0000	1,0000		sum(1,0000)		0,0000	0,0000	0,0000	0,0000	1,0000		sum(1,0000)		0,0000	1,0000		sum(1,0000)		0,0000	0,1500	0,8500	0,0000		sum(1,0000)		0,0000	0,0000	1,0000		sum(1,0000)		1,0000	0,0000		sum(1,0000)		0,0000	1,0000		sum(1,0000)		0,0000	1,0000	0,0000		sum(1,0000)		
0,0000	1,0000		sum(1,0000)		0,0000	0,0000	0,0000	0,0000	1,0000		sum(1,0000)		1,0000	0,0000		sum(1,0000)		0,0000	0,0000	0,0000	1,0000		sum(1,0000)		0,0000	0,0000	1,0000		sum(1,0000)		0,3335	0,6665		sum(1,0000)		0,0000	1,0000		sum(1,0000)		0,0000	1,0000	0,0000		sum(1,0000)		
0,0000	1,0000		sum(1,0000)		0,0000	0,0000	0,0000	0,0000	1,0000		sum(1,0000)		0,5581	0,4419		sum(1,0000)		0,0000	0,0000	0,0000	1,0000		sum(1,0000)		0,0000	0,0000	1,0000		sum(1,0000)		0,7103	0,2897		sum(1,0000)		0,0000	1,0000		sum(1,0000)		0,0000	1,0000	0,0000		sum(1,0000)		
0,0000	1,0000		sum(1,0000)		0,0000	0,0000	0,0000	0,0000	1,0000		sum(1,0000)		0,6744	0,3256		sum(1,0000)		0,0000	0,0000	0,0000	1,0000		sum(1,0000)		0,0000	0,0000	1,0000		sum(1,0000)		1,0000	0,0000		sum(1,0000)		0,0000	1,0000		sum(1,0000)		0,0000	1,0000	0,0000		sum(1,0000)		
0,0000	1,0000		sum(1,0000)		0,0000	0,0000	0,0000	0,0000	1,0000		sum(1,0000)		0,0000	1,0000		sum(1,0000)		0,0000	0,7000	0,3000	0,0000		sum(1,0000)		0,0000	0,0000	1,0000		sum(1,0000)		0,7748	0,2252		sum(1,0000)		0,0000	1,0000		sum(1,0000)		0,0000	1,0000	0,0000		sum(1,0000)		
0,0000	1,0000		sum(1,0000)		0,0000	0,0000	0,0000	0,0000	1,0000		sum(1,0000)		0,0000	1,0000		sum(1,0000)		0,0000	0,0000	0,3500	0,6500		sum(1,0000)		0,0000	0,0000	1,0000		sum(1,0000)		1,0000	0,0000		sum(1,0000)		0,0000	1,0000		sum(1,0000)		0,0000	1,0000	0,0000		sum(1,0000)		
0,0000	1,0000		sum(1,0000)		0,0000	0,0000	0,0000	0,0000	1,0000		sum(1,0000)		0,0000	1,0000		sum(1,0000)		0,0000	0,0000	0,8000	0,2000		sum(1,0000)		0,0000	0,0000	1,0000		sum(1,0000)		0,9055	0,0945		sum(1,0000)		0,0000	1,0000		sum(1,0000)		0,0000	1,0000	0,0000		sum(1,0000)		
0,0000	1,0000		sum(1,0000)		0,0000	0,0000	0,0000	0,0000	1,0000		sum(1,0000)		1,0000	0,0000		sum(1,0000)		0,0000	0,0000	0,0000	1,0000		sum(1,0000)		0,0000	0,0000	1,0000		sum(1,0000)		1,0000	0,0000		sum(1,0000)		0,0000	1,0000		sum(1,0000)		0,0000	1,0000	0,0000		sum(1,0000)		
0,0000	1,0000		sum(1,0000)		0,0000	0,0000	0,0000	0,0000	1,0000		sum(1,0000)		0,0000	1,0000		sum(1,0000)		0,0000	0,0000	0,0000	1,0000		sum(1,0000)		0,0000	0,0000	1,0000		sum(1,0000)		0,4803	0,5197		sum(1,0000)		0,0000	1,0000		sum(1,0000)		0,0000	1,0000	0,0000		sum(1,0000)		
0,0000	1,0000		sum(1,0000)		0,0000	0,0000	0,0000	0,0000	1,0000		sum(1,0000)		1,0000	0,0000		sum(1,0000)		0,0000	0,6667	0,3333	0,0000		sum(1,0000)		0,0000	0,0000	1,0000		sum(1,0000)		0,9092	0,0908		sum(1,0000)		0,0000	1,0000		sum(1,0000)		0,0000	1,0000	0,0000		sum(1,0000)		
0,1620	0,8380		sum(1,0000)		0,0000	0,0000	0,0000	0,8451	0,1549		sum(1,0000)		1,0000	0,0000		sum(1,0000)		1,0000	0,0000	0,0000	0,0000		sum(1,0000)		0,0000	0,2735	0,7265		sum(1,0000)		0,7838	0,2162		sum(1,0000)		0,0000	1,0000		sum(1,0000)		0,0000	1,0000	0,0000		sum(1,0000)		
0,0000	1,0000		sum(1,0000)		0,0000	0,0000	0,0000	0,0141	0,9859		sum(1,0000)		0,0000	1,0000		sum(1,0000)		0,0000	0,9958	0,0042	0,0000		sum(1,0000)		0,0000	0,0000	1,0000		sum(1,0000)		1,0000	0,0000		sum(1,0000)		0,0000	1,0000		sum(1,0000)		0,0000	1,0000	0,0000		sum(1,0000)		
0,2037	0,7963		sum(1,0000)		0,0000	0,0000	0,4222	0,5778	0,0000		sum(1,0000)		0,0000	1,0000		sum(1,0000)		1,0000	0,0000	0,0000	0,0000		sum(1,0000)		0,0000	0,0000	1,0000		sum(1,0000)		0,9624	0,0376		sum(1,0000)		0,0000	1,0000		sum(1,0000)		0,0000	1,0000	0,0000		sum(1,0000)		
0,0000	1,0000		sum(1,0000)		0,0000	0,0000	0,0000	0,0000	1,0000		sum(1,0000)		0,0000	1,0000		sum(1,0000)		0,0000	0,4500	0,5500	0,0000		sum(1,0000)		0,0000	0,0000	1,0000		sum(1,0000)		0,8023	0,1977		sum(1,0000)		0,0000	1,0000		sum(1,0000)		0,0000	1,0000	0,0000		sum(1,0000)		
0,0000	1,0000		sum(1,0000)		0,0000	0,0000	0,0000	0,0000	1,0000		sum(1,0000)		1,0000	0,0000		sum(1,0000)		0,0000	0,0000	0,0000	1,0000		sum(1,0000)		0,0000	0,0000	1,0000		sum(1,0000)		0,7641	0,2359		sum(1,0000)		0,0000	1,0000		sum(1,0000)		0,0000	1,0000	0,0000		sum(1,0000)		
0,0000	1,0000		sum(1,0000)		0,0000	0,0000	0,0000	0,1831	0,8169		sum(1,0000)		0,0000	1,0000		sum(1,0000)		0,0000	1,0000	0,0000	0,0000		sum(1,0000)		0,0000	0,0000	1,0000		sum(1,0000)		1,0000	0,0000		sum(1,0000)		0,0000	1,0000		sum(1,0000)		0,0000	1,0000	0,0000		sum(1,0000)		
0,0000	1,0000		sum(1,0000)		0,0000	0,0000	0,0000	0,0000	1,0000		sum(1,0000)		1,0000	0,0000		sum(1,0000)		0,0000	0,0000	0,0000	1,0000		sum(1,0000)		0,0000	0,0000	1,0000		sum(1,0000)		1,0000	0,0000		sum(1,0000)		0,0000	1,0000		sum(1,0000)		0,0000	1,0000	0,0000		sum(1,0000)		
0,0000	1,0000		sum(1,0000)		0,0000	0,0000	0,0000	0,4507	0,5493		sum(1,0000)		0,0000	1,0000		sum(1,0000)		1,0000	0,0000	0,0000	0,0000		sum(1,0000)		0,0000	0,0000	1,0000		sum(1,0000)		0,5808	0,4192		sum(1,0000)		0,0000	1,0000		sum(1,0000)		0,0000	1,0000	0,0000		sum(1,0000)		
0,0000	1,0000		sum(1,0000)		0,0000	0,0000	0,0000	0,1268	0,8732		sum(1,0000)		0,0000	1,0000		sum(1,0000)		0,0000	1,0000	0,0000	0,0000		sum(1,0000)		0,0000	0,0000	1,0000		sum(1,0000)		1,0000	0,0000		sum(1,0000)		0,0000	1,0000		sum(1,0000)		0,0000	1,0000	0,0000		sum(1,0000)		
0,0000	1,0000		sum(1,0000)		0,0000	0,0000	0,0000	0,0000	1,0000		sum(1,0000)		0,0000	1,0000		sum(1,0000)		0,0000	0,3125	0,6875	0,0000		sum(1,0000)		0,0000	0,0000	1,0000		sum(1,0000)		1,0000	0,0000		sum(1,0000)		0,0000	1,0000		sum(1,0000)		0,0000	1,0000	0,0000		sum(1,0000)		
0,3449	0,6551		sum(1,0000)		0,0000	0,0000	0,4111	0,5889	0,0000		sum(1,0000)		1,0000	0,0000		sum(1,0000)		1,0000	0,0000	0,0000	0,0000		sum(1,0000)		0,0660	0,9340	0,0000		sum(1,0000)		0,7508	0,2492		sum(1,0000)		0,0000	1,0000		sum(1,0000)		0,0000	1,0000	0,0000		sum(1,0000)		
0,1644	0,8356		sum(1,0000)		0,0000	0,0000	0,0000	0,9155	0,0845		sum(1,0000)		1,0000	0,0000		sum(1,0000)		1,0000	0,0000	0,0000	0,0000		sum(1,0000)		0,0000	0,2051	0,7949		sum(1,0000)		0,7876	0,2124		sum(1,0000)		0,0000	1,0000		sum(1,0000)		0,0000	1,0000	0,0000		sum(1,0000)		
0,3032	0,6968		sum(1,0000)		0,0000	0,0000	0,4222	0,5778	0,0000		sum(1,0000)		1,0000	0,0000		sum(1,0000)		1,0000	0,0000	0,0000	0,0000		sum(1,0000)		0,0000	0,0940	0,9060		sum(1,0000)		0,6549	0,3451		sum(1,0000)		0,0000	1,0000		sum(1,0000)		0,0000	1,0000	0,0000		sum(1,0000)		
0,3449	0,6551		sum(1,0000)		0,0000	0,0000	0,6778	0,3222	0,0000		sum(1,0000)		0,0000	1,0000		sum(1,0000)		1,0000	0,0000	0,0000	0,0000		sum(1,0000)		0,0000	0,0000	1,0000		sum(1,0000)		0,9128	0,0872		sum(1,0000)		0,0000	1,0000		sum(1,0000)		0,0000	1,0000	0,0000		sum(1,0000)		
0,0000	1,0000		sum(1,0000)		0,0000	0,0000	0,0000	0,3099	0,6901		sum(1,0000)		1,0000	0,0000		sum(1,0000)		0,0000	0,3083	0,6917	0,0000		sum(1,0000)		0,0000	0,0000	1,0000		sum(1,0000)		0,9267	0,0733		sum(1,0000)		0,0000	1,0000		sum(1,0000)		0,0000	1,0000	0,0000		sum(1,0000)		
0,3009	0,6991		sum(1,0000)		0,0000	0,0000	0,1333	0,8667	0,0000		sum(1,0000)		1,0000	0,0000		sum(1,0000)		0,6629	0,3371	0,0000	0,0000		sum(1,0000)		0,1379	0,8621	0,0000		sum(1,0000)		1,0000	0,0000		sum(1,0000)		0,0000	1,0000		sum(1,0000)		0,0000	1,0000	0,0000		sum(1,0000)		
0,2940	0,7060		sum(1,0000)		0,0000	0,0000	0,1778	0,8222	0,0000		sum(1,0000)		1,0000	0,0000		sum(1,0000)		1,0000	0,0000	0,0000	0,0000		sum(1,0000)		0,0311	0,9689	0,0000		sum(1,0000)		1,0000	0,0000		sum(1,0000)		0,0000	1,0000		sum(1,0000)		0,0000	1,0000	0,0000		sum(1,0000)		
0,1481	0,8519		sum(1,0000)		0,0000	0,0000	0,1000	0,9000	0,0000		sum(1,0000)		0,7674	0,2326		sum(1,0000)		1,0000	0,0000	0,0000	0,0000		sum(1,0000)		0,0000	0,0000	1,0000		sum(1,0000)		0,8810	0,1190		sum(1,0000)		0,0000	1,0000		sum(1,0000)		0,0000	1,0000	0,0000		sum(1,0000)		
0,8796	0,1204		sum(1,0000)		1,0000	0,0000	0,0000	0,0000	0,0000		sum(1,0000)		1,0000	0,0000		sum(1,0000)		1,0000	0,0000	0,0000	0,0000		sum(1,0000)		0,5981	0,4019	0,0000		sum(1,0000)		0,5925	0,4075		sum(1,0000)		0,0000	1,0000		sum(1,0000)		0,0000	0,0000	1,0000		sum(1,0000)		
0,8218	0,1782		sum(1,0000)		1,0000	0,0000	0,0000	0,0000	0,0000		sum(1,0000)		1,0000	0,0000		sum(1,0000)		1,0000	0,0000	0,0000	0,0000		sum(1,0000)		0,4447	0,5553	0,0000		sum(1,0000)		0,2671	0,7329		sum(1,0000)		0,0000	1,0000		sum(1,0000)		0,0000	0,0000	1,0000		sum(1,0000)		
0,8171	0,1829		sum(1,0000)		0,9000	0,1000	0,0000	0,0000	0,0000		sum(1,0000)		1,0000	0,0000		sum(1,0000)		1,0000	0,0000	0,0000	0,0000		sum(1,0000)		0,4427	0,5573	0,0000		sum(1,0000)		0,4626	0,5374		sum(1,0000)		0,0000	1,0000		sum(1,0000)		0,0000	0,0000	1,0000		sum(1,0000)		
1,0000	0,0000		sum(1,0000)		1,0000	0,0000	0,0000	0,0000	0,0000		sum(1,0000)		1,0000	0,0000		sum(1,0000)		1,0000	0,0000	0,0000	0,0000		sum(1,0000)		0,6505	0,3495	0,0000		sum(1,0000)		0,5615	0,4385		sum(1,0000)		0,0000	1,0000		sum(1,0000)		0,0000	0,0000	1,0000		sum(1,0000)		
1,0000	0,0000		sum(1,0000)		1,0000	0,0000	0,0000	0,0000	0,0000		sum(1,0000)		1,0000	0,0000		sum(1,0000)		1,0000	0,0000	0,0000	0,0000		sum(1,0000)		1,0000	0,0000	0,0000		sum(1,0000)		0,7491	0,2509		sum(1,0000)		0,0000	1,0000		sum(1,0000)		0,0000	0,0000	1,0000		sum(1,0000)		
1,0000	0,0000		sum(1,0000)		1,0000	0,0000	0,0000	0,0000	0,0000		sum(1,0000)		1,0000	0,0000		sum(1,0000)		1,0000	0,0000	0,0000	0,0000		sum(1,0000)		1,0000	0,0000	0,0000		sum(1,0000)		0,4299	0,5701		sum(1,0000)		0,0000	1,0000		sum(1,0000)		0,0000	0,0000	1,0000		sum(1,0000)		
1,0000	0,0000		sum(1,0000)		1,0000	0,0000	0,0000	0,0000	0,0000		sum(1,0000)		1,0000	0,0000		sum(1,0000)		1,0000	0,0000	0,0000	0,0000		sum(1,0000)		1,0000	0,0000	0,0000		sum(1,0000)		1,0000	0,0000		sum(1,0000)		0,0000	1,0000		sum(1,0000)		0,0000	0,0000	1,0000		sum(1,0000)		
1,0000	0,0000		sum(1,0000)		1,0000	0,0000	0,0000	0,0000	0,0000		sum(1,0000)		1,0000	0,0000		sum(1,0000)		1,0000	0,0000	0,0000	0,0000		sum(1,0000)		0,6505	0,3495	0,0000		sum(1,0000)		0,7585	0,2415		sum(1,0000)		0,0000	1,0000		sum(1,0000)		0,0000	0,0000	1,0000		sum(1,0000)		
0,9653	0,0347		sum(1,0000)		1,0000	0,0000	0,0000	0,0000	0,0000		sum(1,0000)		1,0000	0,0000		sum(1,0000)		1,0000	0,0000	0,0000	0,0000		sum(1,0000)		0,7592	0,2408	0,0000		sum(1,0000)		0,9767	0,0233		sum(1,0000)		0,0000	1,0000		sum(1,0000)		0,0000	0,0000	1,0000		sum(1,0000)		
1,0000	0,0000		sum(1,0000)		1,0000	0,0000	0,0000	0,0000	0,0000		sum(1,0000)		1,0000	0,0000		sum(1,0000)		1,0000	0,0000	0,0000	0,0000		sum(1,0000)		1,0000	0,0000	0,0000		sum(1,0000)		0,5628	0,4372		sum(1,0000)		0,0000	1,0000		sum(1,0000)		0,0000	0,0000	1,0000		sum(1,0000)		
1,0000	0,0000		sum(1,0000)		1,0000	0,0000	0,0000	0,0000	0,0000		sum(1,0000)		1,0000	0,0000		sum(1,0000)		1,0000	0,0000	0,0000	0,0000		sum(1,0000)		0,8971	0,1029	0,0000		sum(1,0000)		0,6130	0,3870		sum(1,0000)		0,0000	1,0000		sum(1,0000)		0,0000	0,0000	1,0000		sum(1,0000)		
1,0000	0,0000		sum(1,0000)		1,0000	0,0000	0,0000	0,0000	0,0000		sum(1,0000)		1,0000	0,0000		sum(1,0000)		1,0000	0,0000	0,0000	0,0000		sum(1,0000)		1,0000	0,0000	0,0000		sum(1,0000)		0,2752	0,7248		sum(1,0000)		0,0000	1,0000		sum(1,0000)		0,0000	0,0000	1,0000		sum(1,0000)		
1,0000	0,0000		sum(1,0000)		1,0000	0,0000	0,0000	0,0000	0,0000		sum(1,0000)		1,0000	0,0000		sum(1,0000)		1,0000	0,0000	0,0000	0,0000		sum(1,0000)		0,9107	0,0893	0,0000		sum(1,0000)		0,6955	0,3045		sum(1,0000)		0,0000	1,0000		sum(1,0000)		0,0000	0,0000	1,0000		sum(1,0000)		
1,0000	0,0000		sum(1,0000)		1,0000	0,0000	0,0000	0,0000	0,0000		sum(1,0000)		1,0000	0,0000		sum(1,0000)		1,0000	0,0000	0,0000	0,0000		sum(1,0000)		1,0000	0,0000	0,0000		sum(1,0000)		0,9632	0,0368		sum(1,0000)		0,0000	1,0000		sum(1,0000)		0,0000	0,0000	1,0000		sum(1,0000)		
1,0000	0,0000		sum(1,0000)		1,0000	0,0000	0,0000	0,0000	0,0000		sum(1,0000)		1,0000	0,0000		sum(1,0000)		1,0000	0,0000	0,0000	0,0000		sum(1,0000)		1,0000	0,0000	0,0000		sum(1,0000)		0,8286	0,1714		sum(1,0000)		0,0000	1,0000		sum(1,0000)		0,0000	0,0000	1,0000		sum(1,0000)		
1,0000	0,0000		sum(1,0000)		1,0000	0,0000	0,0000	0,0000	0,0000		sum(1,0000)		1,0000	0,0000		sum(1,0000)		1,0000	0,0000	0,0000	0,0000		sum(1,0000)		1,0000	0,0000	0,0000		sum(1,0000)		0,4968	0,5032		sum(1,0000)		0,0000	1,0000		sum(1,0000)		0,0000	0,0000	1,0000		sum(1,0000)		
1,0000	0,0000		sum(1,0000)		1,0000	0,0000	0,0000	0,0000	0,0000		sum(1,0000)		1,0000	0,0000		sum(1,0000)		1,0000	0,0000	0,0000	0,0000		sum(1,0000)		0,8796	0,1204	0,0000		sum(1,0000)		0,9603	0,0397		sum(1,0000)		0,0000	1,0000		sum(1,0000)		0,0000	0,0000	1,0000		sum(1,0000)		
1,0000	0,0000		sum(1,0000)		1,0000	0,0000	0,0000	0,0000	0,0000		sum(1,0000)		1,0000	0,0000		sum(1,0000)		1,0000	0,0000	0,0000	0,0000		sum(1,0000)		1,0000	0,0000	0,0000		sum(1,0000)		0,6825	0,3175		sum(1,0000)		0,0000	1,0000		sum(1,0000)		0,0000	0,0000	1,0000		sum(1,0000)		
1,0000	0,0000		sum(1,0000)		1,0000	0,0000	0,0000	0,0000	0,0000		sum(1,0000)		1,0000	0,0000		sum(1,0000)		1,0000	0,0000	0,0000	0,0000		sum(1,0000)		1,0000	0,0000	0,0000		sum(1,0000)		0,7665	0,2335		sum(1,0000)		0,0000	1,0000		sum(1,0000)		0,0000	0,0000	1,0000		sum(1,0000)		
1,0000	0,0000		sum(1,0000)		1,0000	0,0000	0,0000	0,0000	0,0000		sum(1,0000)		1,0000	0,0000		sum(1,0000)		1,0000	0,0000	0,0000	0,0000		sum(1,0000)		1,0000	0,0000	0,0000		sum(1,0000)		0,5767	0,4233		sum(1,0000)		0,0000	1,0000		sum(1,0000)		0,0000	0,0000	1,0000		sum(1,0000)		
1,0000	0,0000		sum(1,0000)		1,0000	0,0000	0,0000	0,0000	0,0000		sum(1,0000)		1,0000	0,0000		sum(1,0000)		1,0000	0,0000	0,0000	0,0000		sum(1,0000)		0,8214	0,1786	0,0000		sum(1,0000)		1,0000	0,0000		sum(1,0000)		0,0000	1,0000		sum(1,0000)		0,0000	0,0000	1,0000		sum(1,0000)		
1,0000	0,0000		sum(1,0000)		1,0000	0,0000	0,0000	0,0000	0,0000		sum(1,0000)		1,0000	0,0000		sum(1,0000)		1,0000	0,0000	0,0000	0,0000		sum(1,0000)		0,9553	0,0447	0,0000		sum(1,0000)		0,7867	0,2133		sum(1,0000)		0,0000	1,0000		sum(1,0000)		0,0000	0,0000	1,0000		sum(1,0000)		
1,0000	0,0000		sum(1,0000)		1,0000	0,0000	0,0000	0,0000	0,0000		sum(1,0000)		1,0000	0,0000		sum(1,0000)		1,0000	0,0000	0,0000	0,0000		sum(1,0000)		0,8835	0,1165	0,0000		sum(1,0000)		0,6519	0,3481		sum(1,0000)		0,0000	1,0000		sum(1,0000)		0,0000	0,0000	1,0000		sum(1,0000)		
1,0000	0,0000		sum(1,0000)		1,0000	0,0000	0,0000	0,0000	0,0000		sum(1,0000)		1,0000	0,0000		sum(1,0000)		1,0000	0,0000	0,0000	0,0000		sum(1,0000)		0,6485	0,3515	0,0000		sum(1,0000)		0,7588	0,2412		sum(1,0000)		0,0000	1,0000		sum(1,0000)		0,0000	0,0000	1,0000		sum(1,0000)		
1,0000	0,0000		sum(1,0000)		1,0000	0,0000	0,0000	0,0000	0,0000		sum(1,0000)		1,0000	0,0000		sum(1,0000)		1,0000	0,0000	0,0000	0,0000		sum(1,0000)		0,9864	0,0136	0,0000		sum(1,0000)		0,3887	0,6113		sum(1,0000)		0,0000	1,0000		sum(1,0000)		0,0000	0,0000	1,0000		sum(1,0000)		
1,0000	0,0000		sum(1,0000)		1,0000	0,0000	0,0000	0,0000	0,0000		sum(1,0000)		1,0000	0,0000		sum(1,0000)		1,0000	0,0000	0,0000	0,0000		sum(1,0000)		0,7010	0,2990	0,0000		sum(1,0000)		1,0000	0,0000		sum(1,0000)		0,0000	1,0000		sum(1,0000)		0,0000	0,0000	1,0000		sum(1,0000)		
1,0000	0,0000		sum(1,0000)		1,0000	0,0000	0,0000	0,0000	0,0000		sum(1,0000)		1,0000	0,0000		sum(1,0000)		1,0000	0,0000	0,0000	0,0000		sum(1,0000)		0,7864	0,2136	0,0000		sum(1,0000)		0,6639	0,3361		sum(1,0000)		0,0000	1,0000		sum(1,0000)		0,0000	0,0000	1,0000		sum(1,0000)		
1,0000	0,0000		sum(1,0000)		1,0000	0,0000	0,0000	0,0000	0,0000		sum(1,0000)		1,0000	0,0000		sum(1,0000)		1,0000	0,0000	0,0000	0,0000		sum(1,0000)		0,9029	0,0971	0,0000		sum(1,0000)		0,9056	0,0944		sum(1,0000)		0,0000	1,0000		sum(1,0000)		0,0000	0,0000	1,0000		sum(1,0000)		
1,0000	0,0000		sum(1,0000)		1,0000	0,0000	0,0000	0,0000	0,0000		sum(1,0000)		1,0000	0,0000		sum(1,0000)		1,0000	0,0000	0,0000	0,0000		sum(1,0000)		1,0000	0,0000	0,0000		sum(1,0000)		0,7742	0,2258		sum(1,0000)		0,0000	1,0000		sum(1,0000)		0,0000	0,0000	1,0000		sum(1,0000)		
1,0000	0,0000		sum(1,0000)		1,0000	0,0000	0,0000	0,0000	0,0000		sum(1,0000)		1,0000	0,0000		sum(1,0000)		1,0000	0,0000	0,0000	0,0000		sum(1,0000)		1,0000	0,0000	0,0000		sum(1,0000)		0,9276	0,0724		sum(1,0000)		0,0000	1,0000		sum(1,0000)		0,0000	0,0000	1,0000		sum(1,0000)		
1,0000	0,0000		sum(1,0000)		1,0000	0,0000	0,0000	0,0000	0,0000		sum(1,0000)		1,0000	0,0000		sum(1,0000)		1,0000	0,0000	0,0000	0,0000		sum(1,0000)		1,0000	0,0000	0,0000		sum(1,0000)		0,3235	0,6765		sum(1,0000)		0,0000	1,0000		sum(1,0000)		0,0000	0,0000	1,0000		sum(1,0000)		
1,0000	0,0000		sum(1,0000)		1,0000	0,0000	0,0000	0,0000	0,0000		sum(1,0000)		1,0000	0,0000		sum(1,0000)		1,0000	0,0000	0,0000	0,0000		sum(1,0000)		0,8874	0,1126	0,0000		sum(1,0000)		0,3273	0,6727		sum(1,0000)		0,0000	1,0000		sum(1,0000)		0,0000	0,0000	1,0000		sum(1,0000)		
1,0000	0,0000		sum(1,0000)		1,0000	0,0000	0,0000	0,0000	0,0000		sum(1,0000)		1,0000	0,0000		sum(1,0000)		1,0000	0,0000	0,0000	0,0000		sum(1,0000)		1,0000	0,0000	0,0000		sum(1,0000)		0,7795	0,2205		sum(1,0000)		0,0000	1,0000		sum(1,0000)		0,0000	0,0000	1,0000		sum(1,0000)		
1,0000	0,0000		sum(1,0000)		1,0000	0,0000	0,0000	0,0000	0,0000		sum(1,0000)		1,0000	0,0000		sum(1,0000)		1,0000	0,0000	0,0000	0,0000		sum(1,0000)		1,0000	0,0000	0,0000		sum(1,0000)		0,5391	0,4609		sum(1,0000)		0,0000	1,0000		sum(1,0000)		0,0000	0,0000	1,0000		sum(1,0000)		
1,0000	0,0000		sum(1,0000)		1,0000	0,0000	0,0000	0,0000	0,0000		sum(1,0000)		1,0000	0,0000		sum(1,0000)		1,0000	0,0000	0,0000	0,0000		sum(1,0000)		1,0000	0,0000	0,0000		sum(1,0000)		0,6154	0,3846		sum(1,0000)		0,0000	1,0000		sum(1,0000)		0,0000	0,0000	1,0000		sum(1,0000)		
1,0000	0,0000		sum(1,0000)		1,0000	0,0000	0,0000	0,0000	0,0000		sum(1,0000)		1,0000	0,0000		sum(1,0000)		1,0000	0,0000	0,0000	0,0000		sum(1,0000)		0,9340	0,0660	0,0000		sum(1,0000)		0,6923	0,3077		sum(1,0000)		0,0000	1,0000		sum(1,0000)		0,0000	0,0000	1,0000		sum(1,0000)		
1,0000	0,0000		sum(1,0000)		1,0000	0,0000	0,0000	0,0000	0,0000		sum(1,0000)		1,0000	0,0000		sum(1,0000)		1,0000	0,0000	0,0000	0,0000		sum(1,0000)		1,0000	0,0000	0,0000		sum(1,0000)		0,5867	0,4133		sum(1,0000)		0,0000	1,0000		sum(1,0000)		0,0000	0,0000	1,0000		sum(1,0000)		
1,0000	0,0000		sum(1,0000)		1,0000	0,0000	0,0000	0,0000	0,0000		sum(1,0000)		1,0000	0,0000		sum(1,0000)		1,0000	0,0000	0,0000	0,0000		sum(1,0000)		1,0000	0,0000	0,0000		sum(1,0000)		0,7056	0,2944		sum(1,0000)		0,0000	1,0000		sum(1,0000)		0,0000	0,0000	1,0000		sum(1,0000)		
1,0000	0,0000		sum(1,0000)		1,0000	0,0000	0,0000	0,0000	0,0000		sum(1,0000)		1,0000	0,0000		sum(1,0000)		1,0000	0,0000	0,0000	0,0000		sum(1,0000)		1,0000	0,0000	0,0000		sum(1,0000)		0,4850	0,5150		sum(1,0000)		0,0000	1,0000		sum(1,0000)		0,0000	0,0000	1,0000		sum(1,0000)		
1,0000	0,0000		sum(1,0000)		1,0000	0,0000	0,0000	0,0000	0,0000		sum(1,0000)		1,0000	0,0000		sum(1,0000)		1,0000	0,0000	0,0000	0,0000		sum(1,0000)		0,7942	0,2058	0,0000		sum(1,0000)		1,0000	0,0000		sum(1,0000)		0,0000	1,0000		sum(1,0000)		0,0000	0,0000	1,0000		sum(1,0000)		
1,0000	0,0000		sum(1,0000)		1,0000	0,0000	0,0000	0,0000	0,0000		sum(1,0000)		1,0000	0,0000		sum(1,0000)		1,0000	0,0000	0,0000	0,0000		sum(1,0000)		1,0000	0,0000	0,0000		sum(1,0000)		0,6577	0,3423		sum(1,0000)		0,3754	0,6246		sum(1,0000)		0,0000	0,0000	1,0000		sum(1,0000)		
1,0000	0,0000		sum(1,0000)		1,0000	0,0000	0,0000	0,0000	0,0000		sum(1,0000)		1,0000	0,0000		sum(1,0000)		1,0000	0,0000	0,0000	0,0000		sum(1,0000)		0,5534	0,4466	0,0000		sum(1,0000)		0,6521	0,3479		sum(1,0000)		0,0000	1,0000		sum(1,0000)		0,0000	0,0000	1,0000		sum(1,0000)		
1,0000	0,0000		sum(1,0000)		1,0000	0,0000	0,0000	0,0000	0,0000		sum(1,0000)		1,0000	0,0000		sum(1,0000)		1,0000	0,0000	0,0000	0,0000		sum(1,0000)		0,7631	0,2369	0,0000		sum(1,0000)		0,6765	0,3235		sum(1,0000)		0,0000	1,0000		sum(1,0000)		0,0000	0,0000	1,0000		sum(1,0000)		
1,0000	0,0000		sum(1,0000)		1,0000	0,0000	0,0000	0,0000	0,0000		sum(1,0000)		1,0000	0,0000		sum(1,0000)		1,0000	0,0000	0,0000	0,0000		sum(1,0000)		0,8777	0,1223	0,0000		sum(1,0000)		0,6103	0,3897		sum(1,0000)		0,0000	1,0000		sum(1,0000)		0,0000	0,0000	1,0000		sum(1,0000)		
0,9213	0,0787		sum(1,0000)		1,0000	0,0000	0,0000	0,0000	0,0000		sum(1,0000)		1,0000	0,0000		sum(1,0000)		1,0000	0,0000	0,0000	0,0000		sum(1,0000)		0,5359	0,4641	0,0000		sum(1,0000)		0,4269	0,5731		sum(1,0000)		0,0000	1,0000		sum(1,0000)		0,0000	0,0000	1,0000		sum(1,0000)		
1,0000	0,0000		sum(1,0000)		1,0000	0,0000	0,0000	0,0000	0,0000		sum(1,0000)		1,0000	0,0000		sum(1,0000)		1,0000	0,0000	0,0000	0,0000		sum(1,0000)		1,0000	0,0000	0,0000		sum(1,0000)		0,8259	0,1741		sum(1,0000)		0,0000	1,0000		sum(1,0000)		0,0000	0,0000	1,0000		sum(1,0000)		
1,0000	0,0000		sum(1,0000)		1,0000	0,0000	0,0000	0,0000	0,0000		sum(1,0000)		1,0000	0,0000		sum(1,0000)		1,0000	0,0000	0,0000	0,0000		sum(1,0000)		1,0000	0,0000	0,0000		sum(1,0000)		0,6688	0,3312		sum(1,0000)		0,0000	1,0000		sum(1,0000)		0,0000	0,0000	1,0000		sum(1,0000)		
1,0000	0,0000		sum(1,0000)		1,0000	0,0000	0,0000	0,0000	0,0000		sum(1,0000)		1,0000	0,0000		sum(1,0000)		1,0000	0,0000	0,0000	0,0000		sum(1,0000)		1,0000	0,0000	0,0000		sum(1,0000)		0,8039	0,1961		sum(1,0000)		0,0000	1,0000		sum(1,0000)		0,0000	0,0000	1,0000		sum(1,0000)		
1,0000	0,0000		sum(1,0000)		1,0000	0,0000	0,0000	0,0000	0,0000		sum(1,0000)		1,0000	0,0000		sum(1,0000)		1,0000	0,0000	0,0000	0,0000		sum(1,0000)		0,9340	0,0660	0,0000		sum(1,0000)		0,1752	0,8248		sum(1,0000)		0,0000	1,0000		sum(1,0000)		0,0000	0,0000	1,0000		sum(1,0000)		
1,0000	0,0000		sum(1,0000)		1,0000	0,0000	0,0000	0,0000	0,0000		sum(1,0000)		1,0000	0,0000		sum(1,0000)		1,0000	0,0000	0,0000	0,0000		sum(1,0000)		1,0000	0,0000	0,0000		sum(1,0000)		0,6543	0,3457		sum(1,0000)		0,4642	0,5358		sum(1,0000)		0,0000	0,0000	1,0000		sum(1,0000)		
1,0000	0,0000		sum(1,0000)		1,0000	0,0000	0,0000	0,0000	0,0000		sum(1,0000)		1,0000	0,0000		sum(1,0000)		1,0000	0,0000	0,0000	0,0000		sum(1,0000)		1,0000	0,0000	0,0000		sum(1,0000)		0,5748	0,4252		sum(1,0000)		0,0000	1,0000		sum(1,0000)		0,0000	0,0000	1,0000		sum(1,0000)		
1,0000	0,0000		sum(1,0000)		1,0000	0,0000	0,0000	0,0000	0,0000		sum(1,0000)		1,0000	0,0000		sum(1,0000)		1,0000	0,0000	0,0000	0,0000		sum(1,0000)		0,9670	0,0330	0,0000		sum(1,0000)		0,8404	0,1596		sum(1,0000)		0,0000	1,0000		sum(1,0000)		0,0000	0,0000	1,0000		sum(1,0000)		
1,0000	0,0000		sum(1,0000)		1,0000	0,0000	0,0000	0,0000	0,0000		sum(1,0000)		1,0000	0,0000		sum(1,0000)		1,0000	0,0000	0,0000	0,0000		sum(1,0000)		0,6777	0,3223	0,0000		sum(1,0000)		0,9133	0,0867		sum(1,0000)		0,0000	1,0000		sum(1,0000)		0,0000	0,0000	1,0000		sum(1,0000)		
1,0000	0,0000		sum(1,0000)		1,0000	0,0000	0,0000	0,0000	0,0000		sum(1,0000)		1,0000	0,0000		sum(1,0000)		1,0000	0,0000	0,0000	0,0000		sum(1,0000)		1,0000	0,0000	0,0000		sum(1,0000)		0,6773	0,3227		sum(1,0000)		0,0000	1,0000		sum(1,0000)		0,0000	0,0000	1,0000		sum(1,0000)		
1,0000	0,0000		sum(1,0000)		1,0000	0,0000	0,0000	0,0000	0,0000		sum(1,0000)		1,0000	0,0000		sum(1,0000)		1,0000	0,0000	0,0000	0,0000		sum(1,0000)		0,6350	0,3650	0,0000		sum(1,0000)		0,8128	0,1872		sum(1,0000)		0,0000	1,0000		sum(1,0000)		0,0000	0,0000	1,0000		sum(1,0000)		
0,9421	0,0579		sum(1,0000)		1,0000	0,0000	0,0000	0,0000	0,0000		sum(1,0000)		0,5349	0,4651		sum(1,0000)		1,0000	0,0000	0,0000	0,0000		sum(1,0000)		0,3417	0,6583	0,0000		sum(1,0000)		0,6735	0,3265		sum(1,0000)		0,1203	0,8797		sum(1,0000)		0,0000	0,0000	1,0000		sum(1,0000)		
0,9444	0,0556		sum(1,0000)		1,0000	0,0000	0,0000	0,0000	0,0000		sum(1,0000)		1,0000	0,0000		sum(1,0000)		1,0000	0,0000	0,0000	0,0000		sum(1,0000)		0,4816	0,5184	0,0000		sum(1,0000)		0,5588	0,4412		sum(1,0000)		0,0000	1,0000		sum(1,0000)		0,0000	0,0000	1,0000		sum(1,0000)		
0,8102	0,1898		sum(1,0000)		1,0000	0,0000	0,0000	0,0000	0,0000		sum(1,0000)		0,7907	0,2093		sum(1,0000)		1,0000	0,0000	0,0000	0,0000		sum(1,0000)		0,3379	0,6621	0,0000		sum(1,0000)		0,7117	0,2883		sum(1,0000)		0,0000	1,0000		sum(1,0000)		0,0000	0,0000	1,0000		sum(1,0000)		
0,9838	0,0162		sum(1,0000)		1,0000	0,0000	0,0000	0,0000	0,0000		sum(1,0000)		1,0000	0,0000		sum(1,0000)		1,0000	0,0000	0,0000	0,0000		sum(1,0000)		0,7592	0,2408	0,0000		sum(1,0000)		0,9680	0,0320		sum(1,0000)		0,0000	1,0000		sum(1,0000)		0,0000	0,0000	1,0000		sum(1,0000)		
0,9514	0,0486		sum(1,0000)		1,0000	0,0000	0,0000	0,0000	0,0000		sum(1,0000)		0,0000	1,0000		sum(1,0000)		1,0000	0,0000	0,0000	0,0000		sum(1,0000)		0,2854	0,7146	0,0000		sum(1,0000)		1,0000	0,0000		sum(1,0000)		0,3610	0,6390		sum(1,0000)		0,0000	0,0000	1,0000		sum(1,0000)		
1,0000	0,0000		sum(1,0000)		1,0000	0,0000	0,0000	0,0000	0,0000		sum(1,0000)		1,0000	0,0000		sum(1,0000)		1,0000	0,0000	0,0000	0,0000		sum(1,0000)		0,6078	0,3922	0,0000		sum(1,0000)		0,5609	0,4391		sum(1,0000)		0,0000	1,0000		sum(1,0000)		0,0000	0,0000	1,0000		sum(1,0000)		
0,9722	0,0278		sum(1,0000)		1,0000	0,0000	0,0000	0,0000	0,0000		sum(1,0000)		0,0000	1,0000		sum(1,0000)		1,0000	0,0000	0,0000	0,0000		sum(1,0000)		0,3243	0,6757	0,0000		sum(1,0000)		1,0000	0,0000		sum(1,0000)		0,6046	0,3954		sum(1,0000)		0,0000	0,0000	1,0000		sum(1,0000)		
1,0000	0,0000		sum(1,0000)		1,0000	0,0000	0,0000	0,0000	0,0000		sum(1,0000)		1,0000	0,0000		sum(1,0000)		1,0000	0,0000	0,0000	0,0000		sum(1,0000)		0,9553	0,0447	0,0000		sum(1,0000)		0,8280	0,1720		sum(1,0000)		0,3668	0,6332		sum(1,0000)		0,0000	0,0000	1,0000		sum(1,0000)		
0,9653	0,0347		sum(1,0000)		1,0000	0,0000	0,0000	0,0000	0,0000		sum(1,0000)		0,2093	0,7907		sum(1,0000)		1,0000	0,0000	0,0000	0,0000		sum(1,0000)		0,4097	0,5903	0,0000		sum(1,0000)		0,0000	1,0000		sum(1,0000)		0,0000	1,0000		sum(1,0000)		0,0000	0,0000	1,0000		sum(1,0000)		
1,0000	0,0000		sum(1,0000)		1,0000	0,0000	0,0000	0,0000	0,0000		sum(1,0000)		1,0000	0,0000		sum(1,0000)		1,0000	0,0000	0,0000	0,0000		sum(1,0000)		0,6641	0,3359	0,0000		sum(1,0000)		0,8528	0,1472		sum(1,0000)		0,0000	1,0000		sum(1,0000)		0,0000	0,0000	1,0000		sum(1,0000)		
1,0000	0,0000		sum(1,0000)		1,0000	0,0000	0,0000	0,0000	0,0000		sum(1,0000)		1,0000	0,0000		sum(1,0000)		1,0000	0,0000	0,0000	0,0000		sum(1,0000)		0,6233	0,3767	0,0000		sum(1,0000)		0,9070	0,0930		sum(1,0000)		0,2464	0,7536		sum(1,0000)		0,0000	0,0000	1,0000		sum(1,0000)		
1,0000	0,0000		sum(1,0000)		1,0000	0,0000	0,0000	0,0000	0,0000		sum(1,0000)		1,0000	0,0000		sum(1,0000)		1,0000	0,0000	0,0000	0,0000		sum(1,0000)		0,9845	0,0155	0,0000		sum(1,0000)		0,7765	0,2235		sum(1,0000)		0,0000	1,0000		sum(1,0000)		0,0000	0,0000	1,0000		sum(1,0000)		
0,8495	0,1505		sum(1,0000)		1,0000	0,0000	0,0000	0,0000	0,0000		sum(1,0000)		0,0000	1,0000		sum(1,0000)		1,0000	0,0000	0,0000	0,0000		sum(1,0000)		0,1359	0,8641	0,0000		sum(1,0000)		0,0265	0,9735		sum(1,0000)		0,0000	1,0000		sum(1,0000)		0,0000	0,0000	1,0000		sum(1,0000)		
1,0000	0,0000		sum(1,0000)		1,0000	0,0000	0,0000	0,0000	0,0000		sum(1,0000)		1,0000	0,0000		sum(1,0000)		1,0000	0,0000	0,0000	0,0000		sum(1,0000)		0,9049	0,0951	0,0000		sum(1,0000)		0,9132	0,0868		sum(1,0000)		0,0000	1,0000		sum(1,0000)		0,0000	0,0000	1,0000		sum(1,0000)		
1,0000	0,0000		sum(1,0000)		1,0000	0,0000	0,0000	0,0000	0,0000		sum(1,0000)		1,0000	0,0000		sum(1,0000)		1,0000	0,0000	0,0000	0,0000		sum(1,0000)		0,6369	0,3631	0,0000		sum(1,0000)		0,5299	0,4701		sum(1,0000)		0,0000	1,0000		sum(1,0000)		0,0000	0,0000	1,0000		sum(1,0000)		

