Total Entropy of dimension on intervals
Dimension:  	0, Interval: 	1, Total Entropy = 	99999999999
Dimension:  	0, Interval: 	2, Total Entropy = 	3,67859679971692
Dimension:  	0, Interval: 	3, Total Entropy = 	2,61396927836922
Dimension:  	0, Interval: 	4, Total Entropy = 	4,95035134646224



Intervals: 
3	3	
Centers
Dimension: 1
0,1970
0,5394
0,8636
		
Number of classes: 
Dimension 0
0 = 3
1 = 5
2 = 4
3 = 3

*****************************************RESULTS***************************************************************
1,0000	0,0000	0,0000		sum(1,0000)		1,0000	0,0000	0,0000		sum(1,0000)		
1,0000	0,0000	0,0000		sum(1,0000)		0,0000	1,0000	0,0000		sum(1,0000)		
1,0000	0,0000	0,0000		sum(1,0000)		1,0000	0,0000	0,0000		sum(1,0000)		
0,7788	0,2212	0,0000		sum(1,0000)		1,0000	0,0000	0,0000		sum(1,0000)		
0,6903	0,3097	0,0000		sum(1,0000)		1,0000	0,0000	0,0000		sum(1,0000)		
0,6018	0,3982	0,0000		sum(1,0000)		1,0000	0,0000	0,0000		sum(1,0000)		
0,3363	0,6637	0,0000		sum(1,0000)		0,0000	1,0000	0,0000		sum(1,0000)		
0,1593	0,8407	0,0000		sum(1,0000)		0,0000	1,0000	0,0000		sum(1,0000)		
0,0000	0,9813	0,0187		sum(1,0000)		0,0000	0,0000	1,0000		sum(1,0000)		
0,0000	0,7944	0,2056		sum(1,0000)		0,0000	1,0000	0,0000		sum(1,0000)		
0,0000	0,7009	0,2991		sum(1,0000)		0,0000	1,0000	0,0000		sum(1,0000)		
0,0000	0,4206	0,5794		sum(1,0000)		0,0000	0,0000	1,0000		sum(1,0000)		
0,0000	0,1402	0,8598		sum(1,0000)		0,0000	0,0000	1,0000		sum(1,0000)		
0,0000	0,0000	1,0000		sum(1,0000)		0,0000	0,0000	1,0000		sum(1,0000)		
0,0000	0,0000	1,0000		sum(1,0000)		0,0000	1,0000	0,0000		sum(1,0000)		

