Total Entropy of dimension on intervals
Dimension:  	0, Interval: 	1, Total Entropy = 	99999999999
Dimension:  	0, Interval: 	2, Total Entropy = 	4,8846493482439
Dimension:  	0, Interval: 	3, Total Entropy = 	7,6232103794469

Dimension:  	1, Interval: 	1, Total Entropy = 	99999999999
Dimension:  	1, Interval: 	2, Total Entropy = 	5,39854994723484
Dimension:  	1, Interval: 	3, Total Entropy = 	9,04677153851349

Dimension:  	2, Interval: 	1, Total Entropy = 	99999999999
Dimension:  	2, Interval: 	2, Total Entropy = 	6,03445960874698
Dimension:  	2, Interval: 	3, Total Entropy = 	9,77639498033679

Dimension:  	3, Interval: 	1, Total Entropy = 	99999999999
Dimension:  	3, Interval: 	2, Total Entropy = 	5,62402245713476
Dimension:  	3, Interval: 	3, Total Entropy = 	8,70161243665036

Dimension:  	4, Interval: 	1, Total Entropy = 	99999999999
Dimension:  	4, Interval: 	2, Total Entropy = 	5,88013100184702
Dimension:  	4, Interval: 	3, Total Entropy = 	9,49365125135024

Dimension:  	5, Interval: 	1, Total Entropy = 	99999999999
Dimension:  	5, Interval: 	2, Total Entropy = 	4,46838507091245
Dimension:  	5, Interval: 	3, Total Entropy = 	7,35921335879324

Dimension:  	6, Interval: 	1, Total Entropy = 	99999999999
Dimension:  	6, Interval: 	2, Total Entropy = 	3,20184848786963
Dimension:  	6, Interval: 	3, Total Entropy = 	5,25238544852091

Dimension:  	7, Interval: 	1, Total Entropy = 	99999999999
Dimension:  	7, Interval: 	2, Total Entropy = 	5,47623641724369
Dimension:  	7, Interval: 	3, Total Entropy = 	9,19356652398696

Dimension:  	8, Interval: 	1, Total Entropy = 	99999999999
Dimension:  	8, Interval: 	2, Total Entropy = 	5,29913792699906
Dimension:  	8, Interval: 	3, Total Entropy = 	8,75420993029916

Dimension:  	9, Interval: 	1, Total Entropy = 	99999999999
Dimension:  	9, Interval: 	2, Total Entropy = 	4,41384837678524
Dimension:  	9, Interval: 	3, Total Entropy = 	7,12312651098742

Dimension:  	10, Interval: 	1, Total Entropy = 	99999999999
Dimension:  	10, Interval: 	2, Total Entropy = 	4,98035922385799
Dimension:  	10, Interval: 	3, Total Entropy = 	7,59147740029707

Dimension:  	11, Interval: 	1, Total Entropy = 	99999999999
Dimension:  	11, Interval: 	2, Total Entropy = 	3,84585658891106
Dimension:  	11, Interval: 	3, Total Entropy = 	6,26885472911403

Dimension:  	12, Interval: 	1, Total Entropy = 	99999999999
Dimension:  	12, Interval: 	2, Total Entropy = 	4,15879449296259
Dimension:  	12, Interval: 	3, Total Entropy = 	5,27634219800381



Intervals: 
3	3	3	3	3	3	3	3	3	3	3	3	3	3	
Centers
Dimension: 1
0,2779
0,5232
0,7550
		Dimension: 2
0,1684
0,4337
0,7145
		Dimension: 3
0,3118
0,5158
0,7064
		Dimension: 4
0,2637
0,4768
0,7140
		Dimension: 5
0,2125
0,4099
0,6814
		Dimension: 6
0,2328
0,5065
0,7205
		Dimension: 7
0,1057
0,3576
0,5791
		Dimension: 8
0,2237
0,4780
0,7796
		Dimension: 9
0,1736
0,4001
0,6840
		Dimension: 10
0,1458
0,3624
0,6693
		Dimension: 11
0,1573
0,4146
0,6262
		Dimension: 12
0,1554
0,5275
0,7656
		Dimension: 13
0,1724
0,4454
0,7352
		
Number of classes: 
Dimension 0
0 = 61
1 = 56
2 = 61

Dimension 1
0 = 110
1 = 39
2 = 29

Dimension 2
0 = 29
1 = 97
2 = 52

Dimension 3
0 = 52
1 = 93
2 = 33

Dimension 4
0 = 96
1 = 69
2 = 13

Dimension 5
0 = 72
1 = 58
2 = 48

Dimension 6
0 = 58
1 = 55
2 = 65

Dimension 7
0 = 77
1 = 60
2 = 41

Dimension 8
0 = 53
1 = 100
2 = 25

Dimension 9
0 = 74
1 = 75
2 = 29

Dimension 10
0 = 52
1 = 85
2 = 41

Dimension 11
0 = 55
1 = 64
2 = 59

Dimension 12
0 = 101
1 = 50
2 = 27

*****************************************RESULTS***************************************************************
0,0000	0,0000	1,0000		sum(1,0000)		0,9121	0,0879	0,0000		sum(1,0000)		0,0000	0,7041	0,2959		sum(1,0000)		1,0000	0,0000	0,0000		sum(1,0000)		0,0000	0,2279	0,7721		sum(1,0000)		0,0000	0,4342	0,5658		sum(1,0000)		0,0000	0,0236	0,9764		sum(1,0000)		0,7668	0,2332	0,0000		sum(1,0000)		0,0000	0,3204	0,6796		sum(1,0000)		0,0000	0,9687	0,0313		sum(1,0000)		0,0000	0,8077	0,1923		sum(1,0000)		0,0000	0,0000	1,0000		sum(1,0000)		0,0000	0,6000	0,4000		sum(1,0000)		1,0000	0,0000	0,0000		sum(1,0000)		
0,0000	0,7937	0,2063		sum(1,0000)		0,8599	0,1401	0,0000		sum(1,0000)		0,4838	0,5162	0,0000		sum(1,0000)		1,0000	0,0000	0,0000		sum(1,0000)		0,4246	0,5754	0,0000		sum(1,0000)		0,0000	0,6760	0,3240		sum(1,0000)		0,0000	0,3093	0,6907		sum(1,0000)		0,9152	0,0848	0,0000		sum(1,0000)		0,5547	0,4453	0,0000		sum(1,0000)		0,4520	0,5480	0,0000		sum(1,0000)		0,0000	0,7693	0,2307		sum(1,0000)		0,0000	0,0000	1,0000		sum(1,0000)		0,0000	0,6369	0,3631		sum(1,0000)		1,0000	0,0000	0,0000		sum(1,0000)		
0,0000	0,8391	0,1609		sum(1,0000)		0,4279	0,5721	0,0000		sum(1,0000)		0,0000	0,0308	0,9692		sum(1,0000)		0,3022	0,6978	0,0000		sum(1,0000)		0,3695	0,6305	0,0000		sum(1,0000)		0,0000	0,4342	0,5658		sum(1,0000)		0,0000	0,0000	1,0000		sum(1,0000)		0,6184	0,3816	0,0000		sum(1,0000)		0,0000	0,0000	1,0000		sum(1,0000)		0,0000	0,9576	0,0424		sum(1,0000)		0,0000	0,8461	0,1539		sum(1,0000)		0,0000	0,2924	0,7076		sum(1,0000)		0,0000	0,3047	0,6953		sum(1,0000)		1,0000	0,0000	0,0000		sum(1,0000)		
0,0000	0,0000	1,0000		sum(1,0000)		0,7333	0,2667	0,0000		sum(1,0000)		0,0000	0,5077	0,4923		sum(1,0000)		0,7376	0,2624	0,0000		sum(1,0000)		0,0000	0,7883	0,2117		sum(1,0000)		0,0000	0,0000	1,0000		sum(1,0000)		0,0000	0,0000	1,0000		sum(1,0000)		1,0000	0,0000	0,0000		sum(1,0000)		0,0000	0,4426	0,5574		sum(1,0000)		0,0000	0,3681	0,6319		sum(1,0000)		0,4106	0,5894	0,0000		sum(1,0000)		0,0000	0,0000	1,0000		sum(1,0000)		0,0000	0,0000	1,0000		sum(1,0000)		1,0000	0,0000	0,0000		sum(1,0000)		
0,0000	0,7482	0,2518		sum(1,0000)		0,2565	0,7435	0,0000		sum(1,0000)		0,0000	0,0000	1,0000		sum(1,0000)		0,0000	0,7500	0,2500		sum(1,0000)		0,0000	0,5881	0,4119		sum(1,0000)		0,0000	0,4342	0,5658		sum(1,0000)		0,0000	0,3760	0,6240		sum(1,0000)		0,0000	0,9583	0,0417		sum(1,0000)		0,0000	0,8425	0,1575		sum(1,0000)		0,4757	0,5243	0,0000		sum(1,0000)		0,0000	0,8077	0,1923		sum(1,0000)		0,0000	0,6617	0,3383		sum(1,0000)		0,4375	0,5625	0,0000		sum(1,0000)		1,0000	0,0000	0,0000		sum(1,0000)		
0,0000	0,0000	1,0000		sum(1,0000)		0,8748	0,1252	0,0000		sum(1,0000)		0,0000	0,6480	0,3520		sum(1,0000)		1,0000	0,0000	0,0000		sum(1,0000)		0,0000	0,8283	0,1717		sum(1,0000)		0,0000	0,0000	1,0000		sum(1,0000)		0,0000	0,0000	1,0000		sum(1,0000)		0,3216	0,6784	0,0000		sum(1,0000)		0,0000	0,6758	0,3242		sum(1,0000)		0,0000	0,6601	0,3399		sum(1,0000)		0,0000	0,7693	0,2307		sum(1,0000)		0,0000	0,7848	0,2152		sum(1,0000)		0,0000	0,0000	1,0000		sum(1,0000)		1,0000	0,0000	0,0000		sum(1,0000)		
0,0000	0,0000	1,0000		sum(1,0000)		0,7929	0,2071	0,0000		sum(1,0000)		0,0000	0,6480	0,3520		sum(1,0000)		1,0000	0,0000	0,0000		sum(1,0000)		0,6449	0,3551	0,0000		sum(1,0000)		0,0000	0,9177	0,0823		sum(1,0000)		0,0000	0,5379	0,4621		sum(1,0000)		0,6184	0,3816	0,0000		sum(1,0000)		0,0000	0,6647	0,3353		sum(1,0000)		0,1093	0,8907	0,0000		sum(1,0000)		0,0000	0,8846	0,1154		sum(1,0000)		0,0000	0,0000	1,0000		sum(1,0000)		0,0000	0,0462	0,9538		sum(1,0000)		1,0000	0,0000	0,0000		sum(1,0000)		
0,0000	0,0000	1,0000		sum(1,0000)		0,5843	0,4157	0,0000		sum(1,0000)		0,0000	0,1991	0,8009		sum(1,0000)		0,5441	0,4559	0,0000		sum(1,0000)		0,0000	0,4680	0,5320		sum(1,0000)		0,0000	0,7566	0,2434		sum(1,0000)		0,0000	0,5475	0,4525		sum(1,0000)		0,5442	0,4558	0,0000		sum(1,0000)		0,5965	0,4035	0,0000		sum(1,0000)		0,1881	0,8119	0,0000		sum(1,0000)		0,0000	0,7309	0,2691		sum(1,0000)		0,0000	0,0000	1,0000		sum(1,0000)		0,0000	0,0339	0,9661		sum(1,0000)		1,0000	0,0000	0,0000		sum(1,0000)		
0,0000	0,0000	1,0000		sum(1,0000)		0,9642	0,0358	0,0000		sum(1,0000)		0,4051	0,5949	0,0000		sum(1,0000)		1,0000	0,0000	0,0000		sum(1,0000)		0,5898	0,4102	0,0000		sum(1,0000)		0,0000	0,4342	0,5658		sum(1,0000)		0,0000	0,0998	0,9002		sum(1,0000)		0,6926	0,3074	0,0000		sum(1,0000)		0,0000	0,6647	0,3353		sum(1,0000)		0,1290	0,8710	0,0000		sum(1,0000)		0,0000	0,6541	0,3459		sum(1,0000)		0,0000	0,7848	0,2152		sum(1,0000)		0,0000	0,6493	0,3507		sum(1,0000)		1,0000	0,0000	0,0000		sum(1,0000)		
0,0000	0,0445	0,9555		sum(1,0000)		1,0000	0,0000	0,0000		sum(1,0000)		0,1430	0,8570	0,0000		sum(1,0000)		0,9312	0,0688	0,0000		sum(1,0000)		0,5348	0,4652	0,0000		sum(1,0000)		0,0000	0,1441	0,8559		sum(1,0000)		0,0000	0,0000	1,0000		sum(1,0000)		1,0000	0,0000	0,0000		sum(1,0000)		0,0000	0,8092	0,1908		sum(1,0000)		0,0000	0,5294	0,4706		sum(1,0000)		0,0000	0,9230	0,0770		sum(1,0000)		0,0000	0,0000	1,0000		sum(1,0000)		0,0000	0,6493	0,3507		sum(1,0000)		1,0000	0,0000	0,0000		sum(1,0000)		
0,0000	0,0000	1,0000		sum(1,0000)		0,5769	0,4231	0,0000		sum(1,0000)		0,0643	0,9357	0,0000		sum(1,0000)		0,4474	0,5526	0,0000		sum(1,0000)		0,1493	0,8507	0,0000		sum(1,0000)		0,0000	0,1924	0,8076		sum(1,0000)		0,0000	0,0000	1,0000		sum(1,0000)		1,0000	0,0000	0,0000		sum(1,0000)		0,0000	0,2204	0,7796		sum(1,0000)		0,0000	0,9381	0,0619		sum(1,0000)		0,0000	0,0009	0,9991		sum(1,0000)		0,0000	0,2924	0,7076		sum(1,0000)		0,0000	0,0000	1,0000		sum(1,0000)		1,0000	0,0000	0,0000		sum(1,0000)		
0,0000	0,0000	1,0000		sum(1,0000)		1,0000	0,0000	0,0000		sum(1,0000)		0,0119	0,9881	0,0000		sum(1,0000)		0,7376	0,2624	0,0000		sum(1,0000)		0,7000	0,3000	0,0000		sum(1,0000)		0,3136	0,6864	0,0000		sum(1,0000)		0,0000	0,6237	0,3763		sum(1,0000)		0,9152	0,0848	0,0000		sum(1,0000)		0,1507	0,8493	0,0000		sum(1,0000)		0,2078	0,7922	0,0000		sum(1,0000)		0,0000	0,3083	0,6917		sum(1,0000)		0,0000	0,8310	0,1690		sum(1,0000)		0,0000	0,0708	0,9292		sum(1,0000)		1,0000	0,0000	0,0000		sum(1,0000)		
0,0000	0,1693	0,8307		sum(1,0000)		0,8972	0,1028	0,0000		sum(1,0000)		0,0000	0,7602	0,2398		sum(1,0000)		0,9312	0,0688	0,0000		sum(1,0000)		1,0000	0,0000	0,0000		sum(1,0000)		0,0000	0,7566	0,2434		sum(1,0000)		0,0000	0,3093	0,6907		sum(1,0000)		0,6926	0,3074	0,0000		sum(1,0000)		0,0000	0,8536	0,1464		sum(1,0000)		0,0000	0,9798	0,0202		sum(1,0000)		0,0000	0,3851	0,6149		sum(1,0000)		0,0000	0,7079	0,2921		sum(1,0000)		0,0000	0,0000	1,0000		sum(1,0000)		1,0000	0,0000	0,0000		sum(1,0000)		
0,0000	0,0000	1,0000		sum(1,0000)		0,8972	0,1028	0,0000		sum(1,0000)		0,0000	0,8163	0,1837		sum(1,0000)		1,0000	0,0000	0,0000		sum(1,0000)		0,9203	0,0797	0,0000		sum(1,0000)		0,0000	0,0000	1,0000		sum(1,0000)		0,0000	0,0000	1,0000		sum(1,0000)		0,0000	0,7080	0,2920		sum(1,0000)		0,0000	0,0000	1,0000		sum(1,0000)		0,0502	0,9498	0,0000		sum(1,0000)		0,0000	0,0009	0,9991		sum(1,0000)		0,0000	0,9695	0,0305		sum(1,0000)		0,0000	0,3908	0,6092		sum(1,0000)		1,0000	0,0000	0,0000		sum(1,0000)		
0,0000	0,0000	1,0000		sum(1,0000)		0,7929	0,2071	0,0000		sum(1,0000)		0,0000	0,8444	0,1556		sum(1,0000)		1,0000	0,0000	0,0000		sum(1,0000)		0,3145	0,6855	0,0000		sum(1,0000)		0,0000	0,0000	1,0000		sum(1,0000)		0,0000	0,0000	1,0000		sum(1,0000)		0,6926	0,3074	0,0000		sum(1,0000)		0,0000	0,0000	1,0000		sum(1,0000)		0,0000	0,4515	0,5485		sum(1,0000)		0,0000	0,1930	0,8070		sum(1,0000)		0,0000	0,5540	0,4460		sum(1,0000)		0,0000	0,0000	1,0000		sum(1,0000)		1,0000	0,0000	0,0000		sum(1,0000)		
0,0000	0,3056	0,6944		sum(1,0000)		0,8376	0,1624	0,0000		sum(1,0000)		0,0000	0,0000	1,0000		sum(1,0000)		0,6409	0,3591	0,0000		sum(1,0000)		0,0000	0,8283	0,1717		sum(1,0000)		0,0000	0,3536	0,6464		sum(1,0000)		0,0000	0,1665	0,8335		sum(1,0000)		0,6184	0,3816	0,0000		sum(1,0000)		0,3040	0,6960	0,0000		sum(1,0000)		0,0000	0,5071	0,4929		sum(1,0000)		0,0000	0,0000	1,0000		sum(1,0000)		0,0000	0,7386	0,2614		sum(1,0000)		0,0000	0,0000	1,0000		sum(1,0000)		1,0000	0,0000	0,0000		sum(1,0000)		
0,0000	0,0000	1,0000		sum(1,0000)		0,7557	0,2443	0,0000		sum(1,0000)		0,0000	0,0000	1,0000		sum(1,0000)		0,0000	0,9673	0,0327		sum(1,0000)		0,0000	0,5081	0,4919		sum(1,0000)		0,0000	0,4342	0,5658		sum(1,0000)		0,0000	0,0000	1,0000		sum(1,0000)		0,3958	0,6042	0,0000		sum(1,0000)		0,0000	0,6758	0,3242		sum(1,0000)		0,0000	0,8130	0,1870		sum(1,0000)		0,0000	0,6925	0,3075		sum(1,0000)		0,0592	0,9408	0,0000		sum(1,0000)		0,0000	0,0708	0,9292		sum(1,0000)		1,0000	0,0000	0,0000		sum(1,0000)		
0,0000	0,0785	0,9215		sum(1,0000)		1,0000	0,0000	0,0000		sum(1,0000)		0,0000	0,1710	0,8290		sum(1,0000)		0,0000	0,9673	0,0327		sum(1,0000)		0,0000	0,7082	0,2918		sum(1,0000)		0,0000	0,1924	0,8076		sum(1,0000)		0,0000	0,0000	1,0000		sum(1,0000)		0,0000	0,8957	0,1043		sum(1,0000)		0,0000	0,9536	0,0464		sum(1,0000)		0,0000	0,7018	0,2982		sum(1,0000)		0,0000	0,4620	0,5380		sum(1,0000)		0,1380	0,8620	0,0000		sum(1,0000)		0,0000	0,4400	0,5600		sum(1,0000)		1,0000	0,0000	0,0000		sum(1,0000)		
0,0000	0,0000	1,0000		sum(1,0000)		1,0000	0,0000	0,0000		sum(1,0000)		0,0000	0,5638	0,4362		sum(1,0000)		0,8102	0,1898	0,0000		sum(1,0000)		0,0000	0,9884	0,0116		sum(1,0000)		0,0000	0,0000	1,0000		sum(1,0000)		0,0000	0,0000	1,0000		sum(1,0000)		0,4700	0,5300	0,0000		sum(1,0000)		0,0000	0,7980	0,2020		sum(1,0000)		0,0000	0,1178	0,8822		sum(1,0000)		0,0000	0,0778	0,9222		sum(1,0000)		0,0000	0,8310	0,1690		sum(1,0000)		0,0000	0,0000	1,0000		sum(1,0000)		1,0000	0,0000	0,0000		sum(1,0000)		
0,0000	0,2942	0,7058		sum(1,0000)		0,0000	0,8834	0,1166		sum(1,0000)		0,0000	0,3394	0,6606		sum(1,0000)		1,0000	0,0000	0,0000		sum(1,0000)		0,0000	0,6682	0,3318		sum(1,0000)		0,0000	0,5954	0,4046		sum(1,0000)		0,0000	0,0522	0,9478		sum(1,0000)		1,0000	0,0000	0,0000		sum(1,0000)		0,0254	0,9746	0,0000		sum(1,0000)		0,1684	0,8316	0,0000		sum(1,0000)		0,0946	0,9054	0,0000		sum(1,0000)		0,0000	0,0000	1,0000		sum(1,0000)		0,1502	0,8498	0,0000		sum(1,0000)		1,0000	0,0000	0,0000		sum(1,0000)		
0,0000	0,0000	1,0000		sum(1,0000)		0,9717	0,0283	0,0000		sum(1,0000)		0,1168	0,8832	0,0000		sum(1,0000)		0,9312	0,0688	0,0000		sum(1,0000)		0,0000	0,2679	0,7321		sum(1,0000)		0,0000	0,1118	0,8882		sum(1,0000)		0,0000	0,0000	1,0000		sum(1,0000)		1,0000	0,0000	0,0000		sum(1,0000)		0,0000	0,5314	0,4686		sum(1,0000)		0,0000	0,9659	0,0341		sum(1,0000)		0,0000	0,6156	0,3844		sum(1,0000)		0,0000	0,0000	1,0000		sum(1,0000)		0,3200	0,6800	0,0000		sum(1,0000)		1,0000	0,0000	0,0000		sum(1,0000)		
0,0946	0,9054	0,0000		sum(1,0000)		0,0000	0,3909	0,6091		sum(1,0000)		0,0000	0,0869	0,9131		sum(1,0000)		0,3022	0,6978	0,0000		sum(1,0000)		0,3145	0,6855	0,0000		sum(1,0000)		0,0491	0,9509	0,0000		sum(1,0000)		0,0000	0,6427	0,3573		sum(1,0000)		0,9894	0,0106	0,0000		sum(1,0000)		0,0000	0,6647	0,3353		sum(1,0000)		0,4048	0,5952	0,0000		sum(1,0000)		0,0000	0,8461	0,1539		sum(1,0000)		0,0000	0,0000	1,0000		sum(1,0000)		0,3461	0,6539	0,0000		sum(1,0000)		1,0000	0,0000	0,0000		sum(1,0000)		
0,0000	0,2147	0,7853		sum(1,0000)		0,8004	0,1996	0,0000		sum(1,0000)		0,0000	0,9005	0,0995		sum(1,0000)		0,7860	0,2140	0,0000		sum(1,0000)		0,3695	0,6305	0,0000		sum(1,0000)		0,0000	0,7404	0,2596		sum(1,0000)		0,0000	0,1950	0,8050		sum(1,0000)		0,8410	0,1590	0,0000		sum(1,0000)		0,0000	0,9869	0,0131		sum(1,0000)		0,6805	0,3195	0,0000		sum(1,0000)		0,0000	0,5388	0,4612		sum(1,0000)		0,0000	0,0000	1,0000		sum(1,0000)		0,0000	0,6739	0,3261		sum(1,0000)		1,0000	0,0000	0,0000		sum(1,0000)		
0,1804	0,8196	0,0000		sum(1,0000)		0,9940	0,0060	0,0000		sum(1,0000)		0,0000	0,4516	0,5484		sum(1,0000)		0,4957	0,5043	0,0000		sum(1,0000)		0,7000	0,3000	0,0000		sum(1,0000)		0,0000	0,9500	0,0500		sum(1,0000)		0,0000	0,6808	0,3192		sum(1,0000)		0,9152	0,0848	0,0000		sum(1,0000)		0,3040	0,6960	0,0000		sum(1,0000)		0,6293	0,3707	0,0000		sum(1,0000)		0,0000	0,6156	0,3844		sum(1,0000)		0,0000	0,0000	1,0000		sum(1,0000)		0,0000	0,7231	0,2769		sum(1,0000)		1,0000	0,0000	0,0000		sum(1,0000)		
0,0000	0,4531	0,5469		sum(1,0000)		0,8376	0,1624	0,0000		sum(1,0000)		0,0000	0,1991	0,8009		sum(1,0000)		0,0000	0,9673	0,0327		sum(1,0000)		0,6449	0,3551	0,0000		sum(1,0000)		0,0000	0,8694	0,1306		sum(1,0000)		0,0000	0,4522	0,5478		sum(1,0000)		0,7668	0,2332	0,0000		sum(1,0000)		0,0254	0,9746	0,0000		sum(1,0000)		0,7908	0,2092	0,0000		sum(1,0000)		0,0000	0,5004	0,4996		sum(1,0000)		0,0000	0,0000	1,0000		sum(1,0000)		0,1502	0,8498	0,0000		sum(1,0000)		1,0000	0,0000	0,0000		sum(1,0000)		
0,0000	0,9639	0,0361		sum(1,0000)		0,6588	0,3412	0,0000		sum(1,0000)		0,0000	0,0000	1,0000		sum(1,0000)		0,0000	0,0000	1,0000		sum(1,0000)		0,0000	0,3479	0,6521		sum(1,0000)		0,0000	0,7082	0,2918		sum(1,0000)		0,0000	0,3855	0,6145		sum(1,0000)		0,0000	0,4578	0,5422		sum(1,0000)		0,0000	0,7314	0,2686		sum(1,0000)		0,7672	0,2328	0,0000		sum(1,0000)		0,0000	0,4620	0,5380		sum(1,0000)		0,0000	0,2462	0,7538		sum(1,0000)		0,1894	0,8106	0,0000		sum(1,0000)		1,0000	0,0000	0,0000		sum(1,0000)		
0,0000	0,5780	0,4220		sum(1,0000)		0,8674	0,1326	0,0000		sum(1,0000)		0,0000	0,1710	0,8290		sum(1,0000)		0,9070	0,0930	0,0000		sum(1,0000)		0,8101	0,1899	0,0000		sum(1,0000)		0,0000	0,3536	0,6464		sum(1,0000)		0,0000	0,1379	0,8621		sum(1,0000)		0,3216	0,6784	0,0000		sum(1,0000)		0,3179	0,6821	0,0000		sum(1,0000)		0,2866	0,7134	0,0000		sum(1,0000)		0,2210	0,7790	0,0000		sum(1,0000)		0,0000	0,2154	0,7846		sum(1,0000)		0,0000	0,2800	0,7200		sum(1,0000)		1,0000	0,0000	0,0000		sum(1,0000)		
0,0000	0,6801	0,3199		sum(1,0000)		0,9046	0,0954	0,0000		sum(1,0000)		0,4838	0,5162	0,0000		sum(1,0000)		0,6893	0,3107	0,0000		sum(1,0000)		0,7550	0,2450	0,0000		sum(1,0000)		0,0617	0,9383	0,0000		sum(1,0000)		0,0000	0,8523	0,1477		sum(1,0000)		0,8410	0,1590	0,0000		sum(1,0000)		0,4572	0,5428	0,0000		sum(1,0000)		0,6214	0,3786	0,0000		sum(1,0000)		0,0000	0,8846	0,1154		sum(1,0000)		0,0000	0,9079	0,0921		sum(1,0000)		0,0000	0,0585	0,9415		sum(1,0000)		1,0000	0,0000	0,0000		sum(1,0000)		
0,0000	0,0331	0,9669		sum(1,0000)		0,7706	0,2294	0,0000		sum(1,0000)		0,0000	0,0000	1,0000		sum(1,0000)		0,1087	0,8913	0,0000		sum(1,0000)		0,0391	0,9609	0,0000		sum(1,0000)		0,0000	0,1924	0,8076		sum(1,0000)		0,0000	0,1093	0,8907		sum(1,0000)		0,0989	0,9011	0,0000		sum(1,0000)		0,0000	0,9091	0,0909		sum(1,0000)		0,4048	0,5952	0,0000		sum(1,0000)		0,0000	0,0009	0,9991		sum(1,0000)		0,0000	0,0000	1,0000		sum(1,0000)		0,0000	0,9692	0,0308		sum(1,0000)		1,0000	0,0000	0,0000		sum(1,0000)		
0,0000	0,0000	1,0000		sum(1,0000)		0,9344	0,0656	0,0000		sum(1,0000)		0,3003	0,6997	0,0000		sum(1,0000)		0,9312	0,0688	0,0000		sum(1,0000)		0,6449	0,3551	0,0000		sum(1,0000)		0,0000	0,6760	0,3240		sum(1,0000)		0,0000	0,7189	0,2811		sum(1,0000)		0,9152	0,0848	0,0000		sum(1,0000)		0,0000	0,6647	0,3353		sum(1,0000)		0,3260	0,6740	0,0000		sum(1,0000)		0,0000	0,8077	0,1923		sum(1,0000)		0,0000	0,0000	1,0000		sum(1,0000)		0,0000	0,6739	0,3261		sum(1,0000)		1,0000	0,0000	0,0000		sum(1,0000)		
0,0000	0,1920	0,8080		sum(1,0000)		1,0000	0,0000	0,0000		sum(1,0000)		0,0000	0,0000	1,0000		sum(1,0000)		0,0000	0,4241	0,5759		sum(1,0000)		0,3695	0,6305	0,0000		sum(1,0000)		0,0000	0,1118	0,8882		sum(1,0000)		0,0000	0,0000	1,0000		sum(1,0000)		0,6926	0,3074	0,0000		sum(1,0000)		0,0000	0,2204	0,7796		sum(1,0000)		0,0000	0,9520	0,0480		sum(1,0000)		0,0000	0,2314	0,7686		sum(1,0000)		0,0002	0,9998	0,0000		sum(1,0000)		0,0000	0,0585	0,9415		sum(1,0000)		1,0000	0,0000	0,0000		sum(1,0000)		
0,0000	0,3623	0,6377		sum(1,0000)		0,9493	0,0507	0,0000		sum(1,0000)		0,0000	0,9005	0,0995		sum(1,0000)		0,1813	0,8187	0,0000		sum(1,0000)		0,0942	0,9058	0,0000		sum(1,0000)		0,0000	0,3375	0,6625		sum(1,0000)		0,0000	0,0000	1,0000		sum(1,0000)		1,0000	0,0000	0,0000		sum(1,0000)		0,0000	0,6981	0,3019		sum(1,0000)		0,0000	0,6184	0,3816		sum(1,0000)		0,0000	0,6156	0,3844		sum(1,0000)		0,0000	0,7386	0,2614		sum(1,0000)		0,0000	0,0000	1,0000		sum(1,0000)		1,0000	0,0000	0,0000		sum(1,0000)		
0,0000	0,2488	0,7512		sum(1,0000)		0,8227	0,1773	0,0000		sum(1,0000)		0,0000	0,9005	0,0995		sum(1,0000)		0,6409	0,3591	0,0000		sum(1,0000)		0,2043	0,7957	0,0000		sum(1,0000)		0,0365	0,9635	0,0000		sum(1,0000)		0,0000	0,3760	0,6240		sum(1,0000)		0,0000	0,7706	0,2294		sum(1,0000)		0,0000	0,6758	0,3242		sum(1,0000)		0,6648	0,3352	0,0000		sum(1,0000)		0,0000	0,0778	0,9222		sum(1,0000)		0,0000	0,7540	0,2460		sum(1,0000)		0,0000	0,7846	0,2154		sum(1,0000)		1,0000	0,0000	0,0000		sum(1,0000)		
0,0000	0,1580	0,8420		sum(1,0000)		1,0000	0,0000	0,0000		sum(1,0000)		0,0000	0,0000	1,0000		sum(1,0000)		0,0845	0,9155	0,0000		sum(1,0000)		0,0000	0,0277	0,9723		sum(1,0000)		0,0000	0,1924	0,8076		sum(1,0000)		0,0000	0,3284	0,6716		sum(1,0000)		0,0000	0,2701	0,7299		sum(1,0000)		0,4572	0,5428	0,0000		sum(1,0000)		0,0502	0,9498	0,0000		sum(1,0000)		0,0000	0,0009	0,9991		sum(1,0000)		0,0000	0,5540	0,4460		sum(1,0000)		0,0000	0,1816	0,8184		sum(1,0000)		1,0000	0,0000	0,0000		sum(1,0000)		
0,0000	0,4418	0,5582		sum(1,0000)		0,8450	0,1550	0,0000		sum(1,0000)		0,0000	0,0869	0,9131		sum(1,0000)		0,2055	0,7945	0,0000		sum(1,0000)		0,0000	0,9083	0,0917		sum(1,0000)		0,1246	0,8754	0,0000		sum(1,0000)		0,0000	0,5284	0,4716		sum(1,0000)		0,6926	0,3074	0,0000		sum(1,0000)		0,1925	0,8075	0,0000		sum(1,0000)		0,5230	0,4770	0,0000		sum(1,0000)		0,0000	0,5772	0,4228		sum(1,0000)		0,0000	0,7540	0,2460		sum(1,0000)		0,0000	0,5262	0,4738		sum(1,0000)		1,0000	0,0000	0,0000		sum(1,0000)		
0,0000	0,4758	0,5242		sum(1,0000)		0,8376	0,1624	0,0000		sum(1,0000)		0,0000	0,7602	0,2398		sum(1,0000)		0,0000	0,8586	0,1414		sum(1,0000)		0,4246	0,5754	0,0000		sum(1,0000)		0,0000	0,5954	0,4046		sum(1,0000)		0,0000	0,0998	0,9002		sum(1,0000)		0,9152	0,0848	0,0000		sum(1,0000)		0,0000	0,7980	0,2020		sum(1,0000)		0,1684	0,8316	0,0000		sum(1,0000)		0,0000	0,8077	0,1923		sum(1,0000)		0,0000	0,0000	1,0000		sum(1,0000)		0,0000	0,9569	0,0431		sum(1,0000)		1,0000	0,0000	0,0000		sum(1,0000)		
0,0000	0,7028	0,2972		sum(1,0000)		0,9642	0,0358	0,0000		sum(1,0000)		0,0000	0,0000	1,0000		sum(1,0000)		1,0000	0,0000	0,0000		sum(1,0000)		0,0000	0,9083	0,0917		sum(1,0000)		0,0000	0,7566	0,2434		sum(1,0000)		0,0000	0,3855	0,6145		sum(1,0000)		0,3216	0,6784	0,0000		sum(1,0000)		0,4433	0,5567	0,0000		sum(1,0000)		0,3654	0,6346	0,0000		sum(1,0000)		0,0000	0,6156	0,3844		sum(1,0000)		0,0000	0,8925	0,1075		sum(1,0000)		0,0588	0,9412	0,0000		sum(1,0000)		1,0000	0,0000	0,0000		sum(1,0000)		
0,0000	0,9639	0,0361		sum(1,0000)		0,9568	0,0432	0,0000		sum(1,0000)		0,0000	0,3674	0,6326		sum(1,0000)		0,4474	0,5526	0,0000		sum(1,0000)		0,5348	0,4652	0,0000		sum(1,0000)		0,0000	0,9983	0,0017		sum(1,0000)		0,0000	0,6237	0,3763		sum(1,0000)		0,6926	0,3074	0,0000		sum(1,0000)		0,3318	0,6682	0,0000		sum(1,0000)		0,5033	0,4967	0,0000		sum(1,0000)		0,0000	0,5004	0,4996		sum(1,0000)		0,1970	0,8030	0,0000		sum(1,0000)		0,0000	0,5016	0,4984		sum(1,0000)		1,0000	0,0000	0,0000		sum(1,0000)		
0,0000	0,9412	0,0588		sum(1,0000)		1,0000	0,0000	0,0000		sum(1,0000)		0,5887	0,4113	0,0000		sum(1,0000)		1,0000	0,0000	0,0000		sum(1,0000)		0,5348	0,4652	0,0000		sum(1,0000)		0,0617	0,9383	0,0000		sum(1,0000)		0,0000	0,4236	0,5764		sum(1,0000)		0,7668	0,2332	0,0000		sum(1,0000)		0,4294	0,5706	0,0000		sum(1,0000)		0,7199	0,2801	0,0000		sum(1,0000)		0,0000	0,2699	0,7301		sum(1,0000)		0,0198	0,9802	0,0000		sum(1,0000)		0,0000	0,7108	0,2892		sum(1,0000)		1,0000	0,0000	0,0000		sum(1,0000)		
0,0000	0,0000	1,0000		sum(1,0000)		0,0000	0,2572	0,7428		sum(1,0000)		0,0000	0,4797	0,5203		sum(1,0000)		1,0000	0,0000	0,0000		sum(1,0000)		0,0000	0,1878	0,8122		sum(1,0000)		0,0000	0,1118	0,8882		sum(1,0000)		0,0000	0,0426	0,9574		sum(1,0000)		1,0000	0,0000	0,0000		sum(1,0000)		0,0000	0,5537	0,4463		sum(1,0000)		0,1684	0,8316	0,0000		sum(1,0000)		0,3158	0,6842	0,0000		sum(1,0000)		0,0000	0,0000	1,0000		sum(1,0000)		0,3722	0,6278	0,0000		sum(1,0000)		1,0000	0,0000	0,0000		sum(1,0000)		
0,0000	0,3850	0,6150		sum(1,0000)		0,9121	0,0879	0,0000		sum(1,0000)		0,0381	0,9619	0,0000		sum(1,0000)		0,8828	0,1172	0,0000		sum(1,0000)		0,0000	0,6281	0,3719		sum(1,0000)		0,0000	0,0000	1,0000		sum(1,0000)		0,0000	0,0000	1,0000		sum(1,0000)		0,3216	0,6784	0,0000		sum(1,0000)		0,0000	0,2648	0,7352		sum(1,0000)		0,0000	0,8325	0,1675		sum(1,0000)		0,1262	0,8738	0,0000		sum(1,0000)		0,0000	0,0000	1,0000		sum(1,0000)		0,2808	0,7192	0,0000		sum(1,0000)		1,0000	0,0000	0,0000		sum(1,0000)		
0,0000	0,5553	0,4447		sum(1,0000)		0,0000	0,3627	0,6373		sum(1,0000)		0,5362	0,4638	0,0000		sum(1,0000)		0,2539	0,7461	0,0000		sum(1,0000)		0,9753	0,0247	0,0000		sum(1,0000)		0,0000	0,9983	0,0017		sum(1,0000)		0,0000	0,3855	0,6145		sum(1,0000)		0,8410	0,1590	0,0000		sum(1,0000)		0,2761	0,7239	0,0000		sum(1,0000)		0,4914	0,5086	0,0000		sum(1,0000)		0,2526	0,7474	0,0000		sum(1,0000)		0,0000	0,5540	0,4460		sum(1,0000)		0,0000	0,6739	0,3261		sum(1,0000)		1,0000	0,0000	0,0000		sum(1,0000)		
0,0000	0,0218	0,9782		sum(1,0000)		0,7780	0,2220	0,0000		sum(1,0000)		0,0000	0,2552	0,7448		sum(1,0000)		1,0000	0,0000	0,0000		sum(1,0000)		0,3695	0,6305	0,0000		sum(1,0000)		0,0000	0,0000	1,0000		sum(1,0000)		0,0000	0,0000	1,0000		sum(1,0000)		1,0000	0,0000	0,0000		sum(1,0000)		0,0000	0,9758	0,0242		sum(1,0000)		0,0384	0,9616	0,0000		sum(1,0000)		0,3474	0,6526	0,0000		sum(1,0000)		0,0000	0,0000	1,0000		sum(1,0000)		0,0000	0,5262	0,4738		sum(1,0000)		1,0000	0,0000	0,0000		sum(1,0000)		
0,0000	0,7482	0,2518		sum(1,0000)		0,0000	0,2642	0,7358		sum(1,0000)		0,0905	0,9095	0,0000		sum(1,0000)		0,5683	0,4317	0,0000		sum(1,0000)		0,2594	0,7406	0,0000		sum(1,0000)		0,0000	0,6921	0,3079		sum(1,0000)		0,0000	0,4332	0,5668		sum(1,0000)		0,4700	0,5300	0,0000		sum(1,0000)		0,0254	0,9746	0,0000		sum(1,0000)		0,4599	0,5401	0,0000		sum(1,0000)		0,5370	0,4630	0,0000		sum(1,0000)		0,0000	0,5540	0,4460		sum(1,0000)		0,5812	0,4188	0,0000		sum(1,0000)		1,0000	0,0000	0,0000		sum(1,0000)		
0,0000	0,9639	0,0361		sum(1,0000)		0,8674	0,1326	0,0000		sum(1,0000)		0,5887	0,4113	0,0000		sum(1,0000)		0,6893	0,3107	0,0000		sum(1,0000)		0,0391	0,9609	0,0000		sum(1,0000)		0,0000	0,1118	0,8882		sum(1,0000)		0,0000	0,0807	0,9193		sum(1,0000)		0,7668	0,2332	0,0000		sum(1,0000)		0,0000	0,6092	0,3908		sum(1,0000)		0,1920	0,8080	0,0000		sum(1,0000)		0,3474	0,6526	0,0000		sum(1,0000)		0,0000	0,0154	0,9846		sum(1,0000)		0,0457	0,9543	0,0000		sum(1,0000)		1,0000	0,0000	0,0000		sum(1,0000)		
0,0000	0,0000	1,0000		sum(1,0000)		0,0000	0,2220	0,7780		sum(1,0000)		0,0000	0,6761	0,3239		sum(1,0000)		0,2297	0,7703	0,0000		sum(1,0000)		0,0000	0,8683	0,1317		sum(1,0000)		0,0000	0,3536	0,6464		sum(1,0000)		0,0000	0,4141	0,5859		sum(1,0000)		0,6184	0,3816	0,0000		sum(1,0000)		0,5965	0,4035	0,0000		sum(1,0000)		0,1132	0,8868	0,0000		sum(1,0000)		0,3790	0,6210	0,0000		sum(1,0000)		0,0000	0,0462	0,9538		sum(1,0000)		0,0000	0,5631	0,4369		sum(1,0000)		1,0000	0,0000	0,0000		sum(1,0000)		
0,0000	0,0000	1,0000		sum(1,0000)		0,0000	0,5387	0,4613		sum(1,0000)		0,1168	0,8832	0,0000		sum(1,0000)		0,9312	0,0688	0,0000		sum(1,0000)		0,3145	0,6855	0,0000		sum(1,0000)		0,0000	0,0000	1,0000		sum(1,0000)		0,0000	0,0000	1,0000		sum(1,0000)		0,8410	0,1590	0,0000		sum(1,0000)		0,0000	0,4315	0,5685		sum(1,0000)		0,2472	0,7528	0,0000		sum(1,0000)		0,0000	0,8077	0,1923		sum(1,0000)		0,0000	0,0000	1,0000		sum(1,0000)		0,0000	0,6000	0,4000		sum(1,0000)		1,0000	0,0000	0,0000		sum(1,0000)		
0,0000	0,0000	1,0000		sum(1,0000)		0,9344	0,0656	0,0000		sum(1,0000)		0,5362	0,4638	0,0000		sum(1,0000)		0,9312	0,0688	0,0000		sum(1,0000)		0,3695	0,6305	0,0000		sum(1,0000)		0,0000	0,0000	1,0000		sum(1,0000)		0,0000	0,0000	1,0000		sum(1,0000)		1,0000	0,0000	0,0000		sum(1,0000)		0,0000	0,4870	0,5130		sum(1,0000)		0,0000	0,8408	0,1592		sum(1,0000)		0,2526	0,7474	0,0000		sum(1,0000)		0,0000	0,0462	0,9538		sum(1,0000)		0,0000	0,7969	0,2031		sum(1,0000)		1,0000	0,0000	0,0000		sum(1,0000)		
0,0000	0,0000	1,0000		sum(1,0000)		0,6812	0,3188	0,0000		sum(1,0000)		0,0000	0,7883	0,2117		sum(1,0000)		0,2539	0,7461	0,0000		sum(1,0000)		0,2594	0,7406	0,0000		sum(1,0000)		0,0000	0,5148	0,4852		sum(1,0000)		0,0000	0,1569	0,8431		sum(1,0000)		0,4700	0,5300	0,0000		sum(1,0000)		0,0000	0,2204	0,7796		sum(1,0000)		0,0000	0,8130	0,1870		sum(1,0000)		0,0000	0,6925	0,3075		sum(1,0000)		0,0000	0,9387	0,0613		sum(1,0000)		0,0000	0,6123	0,3877		sum(1,0000)		1,0000	0,0000	0,0000		sum(1,0000)		
0,0000	0,0000	1,0000		sum(1,0000)		0,8972	0,1028	0,0000		sum(1,0000)		0,1430	0,8570	0,0000		sum(1,0000)		0,5925	0,4075	0,0000		sum(1,0000)		0,0000	0,9884	0,0116		sum(1,0000)		0,0000	0,3052	0,6948		sum(1,0000)		0,0000	0,0000	1,0000		sum(1,0000)		0,4700	0,5300	0,0000		sum(1,0000)		0,0000	0,5537	0,4463		sum(1,0000)		0,0000	0,0622	0,9378		sum(1,0000)		0,0000	0,5004	0,4996		sum(1,0000)		0,0000	0,4001	0,5999		sum(1,0000)		0,0000	0,1201	0,8799		sum(1,0000)		1,0000	0,0000	0,0000		sum(1,0000)		
0,0000	0,9639	0,0361		sum(1,0000)		0,8972	0,1028	0,0000		sum(1,0000)		0,7460	0,2540	0,0000		sum(1,0000)		1,0000	0,0000	0,0000		sum(1,0000)		0,8652	0,1348	0,0000		sum(1,0000)		0,0000	0,5631	0,4369		sum(1,0000)		0,0000	0,0000	1,0000		sum(1,0000)		1,0000	0,0000	0,0000		sum(1,0000)		0,0000	0,0000	1,0000		sum(1,0000)		0,0000	0,5349	0,4651		sum(1,0000)		0,0000	0,5004	0,4996		sum(1,0000)		0,0000	0,6925	0,3075		sum(1,0000)		0,0000	0,3908	0,6092		sum(1,0000)		1,0000	0,0000	0,0000		sum(1,0000)		
0,0000	0,0785	0,9215		sum(1,0000)		0,9568	0,0432	0,0000		sum(1,0000)		0,0000	0,2271	0,7729		sum(1,0000)		0,6409	0,3591	0,0000		sum(1,0000)		0,7550	0,2450	0,0000		sum(1,0000)		0,0000	0,9983	0,0017		sum(1,0000)		0,0000	0,0903	0,9097		sum(1,0000)		1,0000	0,0000	0,0000		sum(1,0000)		0,0000	0,3204	0,6796		sum(1,0000)		0,0000	0,9798	0,0202		sum(1,0000)		0,0000	0,0394	0,9606		sum(1,0000)		0,0000	0,0000	1,0000		sum(1,0000)		0,0000	0,1078	0,8922		sum(1,0000)		1,0000	0,0000	0,0000		sum(1,0000)		
0,0000	0,0899	0,9101		sum(1,0000)		0,8823	0,1177	0,0000		sum(1,0000)		0,0000	0,7322	0,2678		sum(1,0000)		1,0000	0,0000	0,0000		sum(1,0000)		0,0000	0,8683	0,1317		sum(1,0000)		0,0000	0,0000	1,0000		sum(1,0000)		0,0000	0,0000	1,0000		sum(1,0000)		0,4700	0,5300	0,0000		sum(1,0000)		0,0000	0,7869	0,2131		sum(1,0000)		0,0000	0,5766	0,4234		sum(1,0000)		0,0000	0,9230	0,0770		sum(1,0000)		0,0000	0,1539	0,8461		sum(1,0000)		0,0000	0,2924	0,7076		sum(1,0000)		1,0000	0,0000	0,0000		sum(1,0000)		
0,0000	0,1466	0,8534		sum(1,0000)		0,7706	0,2294	0,0000		sum(1,0000)		0,0000	0,0027	0,9973		sum(1,0000)		0,6651	0,3349	0,0000		sum(1,0000)		0,0000	0,7082	0,2918		sum(1,0000)		0,0000	0,1118	0,8882		sum(1,0000)		0,0000	0,2808	0,7192		sum(1,0000)		0,0000	0,9583	0,0417		sum(1,0000)		0,0000	0,9980	0,0020		sum(1,0000)		0,0000	0,7852	0,2148		sum(1,0000)		0,0000	0,4620	0,5380		sum(1,0000)		0,0000	0,6617	0,3383		sum(1,0000)		0,0000	0,0000	1,0000		sum(1,0000)		1,0000	0,0000	0,0000		sum(1,0000)		
0,0000	0,1807	0,8193		sum(1,0000)		0,9419	0,0581	0,0000		sum(1,0000)		0,1954	0,8046	0,0000		sum(1,0000)		0,8344	0,1656	0,0000		sum(1,0000)		0,0000	0,5881	0,4119		sum(1,0000)		0,0000	0,7566	0,2434		sum(1,0000)		0,0000	0,1760	0,8240		sum(1,0000)		1,0000	0,0000	0,0000		sum(1,0000)		0,0811	0,9189	0,0000		sum(1,0000)		0,0000	0,9103	0,0897		sum(1,0000)		0,2210	0,7790	0,0000		sum(1,0000)		0,0000	0,2462	0,7538		sum(1,0000)		0,0000	0,6123	0,3877		sum(1,0000)		1,0000	0,0000	0,0000		sum(1,0000)		
0,0000	0,3850	0,6150		sum(1,0000)		0,8972	0,1028	0,0000		sum(1,0000)		0,0000	0,6199	0,3801		sum(1,0000)		0,0000	0,8586	0,1414		sum(1,0000)		0,0000	0,6682	0,3318		sum(1,0000)		0,0000	0,1763	0,8237		sum(1,0000)		0,0000	0,2903	0,7097		sum(1,0000)		1,0000	0,0000	0,0000		sum(1,0000)		0,0000	0,1426	0,8574		sum(1,0000)		0,0000	0,7991	0,2009		sum(1,0000)		0,0314	0,9686	0,0000		sum(1,0000)		0,0000	0,5078	0,4922		sum(1,0000)		0,0000	0,4647	0,5353		sum(1,0000)		1,0000	0,0000	0,0000		sum(1,0000)		
0,0000	0,0000	1,0000		sum(1,0000)		0,9195	0,0805	0,0000		sum(1,0000)		0,0643	0,9357	0,0000		sum(1,0000)		0,8586	0,1414	0,0000		sum(1,0000)		0,0000	0,5881	0,4119		sum(1,0000)		0,0000	0,0000	1,0000		sum(1,0000)		0,0000	0,0807	0,9193		sum(1,0000)		0,9152	0,0848	0,0000		sum(1,0000)		0,0000	0,6092	0,3908		sum(1,0000)		0,0000	0,7629	0,2371		sum(1,0000)		0,1578	0,8422	0,0000		sum(1,0000)		0,0000	0,0769	0,9231		sum(1,0000)		0,0000	0,8339	0,1661		sum(1,0000)		1,0000	0,0000	0,0000		sum(1,0000)		
0,0000	0,6915	0,3085		sum(1,0000)		0,7184	0,2816	0,0000		sum(1,0000)		0,0000	0,0027	0,9973		sum(1,0000)		0,7376	0,2624	0,0000		sum(1,0000)		0,3145	0,6855	0,0000		sum(1,0000)		0,0000	0,1118	0,8882		sum(1,0000)		0,0000	0,0000	1,0000		sum(1,0000)		0,5442	0,4558	0,0000		sum(1,0000)		0,0254	0,9746	0,0000		sum(1,0000)		0,0000	0,8686	0,1314		sum(1,0000)		0,0000	0,6925	0,3075		sum(1,0000)		0,0000	0,8002	0,1998		sum(1,0000)		0,0000	0,0954	0,9046		sum(1,0000)		1,0000	0,0000	0,0000		sum(1,0000)		
0,0000	0,2034	0,7966		sum(1,0000)		1,0000	0,0000	0,0000		sum(1,0000)		0,0000	0,5077	0,4923		sum(1,0000)		0,7618	0,2382	0,0000		sum(1,0000)		0,0000	0,9884	0,0116		sum(1,0000)		0,0000	0,0000	1,0000		sum(1,0000)		0,0000	0,0000	1,0000		sum(1,0000)		1,0000	0,0000	0,0000		sum(1,0000)		0,0000	0,5981	0,4019		sum(1,0000)		0,0000	0,6462	0,3538		sum(1,0000)		0,3158	0,6842	0,0000		sum(1,0000)		0,0000	0,7540	0,2460		sum(1,0000)		0,0000	0,0585	0,9415		sum(1,0000)		1,0000	0,0000	0,0000		sum(1,0000)		
0,6953	0,3047	0,0000		sum(1,0000)		1,0000	0,0000	0,0000		sum(1,0000)		1,0000	0,0000	0,0000		sum(1,0000)		1,0000	0,0000	0,0000		sum(1,0000)		1,0000	0,0000	0,0000		sum(1,0000)		0,5907	0,4093	0,0000		sum(1,0000)		1,0000	0,0000	0,0000		sum(1,0000)		0,7668	0,2332	0,0000		sum(1,0000)		1,0000	0,0000	0,0000		sum(1,0000)		1,0000	0,0000	0,0000		sum(1,0000)		0,0000	0,7693	0,2307		sum(1,0000)		0,8763	0,1237	0,0000		sum(1,0000)		0,9991	0,0009	0,0000		sum(1,0000)		0,0000	1,0000	0,0000		sum(1,0000)		
0,7382	0,2618	0,0000		sum(1,0000)		1,0000	0,0000	0,0000		sum(1,0000)		0,1168	0,8832	0,0000		sum(1,0000)		0,9312	0,0688	0,0000		sum(1,0000)		0,3695	0,6305	0,0000		sum(1,0000)		0,5025	0,4975	0,0000		sum(1,0000)		0,7915	0,2085	0,0000		sum(1,0000)		0,0000	0,0000	1,0000		sum(1,0000)		1,0000	0,0000	0,0000		sum(1,0000)		0,8893	0,1107	0,0000		sum(1,0000)		0,0000	0,0009	0,9991		sum(1,0000)		1,0000	0,0000	0,0000		sum(1,0000)		0,5812	0,4188	0,0000		sum(1,0000)		0,0000	1,0000	0,0000		sum(1,0000)		
0,4057	0,5943	0,0000		sum(1,0000)		1,0000	0,0000	0,0000		sum(1,0000)		0,7984	0,2016	0,0000		sum(1,0000)		0,7376	0,2624	0,0000		sum(1,0000)		0,4246	0,5754	0,0000		sum(1,0000)		0,5403	0,4597	0,0000		sum(1,0000)		0,5234	0,4766	0,0000		sum(1,0000)		0,0000	0,0824	0,9176		sum(1,0000)		1,0000	0,0000	0,0000		sum(1,0000)		0,0000	0,9381	0,0619		sum(1,0000)		0,0314	0,9686	0,0000		sum(1,0000)		1,0000	0,0000	0,0000		sum(1,0000)		1,0000	0,0000	0,0000		sum(1,0000)		0,0000	1,0000	0,0000		sum(1,0000)		
0,0000	0,2601	0,7399		sum(1,0000)		1,0000	0,0000	0,0000		sum(1,0000)		1,0000	0,0000	0,0000		sum(1,0000)		0,4474	0,5526	0,0000		sum(1,0000)		0,7550	0,2450	0,0000		sum(1,0000)		0,4395	0,5605	0,0000		sum(1,0000)		0,2051	0,7949	0,0000		sum(1,0000)		0,4700	0,5300	0,0000		sum(1,0000)		1,0000	0,0000	0,0000		sum(1,0000)		0,6805	0,3195	0,0000		sum(1,0000)		0,0000	0,0778	0,9222		sum(1,0000)		0,2463	0,7537	0,0000		sum(1,0000)		0,7118	0,2882	0,0000		sum(1,0000)		0,0000	1,0000	0,0000		sum(1,0000)		
0,6953	0,3047	0,0000		sum(1,0000)		1,0000	0,0000	0,0000		sum(1,0000)		0,4314	0,5686	0,0000		sum(1,0000)		0,2055	0,7945	0,0000		sum(1,0000)		1,0000	0,0000	0,0000		sum(1,0000)		0,0000	0,0000	1,0000		sum(1,0000)		0,0000	0,0000	1,0000		sum(1,0000)		1,0000	0,0000	0,0000		sum(1,0000)		0,0000	0,7869	0,2131		sum(1,0000)		0,4245	0,5755	0,0000		sum(1,0000)		0,0000	0,1162	0,8838		sum(1,0000)		0,0000	0,7540	0,2460		sum(1,0000)		1,0000	0,0000	0,0000		sum(1,0000)		0,0000	1,0000	0,0000		sum(1,0000)		
0,9098	0,0902	0,0000		sum(1,0000)		1,0000	0,0000	0,0000		sum(1,0000)		0,0000	0,4235	0,5765		sum(1,0000)		0,2055	0,7945	0,0000		sum(1,0000)		0,2043	0,7957	0,0000		sum(1,0000)		0,7040	0,2960	0,0000		sum(1,0000)		0,2386	0,7614	0,0000		sum(1,0000)		0,0000	0,5829	0,4171		sum(1,0000)		0,9030	0,0970	0,0000		sum(1,0000)		1,0000	0,0000	0,0000		sum(1,0000)		0,0000	0,0000	1,0000		sum(1,0000)		0,4727	0,5273	0,0000		sum(1,0000)		1,0000	0,0000	0,0000		sum(1,0000)		0,0000	1,0000	0,0000		sum(1,0000)		
0,6953	0,3047	0,0000		sum(1,0000)		1,0000	0,0000	0,0000		sum(1,0000)		0,0000	0,3394	0,6606		sum(1,0000)		0,4232	0,5768	0,0000		sum(1,0000)		0,5348	0,4652	0,0000		sum(1,0000)		0,0365	0,9635	0,0000		sum(1,0000)		0,0000	0,4141	0,5859		sum(1,0000)		0,0989	0,9011	0,0000		sum(1,0000)		0,0000	0,5537	0,4463		sum(1,0000)		0,3654	0,6346	0,0000		sum(1,0000)		0,0000	0,2314	0,7686		sum(1,0000)		0,4038	0,5962	0,0000		sum(1,0000)		0,5864	0,4136	0,0000		sum(1,0000)		0,0000	1,0000	0,0000		sum(1,0000)		
0,0000	0,8958	0,1042		sum(1,0000)		1,0000	0,0000	0,0000		sum(1,0000)		1,0000	0,0000	0,0000		sum(1,0000)		1,0000	0,0000	0,0000		sum(1,0000)		1,0000	0,0000	0,0000		sum(1,0000)		0,0000	0,1441	0,8559		sum(1,0000)		0,0000	0,0000	1,0000		sum(1,0000)		0,9152	0,0848	0,0000		sum(1,0000)		0,0000	0,3315	0,6685		sum(1,0000)		0,0896	0,9104	0,0000		sum(1,0000)		0,0000	0,5004	0,4996		sum(1,0000)		0,0000	0,2770	0,7230		sum(1,0000)		1,0000	0,0000	0,0000		sum(1,0000)		0,0000	1,0000	0,0000		sum(1,0000)		
0,6953	0,3047	0,0000		sum(1,0000)		1,0000	0,0000	0,0000		sum(1,0000)		1,0000	0,0000	0,0000		sum(1,0000)		0,0603	0,9397	0,0000		sum(1,0000)		1,0000	0,0000	0,0000		sum(1,0000)		0,4269	0,5731	0,0000		sum(1,0000)		0,0292	0,9708	0,0000		sum(1,0000)		0,8410	0,1590	0,0000		sum(1,0000)		0,8891	0,1109	0,0000		sum(1,0000)		0,3339	0,6661	0,0000		sum(1,0000)		0,0000	0,5004	0,4996		sum(1,0000)		0,0000	0,0000	1,0000		sum(1,0000)		1,0000	0,0000	0,0000		sum(1,0000)		0,0000	1,0000	0,0000		sum(1,0000)		
0,0000	0,6347	0,3653		sum(1,0000)		1,0000	0,0000	0,0000		sum(1,0000)		0,0000	0,9005	0,0995		sum(1,0000)		0,6893	0,3107	0,0000		sum(1,0000)		0,0000	0,9083	0,0917		sum(1,0000)		0,0000	0,8694	0,1306		sum(1,0000)		0,6156	0,3844	0,0000		sum(1,0000)		0,0000	0,0000	1,0000		sum(1,0000)		1,0000	0,0000	0,0000		sum(1,0000)		0,9287	0,0713	0,0000		sum(1,0000)		0,0000	0,8846	0,1154		sum(1,0000)		0,7680	0,2320	0,0000		sum(1,0000)		0,3983	0,6017	0,0000		sum(1,0000)		0,0000	1,0000	0,0000		sum(1,0000)		
0,8669	0,1331	0,0000		sum(1,0000)		1,0000	0,0000	0,0000		sum(1,0000)		1,0000	0,0000	0,0000		sum(1,0000)		0,7376	0,2624	0,0000		sum(1,0000)		0,0000	0,0000	1,0000		sum(1,0000)		0,7544	0,2456	0,0000		sum(1,0000)		0,6323	0,3677	0,0000		sum(1,0000)		1,0000	0,0000	0,0000		sum(1,0000)		0,0000	0,0871	0,9129		sum(1,0000)		1,0000	0,0000	0,0000		sum(1,0000)		0,0000	0,0000	1,0000		sum(1,0000)		0,0000	0,4463	0,5537		sum(1,0000)		0,4819	0,5181	0,0000		sum(1,0000)		0,0000	1,0000	0,0000		sum(1,0000)		
0,7811	0,2189	0,0000		sum(1,0000)		0,9866	0,0134	0,0000		sum(1,0000)		0,3003	0,6997	0,0000		sum(1,0000)		0,0000	0,8804	0,1196		sum(1,0000)		0,2594	0,7406	0,0000		sum(1,0000)		1,0000	0,0000	0,0000		sum(1,0000)		0,8501	0,1499	0,0000		sum(1,0000)		0,0989	0,9011	0,0000		sum(1,0000)		0,3040	0,6960	0,0000		sum(1,0000)		0,9760	0,0240	0,0000		sum(1,0000)		0,2653	0,7347	0,0000		sum(1,0000)		0,8763	0,1237	0,0000		sum(1,0000)		0,0849	0,9151	0,0000		sum(1,0000)		0,0000	1,0000	0,0000		sum(1,0000)		
0,0000	0,0445	0,9555		sum(1,0000)		1,0000	0,0000	0,0000		sum(1,0000)		0,0000	0,0308	0,9692		sum(1,0000)		0,0000	0,0000	1,0000		sum(1,0000)		1,0000	0,0000	0,0000		sum(1,0000)		0,0000	0,1924	0,8076		sum(1,0000)		0,0000	0,2141	0,7859		sum(1,0000)		1,0000	0,0000	0,0000		sum(1,0000)		0,0000	0,7869	0,2131		sum(1,0000)		0,8460	0,1540	0,0000		sum(1,0000)		0,0000	0,0000	1,0000		sum(1,0000)		0,0000	0,3078	0,6922		sum(1,0000)		1,0000	0,0000	0,0000		sum(1,0000)		0,0000	1,0000	0,0000		sum(1,0000)		
0,0000	0,4645	0,5355		sum(1,0000)		0,9493	0,0507	0,0000		sum(1,0000)		0,2216	0,7784	0,0000		sum(1,0000)		0,0000	0,0981	0,9019		sum(1,0000)		1,0000	0,0000	0,0000		sum(1,0000)		0,7166	0,2834	0,0000		sum(1,0000)		0,1633	0,8367	0,0000		sum(1,0000)		0,8410	0,1590	0,0000		sum(1,0000)		0,9030	0,0970	0,0000		sum(1,0000)		0,7042	0,2958	0,0000		sum(1,0000)		0,0314	0,9686	0,0000		sum(1,0000)		0,0000	0,8925	0,1075		sum(1,0000)		1,0000	0,0000	0,0000		sum(1,0000)		0,0000	1,0000	0,0000		sum(1,0000)		
0,0303	0,9697	0,0000		sum(1,0000)		0,9419	0,0581	0,0000		sum(1,0000)		0,0000	0,2271	0,7729		sum(1,0000)		0,0000	0,0000	1,0000		sum(1,0000)		0,0000	0,0000	1,0000		sum(1,0000)		0,0000	0,0000	1,0000		sum(1,0000)		0,0000	0,1855	0,8145		sum(1,0000)		1,0000	0,0000	0,0000		sum(1,0000)		0,0000	0,6870	0,3130		sum(1,0000)		0,8578	0,1422	0,0000		sum(1,0000)		0,0000	0,0000	1,0000		sum(1,0000)		0,0000	0,0000	1,0000		sum(1,0000)		0,0000	0,7969	0,2031		sum(1,0000)		0,0000	1,0000	0,0000		sum(1,0000)		
1,0000	0,0000	0,0000		sum(1,0000)		1,0000	0,0000	0,0000		sum(1,0000)		0,0643	0,9357	0,0000		sum(1,0000)		0,0000	0,7500	0,2500		sum(1,0000)		0,3695	0,6305	0,0000		sum(1,0000)		0,0000	0,0000	1,0000		sum(1,0000)		0,0000	0,8999	0,1001		sum(1,0000)		1,0000	0,0000	0,0000		sum(1,0000)		0,0393	0,9607	0,0000		sum(1,0000)		0,9130	0,0870	0,0000		sum(1,0000)		0,0000	0,9998	0,0002		sum(1,0000)		0,0000	0,3539	0,6461		sum(1,0000)		0,0431	0,9569	0,0000		sum(1,0000)		0,0000	1,0000	0,0000		sum(1,0000)		
1,0000	0,0000	0,0000		sum(1,0000)		0,7855	0,2145	0,0000		sum(1,0000)		1,0000	0,0000	0,0000		sum(1,0000)		0,9312	0,0688	0,0000		sum(1,0000)		0,5898	0,4102	0,0000		sum(1,0000)		1,0000	0,0000	0,0000		sum(1,0000)		0,3894	0,6106	0,0000		sum(1,0000)		0,3216	0,6784	0,0000		sum(1,0000)		0,7358	0,2642	0,0000		sum(1,0000)		0,6805	0,3195	0,0000		sum(1,0000)		0,0000	0,0778	0,9222		sum(1,0000)		0,5613	0,4387	0,0000		sum(1,0000)		1,0000	0,0000	0,0000		sum(1,0000)		0,0000	1,0000	0,0000		sum(1,0000)		
0,0000	0,9866	0,0134		sum(1,0000)		1,0000	0,0000	0,0000		sum(1,0000)		1,0000	0,0000	0,0000		sum(1,0000)		0,9312	0,0688	0,0000		sum(1,0000)		1,0000	0,0000	0,0000		sum(1,0000)		0,6284	0,3716	0,0000		sum(1,0000)		0,0041	0,9959	0,0000		sum(1,0000)		1,0000	0,0000	0,0000		sum(1,0000)		0,3040	0,6960	0,0000		sum(1,0000)		0,3654	0,6346	0,0000		sum(1,0000)		0,0000	0,2314	0,7686		sum(1,0000)		0,2266	0,7734	0,0000		sum(1,0000)		1,0000	0,0000	0,0000		sum(1,0000)		0,0000	1,0000	0,0000		sum(1,0000)		
1,0000	0,0000	0,0000		sum(1,0000)		0,0330	0,9670	0,0000		sum(1,0000)		0,2478	0,7522	0,0000		sum(1,0000)		0,4474	0,5526	0,0000		sum(1,0000)		0,0000	0,8283	0,1717		sum(1,0000)		0,9181	0,0819	0,0000		sum(1,0000)		0,5988	0,4012	0,0000		sum(1,0000)		0,0000	0,7080	0,2920		sum(1,0000)		1,0000	0,0000	0,0000		sum(1,0000)		1,0000	0,0000	0,0000		sum(1,0000)		0,0946	0,9054	0,0000		sum(1,0000)		0,1872	0,8128	0,0000		sum(1,0000)		1,0000	0,0000	0,0000		sum(1,0000)		0,0000	1,0000	0,0000		sum(1,0000)		
0,7382	0,2618	0,0000		sum(1,0000)		1,0000	0,0000	0,0000		sum(1,0000)		0,9819	0,0181	0,0000		sum(1,0000)		1,0000	0,0000	0,0000		sum(1,0000)		0,0000	0,0000	1,0000		sum(1,0000)		0,6914	0,3086	0,0000		sum(1,0000)		0,1549	0,8451	0,0000		sum(1,0000)		0,2473	0,7527	0,0000		sum(1,0000)		0,0000	0,0000	1,0000		sum(1,0000)		0,8381	0,1619	0,0000		sum(1,0000)		0,0000	0,7309	0,2691		sum(1,0000)		0,3939	0,6061	0,0000		sum(1,0000)		0,3983	0,6017	0,0000		sum(1,0000)		0,0000	1,0000	0,0000		sum(1,0000)		
0,3413	0,6587	0,0000		sum(1,0000)		0,0000	0,3416	0,6584		sum(1,0000)		0,0000	0,7883	0,2117		sum(1,0000)		0,0000	0,3154	0,6846		sum(1,0000)		0,3695	0,6305	0,0000		sum(1,0000)		0,0000	0,3858	0,6142		sum(1,0000)		0,0000	0,5094	0,4906		sum(1,0000)		0,0000	0,7080	0,2920		sum(1,0000)		0,0000	0,6981	0,3019		sum(1,0000)		1,0000	0,0000	0,0000		sum(1,0000)		0,0000	0,2314	0,7686		sum(1,0000)		0,0000	0,3539	0,6461		sum(1,0000)		1,0000	0,0000	0,0000		sum(1,0000)		0,0000	1,0000	0,0000		sum(1,0000)		
1,0000	0,0000	0,0000		sum(1,0000)		1,0000	0,0000	0,0000		sum(1,0000)		0,8508	0,1492	0,0000		sum(1,0000)		0,2055	0,7945	0,0000		sum(1,0000)		1,0000	0,0000	0,0000		sum(1,0000)		0,0365	0,9635	0,0000		sum(1,0000)		0,0000	0,7856	0,2144		sum(1,0000)		0,6184	0,3816	0,0000		sum(1,0000)		0,3458	0,6542	0,0000		sum(1,0000)		1,0000	0,0000	0,0000		sum(1,0000)		0,0000	0,0000	1,0000		sum(1,0000)		0,0000	0,3693	0,6307		sum(1,0000)		1,0000	0,0000	0,0000		sum(1,0000)		0,0000	1,0000	0,0000		sum(1,0000)		
0,3199	0,6801	0,0000		sum(1,0000)		0,8376	0,1624	0,0000		sum(1,0000)		0,3265	0,6735	0,0000		sum(1,0000)		0,2539	0,7461	0,0000		sum(1,0000)		1,0000	0,0000	0,0000		sum(1,0000)		0,3136	0,6864	0,0000		sum(1,0000)		0,0000	0,5284	0,4716		sum(1,0000)		0,9152	0,0848	0,0000		sum(1,0000)		0,0000	0,8980	0,1020		sum(1,0000)		0,6411	0,3589	0,0000		sum(1,0000)		0,0000	0,3467	0,6533		sum(1,0000)		0,0000	0,3385	0,6615		sum(1,0000)		0,4924	0,5076	0,0000		sum(1,0000)		0,0000	1,0000	0,0000		sum(1,0000)		
1,0000	0,0000	0,0000		sum(1,0000)		1,0000	0,0000	0,0000		sum(1,0000)		0,0000	0,4797	0,5203		sum(1,0000)		0,0000	0,0981	0,9019		sum(1,0000)		1,0000	0,0000	0,0000		sum(1,0000)		0,5655	0,4345	0,0000		sum(1,0000)		0,3810	0,6190	0,0000		sum(1,0000)		0,0000	0,8957	0,1043		sum(1,0000)		0,3876	0,6124	0,0000		sum(1,0000)		1,0000	0,0000	0,0000		sum(1,0000)		0,0000	0,0000	1,0000		sum(1,0000)		0,0000	0,9849	0,0151		sum(1,0000)		0,7118	0,2882	0,0000		sum(1,0000)		0,0000	1,0000	0,0000		sum(1,0000)		
0,0000	0,9639	0,0361		sum(1,0000)		0,0000	0,3487	0,6513		sum(1,0000)		0,0119	0,9881	0,0000		sum(1,0000)		0,0000	0,4241	0,5759		sum(1,0000)		1,0000	0,0000	0,0000		sum(1,0000)		1,0000	0,0000	0,0000		sum(1,0000)		0,3727	0,6273	0,0000		sum(1,0000)		0,0000	0,0000	1,0000		sum(1,0000)		0,0811	0,9189	0,0000		sum(1,0000)		0,2866	0,7134	0,0000		sum(1,0000)		0,4738	0,5262	0,0000		sum(1,0000)		0,6893	0,3107	0,0000		sum(1,0000)		1,0000	0,0000	0,0000		sum(1,0000)		0,0000	1,0000	0,0000		sum(1,0000)		
1,0000	0,0000	0,0000		sum(1,0000)		1,0000	0,0000	0,0000		sum(1,0000)		0,0000	0,2833	0,7167		sum(1,0000)		0,4474	0,5526	0,0000		sum(1,0000)		0,7550	0,2450	0,0000		sum(1,0000)		0,3136	0,6864	0,0000		sum(1,0000)		0,0000	0,8332	0,1668		sum(1,0000)		1,0000	0,0000	0,0000		sum(1,0000)		0,0000	0,2537	0,7463		sum(1,0000)		0,9760	0,0240	0,0000		sum(1,0000)		0,6318	0,3682	0,0000		sum(1,0000)		0,0000	0,4309	0,5691		sum(1,0000)		0,9991	0,0009	0,0000		sum(1,0000)		0,0000	1,0000	0,0000		sum(1,0000)		
0,3735	0,6265	0,0000		sum(1,0000)		1,0000	0,0000	0,0000		sum(1,0000)		0,2216	0,7784	0,0000		sum(1,0000)		0,4474	0,5526	0,0000		sum(1,0000)		0,4797	0,5203	0,0000		sum(1,0000)		0,3136	0,6864	0,0000		sum(1,0000)		0,0795	0,9205	0,0000		sum(1,0000)		0,6184	0,3816	0,0000		sum(1,0000)		0,3040	0,6960	0,0000		sum(1,0000)		1,0000	0,0000	0,0000		sum(1,0000)		0,0000	0,0778	0,9222		sum(1,0000)		0,0000	0,3078	0,6922		sum(1,0000)		1,0000	0,0000	0,0000		sum(1,0000)		0,0000	1,0000	0,0000		sum(1,0000)		
0,9205	0,0795	0,0000		sum(1,0000)		0,9866	0,0134	0,0000		sum(1,0000)		0,0381	0,9619	0,0000		sum(1,0000)		0,0000	0,3589	0,6411		sum(1,0000)		0,9753	0,0247	0,0000		sum(1,0000)		0,8426	0,1574	0,0000		sum(1,0000)		0,2889	0,7111	0,0000		sum(1,0000)		0,0000	0,7080	0,2920		sum(1,0000)		0,1647	0,8353	0,0000		sum(1,0000)		1,0000	0,0000	0,0000		sum(1,0000)		0,0000	0,0000	1,0000		sum(1,0000)		0,4432	0,5568	0,0000		sum(1,0000)		1,0000	0,0000	0,0000		sum(1,0000)		0,0000	1,0000	0,0000		sum(1,0000)		
1,0000	0,0000	0,0000		sum(1,0000)		0,9419	0,0581	0,0000		sum(1,0000)		0,0000	0,1710	0,8290		sum(1,0000)		0,0000	0,0000	1,0000		sum(1,0000)		1,0000	0,0000	0,0000		sum(1,0000)		0,6662	0,3338	0,0000		sum(1,0000)		0,3559	0,6441	0,0000		sum(1,0000)		0,0000	0,8957	0,1043		sum(1,0000)		0,4711	0,5289	0,0000		sum(1,0000)		1,0000	0,0000	0,0000		sum(1,0000)		0,0000	0,0000	1,0000		sum(1,0000)		0,0000	0,2308	0,7692		sum(1,0000)		0,8894	0,1106	0,0000		sum(1,0000)		0,0000	1,0000	0,0000		sum(1,0000)		
1,0000	0,0000	0,0000		sum(1,0000)		0,6514	0,3486	0,0000		sum(1,0000)		0,0000	0,6199	0,3801		sum(1,0000)		0,0000	0,6196	0,3804		sum(1,0000)		1,0000	0,0000	0,0000		sum(1,0000)		0,6284	0,3716	0,0000		sum(1,0000)		0,2889	0,7111	0,0000		sum(1,0000)		0,0000	0,3952	0,6048		sum(1,0000)		0,4572	0,5428	0,0000		sum(1,0000)		1,0000	0,0000	0,0000		sum(1,0000)		0,0000	0,9614	0,0386		sum(1,0000)		0,0000	0,9387	0,0613		sum(1,0000)		0,5812	0,4188	0,0000		sum(1,0000)		0,0000	1,0000	0,0000		sum(1,0000)		
1,0000	0,0000	0,0000		sum(1,0000)		1,0000	0,0000	0,0000		sum(1,0000)		0,0643	0,9357	0,0000		sum(1,0000)		0,0000	0,1850	0,8150		sum(1,0000)		1,0000	0,0000	0,0000		sum(1,0000)		0,3136	0,6864	0,0000		sum(1,0000)		0,3727	0,6273	0,0000		sum(1,0000)		0,0000	0,7706	0,2294		sum(1,0000)		0,4154	0,5846	0,0000		sum(1,0000)		1,0000	0,0000	0,0000		sum(1,0000)		0,0000	0,6925	0,3075		sum(1,0000)		0,0000	0,2308	0,7692		sum(1,0000)		0,7248	0,2752	0,0000		sum(1,0000)		0,0000	1,0000	0,0000		sum(1,0000)		
1,0000	0,0000	0,0000		sum(1,0000)		0,8227	0,1773	0,0000		sum(1,0000)		0,0119	0,9881	0,0000		sum(1,0000)		0,3264	0,6736	0,0000		sum(1,0000)		1,0000	0,0000	0,0000		sum(1,0000)		1,0000	0,0000	0,0000		sum(1,0000)		0,4480	0,5520	0,0000		sum(1,0000)		0,0000	0,1450	0,8550		sum(1,0000)		0,0532	0,9468	0,0000		sum(1,0000)		1,0000	0,0000	0,0000		sum(1,0000)		0,0000	0,6541	0,3459		sum(1,0000)		0,4333	0,5667	0,0000		sum(1,0000)		1,0000	0,0000	0,0000		sum(1,0000)		0,0000	1,0000	0,0000		sum(1,0000)		
1,0000	0,0000	0,0000		sum(1,0000)		1,0000	0,0000	0,0000		sum(1,0000)		0,0000	0,7322	0,2678		sum(1,0000)		0,0000	0,5327	0,4673		sum(1,0000)		1,0000	0,0000	0,0000		sum(1,0000)		1,0000	0,0000	0,0000		sum(1,0000)		0,6574	0,3426	0,0000		sum(1,0000)		0,0000	0,2701	0,7299		sum(1,0000)		0,0671	0,9329	0,0000		sum(1,0000)		0,7593	0,2407	0,0000		sum(1,0000)		0,0000	0,7693	0,2307		sum(1,0000)		0,0592	0,9408	0,0000		sum(1,0000)		1,0000	0,0000	0,0000		sum(1,0000)		0,0000	1,0000	0,0000		sum(1,0000)		
0,3520	0,6480	0,0000		sum(1,0000)		1,0000	0,0000	0,0000		sum(1,0000)		0,1692	0,8308	0,0000		sum(1,0000)		0,0000	0,8152	0,1848		sum(1,0000)		1,0000	0,0000	0,0000		sum(1,0000)		1,0000	0,0000	0,0000		sum(1,0000)		0,4815	0,5185	0,0000		sum(1,0000)		0,0000	0,0000	1,0000		sum(1,0000)		0,0811	0,9189	0,0000		sum(1,0000)		0,9760	0,0240	0,0000		sum(1,0000)		0,0946	0,9054	0,0000		sum(1,0000)		0,6400	0,3600	0,0000		sum(1,0000)		1,0000	0,0000	0,0000		sum(1,0000)		0,0000	1,0000	0,0000		sum(1,0000)		
0,7811	0,2189	0,0000		sum(1,0000)		0,0777	0,9223	0,0000		sum(1,0000)		0,2741	0,7259	0,0000		sum(1,0000)		0,4474	0,5526	0,0000		sum(1,0000)		1,0000	0,0000	0,0000		sum(1,0000)		0,0000	0,9983	0,0017		sum(1,0000)		0,0000	0,7951	0,2049		sum(1,0000)		0,9894	0,0106	0,0000		sum(1,0000)		0,0000	0,6536	0,3464		sum(1,0000)		1,0000	0,0000	0,0000		sum(1,0000)		0,0000	0,3851	0,6149		sum(1,0000)		0,0000	0,0923	0,9077		sum(1,0000)		1,0000	0,0000	0,0000		sum(1,0000)		0,0000	1,0000	0,0000		sum(1,0000)		
1,0000	0,0000	0,0000		sum(1,0000)		0,7035	0,2965	0,0000		sum(1,0000)		0,1168	0,8832	0,0000		sum(1,0000)		0,4474	0,5526	0,0000		sum(1,0000)		0,5348	0,4652	0,0000		sum(1,0000)		0,0000	0,0796	0,9204		sum(1,0000)		0,0000	0,7856	0,2144		sum(1,0000)		1,0000	0,0000	0,0000		sum(1,0000)		0,4572	0,5428	0,0000		sum(1,0000)		0,8972	0,1028	0,0000		sum(1,0000)		0,0000	0,3467	0,6533		sum(1,0000)		0,0000	0,6155	0,3845		sum(1,0000)		1,0000	0,0000	0,0000		sum(1,0000)		0,0000	1,0000	0,0000		sum(1,0000)		
0,5880	0,4120	0,0000		sum(1,0000)		1,0000	0,0000	0,0000		sum(1,0000)		0,3265	0,6735	0,0000		sum(1,0000)		0,2055	0,7945	0,0000		sum(1,0000)		0,0000	0,0000	1,0000		sum(1,0000)		0,0000	0,9177	0,0823		sum(1,0000)		0,0000	0,7761	0,2239		sum(1,0000)		0,4700	0,5300	0,0000		sum(1,0000)		0,0000	0,0000	1,0000		sum(1,0000)		1,0000	0,0000	0,0000		sum(1,0000)		0,0000	0,3467	0,6533		sum(1,0000)		0,0789	0,9211	0,0000		sum(1,0000)		0,0000	0,9151	0,0849		sum(1,0000)		0,0000	1,0000	0,0000		sum(1,0000)		
1,0000	0,0000	0,0000		sum(1,0000)		0,6067	0,3933	0,0000		sum(1,0000)		0,0000	0,0000	1,0000		sum(1,0000)		0,0000	0,6413	0,3587		sum(1,0000)		0,0000	0,0000	1,0000		sum(1,0000)		1,0000	0,0000	0,0000		sum(1,0000)		0,8752	0,1248	0,0000		sum(1,0000)		1,0000	0,0000	0,0000		sum(1,0000)		0,1647	0,8353	0,0000		sum(1,0000)		1,0000	0,0000	0,0000		sum(1,0000)		0,1262	0,8738	0,0000		sum(1,0000)		0,4432	0,5568	0,0000		sum(1,0000)		0,7248	0,2752	0,0000		sum(1,0000)		0,0000	1,0000	0,0000		sum(1,0000)		
0,7811	0,2189	0,0000		sum(1,0000)		1,0000	0,0000	0,0000		sum(1,0000)		0,9033	0,0967	0,0000		sum(1,0000)		0,9312	0,0688	0,0000		sum(1,0000)		1,0000	0,0000	0,0000		sum(1,0000)		0,0000	0,8371	0,1629		sum(1,0000)		0,0000	0,5570	0,4430		sum(1,0000)		0,6926	0,3074	0,0000		sum(1,0000)		0,0000	0,8980	0,1020		sum(1,0000)		1,0000	0,0000	0,0000		sum(1,0000)		0,0000	0,0778	0,9222		sum(1,0000)		0,0000	0,9541	0,0459		sum(1,0000)		1,0000	0,0000	0,0000		sum(1,0000)		0,0000	1,0000	0,0000		sum(1,0000)		
0,6953	0,3047	0,0000		sum(1,0000)		1,0000	0,0000	0,0000		sum(1,0000)		0,5887	0,4113	0,0000		sum(1,0000)		0,3264	0,6736	0,0000		sum(1,0000)		1,0000	0,0000	0,0000		sum(1,0000)		0,0000	0,0000	1,0000		sum(1,0000)		0,0000	0,0000	1,0000		sum(1,0000)		1,0000	0,0000	0,0000		sum(1,0000)		0,0000	0,6981	0,3019		sum(1,0000)		0,4048	0,5952	0,0000		sum(1,0000)		0,0000	0,8077	0,1923		sum(1,0000)		0,0000	0,9079	0,0921		sum(1,0000)		0,6334	0,3666	0,0000		sum(1,0000)		0,0000	1,0000	0,0000		sum(1,0000)		
0,7811	0,2189	0,0000		sum(1,0000)		0,0000	0,8342	0,1658		sum(1,0000)		0,3003	0,6997	0,0000		sum(1,0000)		0,4474	0,5526	0,0000		sum(1,0000)		1,0000	0,0000	0,0000		sum(1,0000)		0,0000	0,3536	0,6464		sum(1,0000)		0,0000	0,0903	0,9097		sum(1,0000)		0,0000	0,5829	0,4171		sum(1,0000)		0,0000	0,0000	1,0000		sum(1,0000)		1,0000	0,0000	0,0000		sum(1,0000)		0,0000	0,0000	1,0000		sum(1,0000)		0,0000	0,8156	0,1844		sum(1,0000)		1,0000	0,0000	0,0000		sum(1,0000)		0,0000	1,0000	0,0000		sum(1,0000)		
1,0000	0,0000	0,0000		sum(1,0000)		0,6365	0,3635	0,0000		sum(1,0000)		1,0000	0,0000	0,0000		sum(1,0000)		0,5683	0,4317	0,0000		sum(1,0000)		0,5898	0,4102	0,0000		sum(1,0000)		0,2758	0,7242	0,0000		sum(1,0000)		0,0000	0,8713	0,1287		sum(1,0000)		0,9152	0,0848	0,0000		sum(1,0000)		0,3876	0,6124	0,0000		sum(1,0000)		0,8775	0,1225	0,0000		sum(1,0000)		0,0000	0,0000	1,0000		sum(1,0000)		0,0000	0,6155	0,3845		sum(1,0000)		0,5028	0,4972	0,0000		sum(1,0000)		0,0000	1,0000	0,0000		sum(1,0000)		
0,4486	0,5514	0,0000		sum(1,0000)		1,0000	0,0000	0,0000		sum(1,0000)		1,0000	0,0000	0,0000		sum(1,0000)		0,3264	0,6736	0,0000		sum(1,0000)		1,0000	0,0000	0,0000		sum(1,0000)		1,0000	0,0000	0,0000		sum(1,0000)		0,5653	0,4347	0,0000		sum(1,0000)		0,6926	0,3074	0,0000		sum(1,0000)		0,4572	0,5428	0,0000		sum(1,0000)		1,0000	0,0000	0,0000		sum(1,0000)		0,0000	0,8077	0,1923		sum(1,0000)		0,0000	0,9079	0,0921		sum(1,0000)		0,8894	0,1106	0,0000		sum(1,0000)		0,0000	1,0000	0,0000		sum(1,0000)		
0,7275	0,2725	0,0000		sum(1,0000)		0,3608	0,6392	0,0000		sum(1,0000)		0,0000	0,6199	0,3801		sum(1,0000)		0,0000	0,7500	0,2500		sum(1,0000)		0,5348	0,4652	0,0000		sum(1,0000)		0,0000	0,8210	0,1790		sum(1,0000)		0,0000	0,9285	0,0715		sum(1,0000)		0,3216	0,6784	0,0000		sum(1,0000)		0,5129	0,4871	0,0000		sum(1,0000)		1,0000	0,0000	0,0000		sum(1,0000)		0,6002	0,3998	0,0000		sum(1,0000)		0,0000	0,0000	1,0000		sum(1,0000)		1,0000	0,0000	0,0000		sum(1,0000)		0,0000	1,0000	0,0000		sum(1,0000)		
1,0000	0,0000	0,0000		sum(1,0000)		0,9046	0,0954	0,0000		sum(1,0000)		1,0000	0,0000	0,0000		sum(1,0000)		0,0845	0,9155	0,0000		sum(1,0000)		1,0000	0,0000	0,0000		sum(1,0000)		0,0000	0,9177	0,0823		sum(1,0000)		0,3308	0,6692	0,0000		sum(1,0000)		0,0989	0,9011	0,0000		sum(1,0000)		0,3597	0,6403	0,0000		sum(1,0000)		1,0000	0,0000	0,0000		sum(1,0000)		0,1578	0,8422	0,0000		sum(1,0000)		0,2660	0,7340	0,0000		sum(1,0000)		1,0000	0,0000	0,0000		sum(1,0000)		0,0000	1,0000	0,0000		sum(1,0000)		
0,5451	0,4549	0,0000		sum(1,0000)		0,8972	0,1028	0,0000		sum(1,0000)		0,9033	0,0967	0,0000		sum(1,0000)		0,0000	0,8586	0,1414		sum(1,0000)		1,0000	0,0000	0,0000		sum(1,0000)		0,3136	0,6864	0,0000		sum(1,0000)		0,0962	0,9038	0,0000		sum(1,0000)		0,4700	0,5300	0,0000		sum(1,0000)		0,2761	0,7239	0,0000		sum(1,0000)		1,0000	0,0000	0,0000		sum(1,0000)		0,0000	0,8077	0,1923		sum(1,0000)		0,0000	0,0000	1,0000		sum(1,0000)		0,6021	0,3979	0,0000		sum(1,0000)		0,0000	1,0000	0,0000		sum(1,0000)		
0,6416	0,3584	0,0000		sum(1,0000)		0,2863	0,7137	0,0000		sum(1,0000)		0,1430	0,8570	0,0000		sum(1,0000)		0,0000	0,5327	0,4673		sum(1,0000)		0,9753	0,0247	0,0000		sum(1,0000)		0,9685	0,0315	0,0000		sum(1,0000)		0,1633	0,8367	0,0000		sum(1,0000)		0,0000	0,0000	1,0000		sum(1,0000)		0,3597	0,6403	0,0000		sum(1,0000)		1,0000	0,0000	0,0000		sum(1,0000)		0,4106	0,5894	0,0000		sum(1,0000)		0,0000	0,0923	0,9077		sum(1,0000)		1,0000	0,0000	0,0000		sum(1,0000)		0,0000	1,0000	0,0000		sum(1,0000)		
0,8240	0,1760	0,0000		sum(1,0000)		0,8972	0,1028	0,0000		sum(1,0000)		0,5362	0,4638	0,0000		sum(1,0000)		0,2055	0,7945	0,0000		sum(1,0000)		1,0000	0,0000	0,0000		sum(1,0000)		1,0000	0,0000	0,0000		sum(1,0000)		0,0041	0,9959	0,0000		sum(1,0000)		0,0989	0,9011	0,0000		sum(1,0000)		0,0671	0,9329	0,0000		sum(1,0000)		0,8381	0,1619	0,0000		sum(1,0000)		0,0000	0,9614	0,0386		sum(1,0000)		0,0000	0,2924	0,7076		sum(1,0000)		1,0000	0,0000	0,0000		sum(1,0000)		0,0000	1,0000	0,0000		sum(1,0000)		
0,3199	0,6801	0,0000		sum(1,0000)		0,8823	0,1177	0,0000		sum(1,0000)		0,1168	0,8832	0,0000		sum(1,0000)		0,0000	0,4241	0,5759		sum(1,0000)		1,0000	0,0000	0,0000		sum(1,0000)		1,0000	0,0000	0,0000		sum(1,0000)		0,2303	0,7697	0,0000		sum(1,0000)		0,0000	0,3952	0,6048		sum(1,0000)		0,0671	0,9329	0,0000		sum(1,0000)		0,8775	0,1225	0,0000		sum(1,0000)		0,3474	0,6526	0,0000		sum(1,0000)		0,2856	0,7144	0,0000		sum(1,0000)		1,0000	0,0000	0,0000		sum(1,0000)		0,0000	1,0000	0,0000		sum(1,0000)		
0,8562	0,1438	0,0000		sum(1,0000)		1,0000	0,0000	0,0000		sum(1,0000)		1,0000	0,0000	0,0000		sum(1,0000)		0,2055	0,7945	0,0000		sum(1,0000)		0,8652	0,1348	0,0000		sum(1,0000)		0,1121	0,8879	0,0000		sum(1,0000)		0,0000	0,9952	0,0048		sum(1,0000)		0,0000	0,9583	0,0417		sum(1,0000)		0,0000	0,5537	0,4463		sum(1,0000)		1,0000	0,0000	0,0000		sum(1,0000)		0,4106	0,5894	0,0000		sum(1,0000)		0,0000	0,5232	0,4768		sum(1,0000)		1,0000	0,0000	0,0000		sum(1,0000)		0,0000	1,0000	0,0000		sum(1,0000)		
1,0000	0,0000	0,0000		sum(1,0000)		1,0000	0,0000	0,0000		sum(1,0000)		0,0000	0,0000	1,0000		sum(1,0000)		0,0000	0,9673	0,0327		sum(1,0000)		0,7550	0,2450	0,0000		sum(1,0000)		0,0000	0,5309	0,4691		sum(1,0000)		0,0000	0,1569	0,8431		sum(1,0000)		0,6926	0,3074	0,0000		sum(1,0000)		0,0000	0,0982	0,9018		sum(1,0000)		1,0000	0,0000	0,0000		sum(1,0000)		0,0946	0,9054	0,0000		sum(1,0000)		0,0000	0,1539	0,8461		sum(1,0000)		0,5812	0,4188	0,0000		sum(1,0000)		0,0000	1,0000	0,0000		sum(1,0000)		
1,0000	0,0000	0,0000		sum(1,0000)		0,0000	0,4331	0,5669		sum(1,0000)		1,0000	0,0000	0,0000		sum(1,0000)		0,0845	0,9155	0,0000		sum(1,0000)		0,0391	0,9609	0,0000		sum(1,0000)		0,0000	0,0000	1,0000		sum(1,0000)		0,0000	0,4808	0,5192		sum(1,0000)		1,0000	0,0000	0,0000		sum(1,0000)		0,0000	0,0000	1,0000		sum(1,0000)		1,0000	0,0000	0,0000		sum(1,0000)		0,7582	0,2418	0,0000		sum(1,0000)		0,0000	0,8464	0,1536		sum(1,0000)		0,8894	0,1106	0,0000		sum(1,0000)		0,0000	1,0000	0,0000		sum(1,0000)		
0,5344	0,4656	0,0000		sum(1,0000)		0,3757	0,6243	0,0000		sum(1,0000)		0,4051	0,5949	0,0000		sum(1,0000)		0,0000	0,7500	0,2500		sum(1,0000)		1,0000	0,0000	0,0000		sum(1,0000)		0,0000	0,8371	0,1629		sum(1,0000)		0,0000	0,7761	0,2239		sum(1,0000)		0,9152	0,0848	0,0000		sum(1,0000)		0,6383	0,3617	0,0000		sum(1,0000)		1,0000	0,0000	0,0000		sum(1,0000)		0,2842	0,7158	0,0000		sum(1,0000)		0,0000	0,8925	0,1075		sum(1,0000)		1,0000	0,0000	0,0000		sum(1,0000)		0,0000	1,0000	0,0000		sum(1,0000)		
1,0000	0,0000	0,0000		sum(1,0000)		0,1895	0,8105	0,0000		sum(1,0000)		0,0000	0,0000	1,0000		sum(1,0000)		0,0000	0,9673	0,0327		sum(1,0000)		0,2594	0,7406	0,0000		sum(1,0000)		0,8803	0,1197	0,0000		sum(1,0000)		0,0041	0,9959	0,0000		sum(1,0000)		0,0000	0,0000	1,0000		sum(1,0000)		0,8751	0,1249	0,0000		sum(1,0000)		0,6805	0,3195	0,0000		sum(1,0000)		0,0000	0,0778	0,9222		sum(1,0000)		0,2069	0,7931	0,0000		sum(1,0000)		0,7718	0,2282	0,0000		sum(1,0000)		0,0000	1,0000	0,0000		sum(1,0000)		
1,0000	0,0000	0,0000		sum(1,0000)		1,0000	0,0000	0,0000		sum(1,0000)		0,0000	0,5077	0,4923		sum(1,0000)		0,0000	0,7500	0,2500		sum(1,0000)		1,0000	0,0000	0,0000		sum(1,0000)		0,0000	0,9500	0,0500		sum(1,0000)		0,0209	0,9791	0,0000		sum(1,0000)		0,0000	0,7706	0,2294		sum(1,0000)		0,3318	0,6682	0,0000		sum(1,0000)		0,9642	0,0358	0,0000		sum(1,0000)		0,0000	0,5772	0,4228		sum(1,0000)		0,3939	0,6061	0,0000		sum(1,0000)		1,0000	0,0000	0,0000		sum(1,0000)		0,0000	1,0000	0,0000		sum(1,0000)		
1,0000	0,0000	0,0000		sum(1,0000)		1,0000	0,0000	0,0000		sum(1,0000)		0,0000	0,5077	0,4923		sum(1,0000)		0,0000	0,4241	0,5759		sum(1,0000)		1,0000	0,0000	0,0000		sum(1,0000)		0,0000	0,8210	0,1790		sum(1,0000)		0,0000	0,7570	0,2430		sum(1,0000)		0,0000	0,7080	0,2920		sum(1,0000)		0,8891	0,1109	0,0000		sum(1,0000)		1,0000	0,0000	0,0000		sum(1,0000)		0,1894	0,8106	0,0000		sum(1,0000)		0,0000	0,2616	0,7384		sum(1,0000)		1,0000	0,0000	0,0000		sum(1,0000)		0,0000	1,0000	0,0000		sum(1,0000)		
1,0000	0,0000	0,0000		sum(1,0000)		1,0000	0,0000	0,0000		sum(1,0000)		0,3265	0,6735	0,0000		sum(1,0000)		0,0000	0,6413	0,3587		sum(1,0000)		1,0000	0,0000	0,0000		sum(1,0000)		0,0000	0,9822	0,0178		sum(1,0000)		0,0000	0,8713	0,1287		sum(1,0000)		0,0000	0,1450	0,8550		sum(1,0000)		0,0000	0,6314	0,3686		sum(1,0000)		1,0000	0,0000	0,0000		sum(1,0000)		0,0000	0,0000	1,0000		sum(1,0000)		0,0000	0,7540	0,2460		sum(1,0000)		1,0000	0,0000	0,0000		sum(1,0000)		0,0000	1,0000	0,0000		sum(1,0000)		
1,0000	0,0000	0,0000		sum(1,0000)		1,0000	0,0000	0,0000		sum(1,0000)		0,8771	0,1229	0,0000		sum(1,0000)		0,0000	0,7935	0,2065		sum(1,0000)		1,0000	0,0000	0,0000		sum(1,0000)		0,5907	0,4093	0,0000		sum(1,0000)		0,3643	0,6357	0,0000		sum(1,0000)		0,6184	0,3816	0,0000		sum(1,0000)		0,2065	0,7935	0,0000		sum(1,0000)		1,0000	0,0000	0,0000		sum(1,0000)		0,1262	0,8738	0,0000		sum(1,0000)		0,0000	0,0462	0,9538		sum(1,0000)		1,0000	0,0000	0,0000		sum(1,0000)		0,0000	1,0000	0,0000		sum(1,0000)		
0,6416	0,3584	0,0000		sum(1,0000)		0,9866	0,0134	0,0000		sum(1,0000)		0,3527	0,6473	0,0000		sum(1,0000)		0,0000	0,4241	0,5759		sum(1,0000)		0,0000	0,9884	0,0116		sum(1,0000)		0,5655	0,4345	0,0000		sum(1,0000)		0,0000	0,9475	0,0525		sum(1,0000)		0,3216	0,6784	0,0000		sum(1,0000)		0,0950	0,9050	0,0000		sum(1,0000)		1,0000	0,0000	0,0000		sum(1,0000)		0,0000	0,7309	0,2691		sum(1,0000)		0,0000	0,6155	0,3845		sum(1,0000)		1,0000	0,0000	0,0000		sum(1,0000)		0,0000	1,0000	0,0000		sum(1,0000)		
0,2662	0,7338	0,0000		sum(1,0000)		0,0000	0,6512	0,3488		sum(1,0000)		0,9033	0,0967	0,0000		sum(1,0000)		0,9312	0,0688	0,0000		sum(1,0000)		1,0000	0,0000	0,0000		sum(1,0000)		1,0000	0,0000	0,0000		sum(1,0000)		0,6574	0,3426	0,0000		sum(1,0000)		0,0000	0,7080	0,2920		sum(1,0000)		1,0000	0,0000	0,0000		sum(1,0000)		0,8381	0,1619	0,0000		sum(1,0000)		0,9161	0,0839	0,0000		sum(1,0000)		0,5810	0,4190	0,0000		sum(1,0000)		1,0000	0,0000	0,0000		sum(1,0000)		0,0000	1,0000	0,0000		sum(1,0000)		
1,0000	0,0000	0,0000		sum(1,0000)		0,0000	0,6512	0,3488		sum(1,0000)		0,8508	0,1492	0,0000		sum(1,0000)		0,2055	0,7945	0,0000		sum(1,0000)		1,0000	0,0000	0,0000		sum(1,0000)		0,5655	0,4345	0,0000		sum(1,0000)		0,3308	0,6692	0,0000		sum(1,0000)		0,0989	0,9011	0,0000		sum(1,0000)		0,0000	0,7869	0,2131		sum(1,0000)		1,0000	0,0000	0,0000		sum(1,0000)		0,1894	0,8106	0,0000		sum(1,0000)		0,0000	0,4770	0,5230		sum(1,0000)		0,8842	0,1158	0,0000		sum(1,0000)		0,0000	1,0000	0,0000		sum(1,0000)		
1,0000	0,0000	0,0000		sum(1,0000)		0,3981	0,6019	0,0000		sum(1,0000)		0,0000	0,7322	0,2678		sum(1,0000)		0,0000	0,9673	0,0327		sum(1,0000)		0,6449	0,3551	0,0000		sum(1,0000)		0,0000	0,2730	0,7270		sum(1,0000)		0,0000	0,2808	0,7192		sum(1,0000)		0,4700	0,5300	0,0000		sum(1,0000)		0,0000	0,8314	0,1686		sum(1,0000)		0,8972	0,1028	0,0000		sum(1,0000)		0,6002	0,3998	0,0000		sum(1,0000)		0,0000	0,0000	1,0000		sum(1,0000)		0,7248	0,2752	0,0000		sum(1,0000)		0,0000	1,0000	0,0000		sum(1,0000)		
1,0000	0,0000	0,0000		sum(1,0000)		0,6588	0,3412	0,0000		sum(1,0000)		0,0000	0,0000	1,0000		sum(1,0000)		0,0000	0,0000	1,0000		sum(1,0000)		0,0000	0,5481	0,4519		sum(1,0000)		0,0000	0,0000	1,0000		sum(1,0000)		0,0000	0,0000	1,0000		sum(1,0000)		0,0000	0,4578	0,5422		sum(1,0000)		0,0000	0,7869	0,2131		sum(1,0000)		0,0000	0,8686	0,1314		sum(1,0000)		0,1894	0,8106	0,0000		sum(1,0000)		0,0000	0,0000	1,0000		sum(1,0000)		1,0000	0,0000	0,0000		sum(1,0000)		0,0000	1,0000	0,0000		sum(1,0000)		
0,6416	0,3584	0,0000		sum(1,0000)		0,0000	0,0000	1,0000		sum(1,0000)		0,0000	0,0000	1,0000		sum(1,0000)		0,0000	0,0000	1,0000		sum(1,0000)		0,3145	0,6855	0,0000		sum(1,0000)		0,3136	0,6864	0,0000		sum(1,0000)		0,0000	0,9094	0,0906		sum(1,0000)		0,0000	0,7080	0,2920		sum(1,0000)		0,0000	0,9647	0,0353		sum(1,0000)		1,0000	0,0000	0,0000		sum(1,0000)		0,2210	0,7790	0,0000		sum(1,0000)		0,0000	0,3693	0,6307		sum(1,0000)		1,0000	0,0000	0,0000		sum(1,0000)		0,0000	1,0000	0,0000		sum(1,0000)		
0,0000	0,9639	0,0361		sum(1,0000)		0,0000	0,0000	1,0000		sum(1,0000)		0,5100	0,4900	0,0000		sum(1,0000)		0,0000	0,6413	0,3587		sum(1,0000)		1,0000	0,0000	0,0000		sum(1,0000)		0,0000	0,7243	0,2757		sum(1,0000)		0,0000	0,4141	0,5859		sum(1,0000)		0,6184	0,3816	0,0000		sum(1,0000)		0,0000	0,6314	0,3686		sum(1,0000)		1,0000	0,0000	0,0000		sum(1,0000)		0,8214	0,1786	0,0000		sum(1,0000)		0,0000	0,4001	0,5999		sum(1,0000)		1,0000	0,0000	0,0000		sum(1,0000)		0,0000	1,0000	0,0000		sum(1,0000)		
1,0000	0,0000	0,0000		sum(1,0000)		0,0000	0,0320	0,9680		sum(1,0000)		0,0000	0,8163	0,1837		sum(1,0000)		0,0000	0,7500	0,2500		sum(1,0000)		1,0000	0,0000	0,0000		sum(1,0000)		0,0000	0,3375	0,6625		sum(1,0000)		0,0000	0,0522	0,9478		sum(1,0000)		1,0000	0,0000	0,0000		sum(1,0000)		0,0000	0,0000	1,0000		sum(1,0000)		1,0000	0,0000	0,0000		sum(1,0000)		0,7582	0,2418	0,0000		sum(1,0000)		0,0000	0,0000	1,0000		sum(1,0000)		1,0000	0,0000	0,0000		sum(1,0000)		0,0000	1,0000	0,0000		sum(1,0000)		
1,0000	0,0000	0,0000		sum(1,0000)		0,5769	0,4231	0,0000		sum(1,0000)		0,4051	0,5949	0,0000		sum(1,0000)		0,0000	0,7500	0,2500		sum(1,0000)		1,0000	0,0000	0,0000		sum(1,0000)		0,0000	0,7566	0,2434		sum(1,0000)		0,0000	0,4141	0,5859		sum(1,0000)		0,0989	0,9011	0,0000		sum(1,0000)		0,4572	0,5428	0,0000		sum(1,0000)		1,0000	0,0000	0,0000		sum(1,0000)		0,4106	0,5894	0,0000		sum(1,0000)		0,0000	0,1231	0,8769		sum(1,0000)		1,0000	0,0000	0,0000		sum(1,0000)		0,0000	1,0000	0,0000		sum(1,0000)		
0,6309	0,3691	0,0000		sum(1,0000)		1,0000	0,0000	0,0000		sum(1,0000)		0,0905	0,9095	0,0000		sum(1,0000)		0,0000	0,6413	0,3587		sum(1,0000)		1,0000	0,0000	0,0000		sum(1,0000)		0,0000	0,5309	0,4691		sum(1,0000)		0,0000	0,0000	1,0000		sum(1,0000)		0,0000	0,9583	0,0417		sum(1,0000)		0,0000	0,8980	0,1020		sum(1,0000)		0,6254	0,3746	0,0000		sum(1,0000)		0,9477	0,0523	0,0000		sum(1,0000)		0,0000	0,8002	0,1998		sum(1,0000)		1,0000	0,0000	0,0000		sum(1,0000)		0,0000	1,0000	0,0000		sum(1,0000)		
1,0000	0,0000	0,0000		sum(1,0000)		0,5992	0,4008	0,0000		sum(1,0000)		0,0000	0,0000	1,0000		sum(1,0000)		0,0000	0,0000	1,0000		sum(1,0000)		0,8652	0,1348	0,0000		sum(1,0000)		0,4017	0,5983	0,0000		sum(1,0000)		0,0000	0,8046	0,1954		sum(1,0000)		0,0000	0,0000	1,0000		sum(1,0000)		0,0000	0,9091	0,0909		sum(1,0000)		0,9957	0,0043	0,0000		sum(1,0000)		0,0630	0,9370	0,0000		sum(1,0000)		0,2660	0,7340	0,0000		sum(1,0000)		1,0000	0,0000	0,0000		sum(1,0000)		0,0000	1,0000	0,0000		sum(1,0000)		
0,6953	0,3047	0,0000		sum(1,0000)		0,9717	0,0283	0,0000		sum(1,0000)		0,0643	0,9357	0,0000		sum(1,0000)		0,0000	0,0000	1,0000		sum(1,0000)		1,0000	0,0000	0,0000		sum(1,0000)		0,2884	0,7116	0,0000		sum(1,0000)		0,0000	0,6046	0,3954		sum(1,0000)		0,0000	0,8957	0,1043		sum(1,0000)		0,0000	0,7536	0,2464		sum(1,0000)		1,0000	0,0000	0,0000		sum(1,0000)		0,3158	0,6842	0,0000		sum(1,0000)		0,0000	0,8925	0,1075		sum(1,0000)		1,0000	0,0000	0,0000		sum(1,0000)		0,0000	1,0000	0,0000		sum(1,0000)		
1,0000	0,0000	0,0000		sum(1,0000)		0,0000	0,0391	0,9609		sum(1,0000)		0,0000	0,8444	0,1556		sum(1,0000)		0,0000	0,5327	0,4673		sum(1,0000)		1,0000	0,0000	0,0000		sum(1,0000)		0,4395	0,5605	0,0000		sum(1,0000)		0,2386	0,7614	0,0000		sum(1,0000)		0,0000	0,7706	0,2294		sum(1,0000)		0,4572	0,5428	0,0000		sum(1,0000)		1,0000	0,0000	0,0000		sum(1,0000)		0,6318	0,3682	0,0000		sum(1,0000)		0,1380	0,8620	0,0000		sum(1,0000)		0,8424	0,1576	0,0000		sum(1,0000)		0,0000	1,0000	0,0000		sum(1,0000)		
0,1697	0,8303	0,0000		sum(1,0000)		1,0000	0,0000	0,0000		sum(1,0000)		0,0119	0,9881	0,0000		sum(1,0000)		0,4474	0,5526	0,0000		sum(1,0000)		0,0000	0,4280	0,5720		sum(1,0000)		1,0000	0,0000	0,0000		sum(1,0000)		0,6574	0,3426	0,0000		sum(1,0000)		1,0000	0,0000	0,0000		sum(1,0000)		1,0000	0,0000	0,0000		sum(1,0000)		0,5623	0,4377	0,0000		sum(1,0000)		0,7266	0,2734	0,0000		sum(1,0000)		1,0000	0,0000	0,0000		sum(1,0000)		0,7118	0,2882	0,0000		sum(1,0000)		0,0000	0,0000	1,0000		sum(1,0000)		
0,1482	0,8518	0,0000		sum(1,0000)		0,0000	0,9608	0,0392		sum(1,0000)		0,0000	0,7883	0,2117		sum(1,0000)		0,0000	0,9673	0,0327		sum(1,0000)		0,2043	0,7957	0,0000		sum(1,0000)		1,0000	0,0000	0,0000		sum(1,0000)		0,6826	0,3174	0,0000		sum(1,0000)		1,0000	0,0000	0,0000		sum(1,0000)		1,0000	0,0000	0,0000		sum(1,0000)		0,0502	0,9498	0,0000		sum(1,0000)		0,7898	0,2102	0,0000		sum(1,0000)		1,0000	0,0000	0,0000		sum(1,0000)		0,9730	0,0270	0,0000		sum(1,0000)		0,0000	0,0000	1,0000		sum(1,0000)		
0,2233	0,7767	0,0000		sum(1,0000)		0,4651	0,5349	0,0000		sum(1,0000)		0,0000	0,7883	0,2117		sum(1,0000)		0,0000	0,0981	0,9019		sum(1,0000)		0,5348	0,4652	0,0000		sum(1,0000)		1,0000	0,0000	0,0000		sum(1,0000)		0,7915	0,2085	0,0000		sum(1,0000)		0,8410	0,1590	0,0000		sum(1,0000)		1,0000	0,0000	0,0000		sum(1,0000)		0,0000	0,9520	0,0480		sum(1,0000)		1,0000	0,0000	0,0000		sum(1,0000)		1,0000	0,0000	0,0000		sum(1,0000)		0,8946	0,1054	0,0000		sum(1,0000)		0,0000	0,0000	1,0000		sum(1,0000)		
0,3413	0,6587	0,0000		sum(1,0000)		0,0000	0,5668	0,4332		sum(1,0000)		0,0000	0,9005	0,0995		sum(1,0000)		0,0000	0,6413	0,3587		sum(1,0000)		0,0942	0,9058	0,0000		sum(1,0000)		0,9433	0,0567	0,0000		sum(1,0000)		0,6993	0,3007	0,0000		sum(1,0000)		1,0000	0,0000	0,0000		sum(1,0000)		1,0000	0,0000	0,0000		sum(1,0000)		0,2078	0,7922	0,0000		sum(1,0000)		0,6634	0,3366	0,0000		sum(1,0000)		1,0000	0,0000	0,0000		sum(1,0000)		0,7901	0,2099	0,0000		sum(1,0000)		0,0000	0,0000	1,0000		sum(1,0000)		
0,5451	0,4549	0,0000		sum(1,0000)		1,0000	0,0000	0,0000		sum(1,0000)		0,1954	0,8046	0,0000		sum(1,0000)		0,5683	0,4317	0,0000		sum(1,0000)		1,0000	0,0000	0,0000		sum(1,0000)		0,5655	0,4345	0,0000		sum(1,0000)		1,0000	0,0000	0,0000		sum(1,0000)		0,0000	0,0000	1,0000		sum(1,0000)		0,5965	0,4035	0,0000		sum(1,0000)		0,0305	0,9695	0,0000		sum(1,0000)		0,7582	0,2418	0,0000		sum(1,0000)		1,0000	0,0000	0,0000		sum(1,0000)		0,6595	0,3405	0,0000		sum(1,0000)		0,0000	0,0000	1,0000		sum(1,0000)		
0,4486	0,5514	0,0000		sum(1,0000)		0,3534	0,6466	0,0000		sum(1,0000)		0,3265	0,6735	0,0000		sum(1,0000)		0,3264	0,6736	0,0000		sum(1,0000)		0,7550	0,2450	0,0000		sum(1,0000)		1,0000	0,0000	0,0000		sum(1,0000)		1,0000	0,0000	0,0000		sum(1,0000)		0,0000	0,0000	1,0000		sum(1,0000)		1,0000	0,0000	0,0000		sum(1,0000)		0,0000	0,5627	0,4373		sum(1,0000)		0,8214	0,1786	0,0000		sum(1,0000)		1,0000	0,0000	0,0000		sum(1,0000)		0,5420	0,4580	0,0000		sum(1,0000)		0,0000	0,0000	1,0000		sum(1,0000)		
0,8240	0,1760	0,0000		sum(1,0000)		0,0000	0,0000	1,0000		sum(1,0000)		0,0000	0,3955	0,6045		sum(1,0000)		0,0000	0,7500	0,2500		sum(1,0000)		1,0000	0,0000	0,0000		sum(1,0000)		1,0000	0,0000	0,0000		sum(1,0000)		1,0000	0,0000	0,0000		sum(1,0000)		0,0000	0,0824	0,9176		sum(1,0000)		1,0000	0,0000	0,0000		sum(1,0000)		0,6608	0,3392	0,0000		sum(1,0000)		0,7582	0,2418	0,0000		sum(1,0000)		1,0000	0,0000	0,0000		sum(1,0000)		0,4767	0,5233	0,0000		sum(1,0000)		0,0000	0,0000	1,0000		sum(1,0000)		
0,5237	0,4763	0,0000		sum(1,0000)		0,0000	0,0000	1,0000		sum(1,0000)		0,0000	0,1149	0,8851		sum(1,0000)		0,0000	0,0000	1,0000		sum(1,0000)		0,6449	0,3551	0,0000		sum(1,0000)		0,8300	0,1700	0,0000		sum(1,0000)		1,0000	0,0000	0,0000		sum(1,0000)		0,0000	0,0000	1,0000		sum(1,0000)		0,8055	0,1945	0,0000		sum(1,0000)		0,2078	0,7922	0,0000		sum(1,0000)		0,5370	0,4630	0,0000		sum(1,0000)		1,0000	0,0000	0,0000		sum(1,0000)		1,0000	0,0000	0,0000		sum(1,0000)		0,0000	0,0000	1,0000		sum(1,0000)		
0,0000	0,4645	0,5355		sum(1,0000)		0,0000	0,5387	0,4613		sum(1,0000)		0,3527	0,6473	0,0000		sum(1,0000)		0,0845	0,9155	0,0000		sum(1,0000)		1,0000	0,0000	0,0000		sum(1,0000)		1,0000	0,0000	0,0000		sum(1,0000)		1,0000	0,0000	0,0000		sum(1,0000)		0,0000	0,0000	1,0000		sum(1,0000)		1,0000	0,0000	0,0000		sum(1,0000)		0,0000	0,9520	0,0480		sum(1,0000)		0,5686	0,4314	0,0000		sum(1,0000)		0,8763	0,1237	0,0000		sum(1,0000)		0,8424	0,1576	0,0000		sum(1,0000)		0,0000	0,0000	1,0000		sum(1,0000)		
0,1912	0,8088	0,0000		sum(1,0000)		0,0000	0,9820	0,0180		sum(1,0000)		0,0000	0,1991	0,8009		sum(1,0000)		0,0000	0,0981	0,9019		sum(1,0000)		0,3695	0,6305	0,0000		sum(1,0000)		0,1624	0,8376	0,0000		sum(1,0000)		1,0000	0,0000	0,0000		sum(1,0000)		0,0000	0,0824	0,9176		sum(1,0000)		1,0000	0,0000	0,0000		sum(1,0000)		0,2393	0,7607	0,0000		sum(1,0000)		0,3158	0,6842	0,0000		sum(1,0000)		0,5514	0,4486	0,0000		sum(1,0000)		0,8163	0,1837	0,0000		sum(1,0000)		0,0000	0,0000	1,0000		sum(1,0000)		
0,0946	0,9054	0,0000		sum(1,0000)		0,0926	0,9074	0,0000		sum(1,0000)		0,0000	0,0000	1,0000		sum(1,0000)		0,0000	0,7500	0,2500		sum(1,0000)		0,6449	0,3551	0,0000		sum(1,0000)		1,0000	0,0000	0,0000		sum(1,0000)		1,0000	0,0000	0,0000		sum(1,0000)		0,0000	0,0824	0,9176		sum(1,0000)		1,0000	0,0000	0,0000		sum(1,0000)		0,3654	0,6346	0,0000		sum(1,0000)		0,6950	0,3050	0,0000		sum(1,0000)		0,3939	0,6061	0,0000		sum(1,0000)		0,7901	0,2099	0,0000		sum(1,0000)		0,0000	0,0000	1,0000		sum(1,0000)		
0,0000	0,6120	0,3880		sum(1,0000)		0,2789	0,7211	0,0000		sum(1,0000)		0,0000	0,9286	0,0714		sum(1,0000)		0,0000	0,9673	0,0327		sum(1,0000)		1,0000	0,0000	0,0000		sum(1,0000)		1,0000	0,0000	0,0000		sum(1,0000)		1,0000	0,0000	0,0000		sum(1,0000)		0,0989	0,9011	0,0000		sum(1,0000)		1,0000	0,0000	0,0000		sum(1,0000)		0,0000	0,9798	0,0202		sum(1,0000)		0,9161	0,0839	0,0000		sum(1,0000)		0,2364	0,7636	0,0000		sum(1,0000)		0,3200	0,6800	0,0000		sum(1,0000)		0,0000	0,0000	1,0000		sum(1,0000)		
0,0000	0,4304	0,5696		sum(1,0000)		0,0000	0,8342	0,1658		sum(1,0000)		0,0000	0,0000	1,0000		sum(1,0000)		0,0000	0,2068	0,7932		sum(1,0000)		0,5898	0,4102	0,0000		sum(1,0000)		1,0000	0,0000	0,0000		sum(1,0000)		1,0000	0,0000	0,0000		sum(1,0000)		0,0000	0,2701	0,7299		sum(1,0000)		1,0000	0,0000	0,0000		sum(1,0000)		0,4639	0,5361	0,0000		sum(1,0000)		0,3158	0,6842	0,0000		sum(1,0000)		0,6400	0,3600	0,0000		sum(1,0000)		0,9991	0,0009	0,0000		sum(1,0000)		0,0000	0,0000	1,0000		sum(1,0000)		
0,0000	0,3169	0,6831		sum(1,0000)		0,0000	0,0000	1,0000		sum(1,0000)		0,0000	0,9286	0,0714		sum(1,0000)		0,0000	0,9673	0,0327		sum(1,0000)		0,8652	0,1348	0,0000		sum(1,0000)		0,5655	0,4345	0,0000		sum(1,0000)		1,0000	0,0000	0,0000		sum(1,0000)		0,0000	0,4578	0,5422		sum(1,0000)		0,9169	0,0831	0,0000		sum(1,0000)		0,4442	0,5558	0,0000		sum(1,0000)		0,2526	0,7474	0,0000		sum(1,0000)		0,6499	0,3501	0,0000		sum(1,0000)		0,9207	0,0793	0,0000		sum(1,0000)		0,0000	0,0000	1,0000		sum(1,0000)		
0,8240	0,1760	0,0000		sum(1,0000)		0,0000	0,3346	0,6654		sum(1,0000)		0,3265	0,6735	0,0000		sum(1,0000)		0,3264	0,6736	0,0000		sum(1,0000)		0,0000	0,8283	0,1717		sum(1,0000)		1,0000	0,0000	0,0000		sum(1,0000)		1,0000	0,0000	0,0000		sum(1,0000)		0,6926	0,3074	0,0000		sum(1,0000)		0,7498	0,2502	0,0000		sum(1,0000)		0,0000	0,2541	0,7459		sum(1,0000)		1,0000	0,0000	0,0000		sum(1,0000)		0,6991	0,3009	0,0000		sum(1,0000)		0,1241	0,8759	0,0000		sum(1,0000)		0,0000	0,0000	1,0000		sum(1,0000)		
0,0000	0,8391	0,1609		sum(1,0000)		0,0000	0,5527	0,4473		sum(1,0000)		0,4576	0,5424	0,0000		sum(1,0000)		0,0000	0,7500	0,2500		sum(1,0000)		0,3145	0,6855	0,0000		sum(1,0000)		1,0000	0,0000	0,0000		sum(1,0000)		1,0000	0,0000	0,0000		sum(1,0000)		0,0000	0,7080	0,2920		sum(1,0000)		0,5269	0,4731	0,0000		sum(1,0000)		0,6017	0,3983	0,0000		sum(1,0000)		1,0000	0,0000	0,0000		sum(1,0000)		1,0000	0,0000	0,0000		sum(1,0000)		0,1894	0,8106	0,0000		sum(1,0000)		0,0000	0,0000	1,0000		sum(1,0000)		
0,0000	0,0218	0,9782		sum(1,0000)		0,0000	0,0000	1,0000		sum(1,0000)		0,2478	0,7522	0,0000		sum(1,0000)		0,0000	0,9673	0,0327		sum(1,0000)		1,0000	0,0000	0,0000		sum(1,0000)		1,0000	0,0000	0,0000		sum(1,0000)		1,0000	0,0000	0,0000		sum(1,0000)		0,0000	0,8957	0,1043		sum(1,0000)		1,0000	0,0000	0,0000		sum(1,0000)		0,2472	0,7528	0,0000		sum(1,0000)		1,0000	0,0000	0,0000		sum(1,0000)		1,0000	0,0000	0,0000		sum(1,0000)		1,0000	0,0000	0,0000		sum(1,0000)		0,0000	0,0000	1,0000		sum(1,0000)		
0,1590	0,8410	0,0000		sum(1,0000)		0,0000	0,0000	1,0000		sum(1,0000)		0,0000	0,5638	0,4362		sum(1,0000)		0,0000	0,6413	0,3587		sum(1,0000)		1,0000	0,0000	0,0000		sum(1,0000)		0,9433	0,0567	0,0000		sum(1,0000)		1,0000	0,0000	0,0000		sum(1,0000)		0,0000	0,4578	0,5422		sum(1,0000)		1,0000	0,0000	0,0000		sum(1,0000)		0,0000	0,4098	0,5902		sum(1,0000)		1,0000	0,0000	0,0000		sum(1,0000)		0,8369	0,1631	0,0000		sum(1,0000)		0,7248	0,2752	0,0000		sum(1,0000)		0,0000	0,0000	1,0000		sum(1,0000)		
0,0000	0,6574	0,3426		sum(1,0000)		0,0000	0,7849	0,2151		sum(1,0000)		0,0000	0,8444	0,1556		sum(1,0000)		0,0000	0,6413	0,3587		sum(1,0000)		0,8652	0,1348	0,0000		sum(1,0000)		0,6536	0,3464	0,0000		sum(1,0000)		1,0000	0,0000	0,0000		sum(1,0000)		0,0000	0,5829	0,4171		sum(1,0000)		0,5965	0,4035	0,0000		sum(1,0000)		0,0000	0,1957	0,8043		sum(1,0000)		1,0000	0,0000	0,0000		sum(1,0000)		1,0000	0,0000	0,0000		sum(1,0000)		0,6595	0,3405	0,0000		sum(1,0000)		0,0000	0,0000	1,0000		sum(1,0000)		
0,0000	0,9299	0,0701		sum(1,0000)		0,0000	0,3205	0,6795		sum(1,0000)		0,0000	0,9005	0,0995		sum(1,0000)		0,0000	0,6413	0,3587		sum(1,0000)		0,0000	0,7883	0,2117		sum(1,0000)		1,0000	0,0000	0,0000		sum(1,0000)		0,5402	0,4598	0,0000		sum(1,0000)		0,3216	0,6784	0,0000		sum(1,0000)		0,7498	0,2502	0,0000		sum(1,0000)		0,0000	0,0000	1,0000		sum(1,0000)		1,0000	0,0000	0,0000		sum(1,0000)		1,0000	0,0000	0,0000		sum(1,0000)		0,9207	0,0793	0,0000		sum(1,0000)		0,0000	0,0000	1,0000		sum(1,0000)		
0,0000	0,4531	0,5469		sum(1,0000)		0,0000	0,8694	0,1306		sum(1,0000)		0,0000	0,1710	0,8290		sum(1,0000)		0,0000	0,0981	0,9019		sum(1,0000)		0,0000	0,3880	0,6120		sum(1,0000)		1,0000	0,0000	0,0000		sum(1,0000)		0,3894	0,6106	0,0000		sum(1,0000)		1,0000	0,0000	0,0000		sum(1,0000)		0,5965	0,4035	0,0000		sum(1,0000)		0,0000	0,1456	0,8544		sum(1,0000)		1,0000	0,0000	0,0000		sum(1,0000)		1,0000	0,0000	0,0000		sum(1,0000)		1,0000	0,0000	0,0000		sum(1,0000)		0,0000	0,0000	1,0000		sum(1,0000)		
0,2448	0,7552	0,0000		sum(1,0000)		0,1969	0,8031	0,0000		sum(1,0000)		0,0000	0,5638	0,4362		sum(1,0000)		0,0000	0,5327	0,4673		sum(1,0000)		0,0000	0,8283	0,1717		sum(1,0000)		1,0000	0,0000	0,0000		sum(1,0000)		0,5653	0,4347	0,0000		sum(1,0000)		1,0000	0,0000	0,0000		sum(1,0000)		0,5826	0,4174	0,0000		sum(1,0000)		0,0000	0,0000	1,0000		sum(1,0000)		1,0000	0,0000	0,0000		sum(1,0000)		1,0000	0,0000	0,0000		sum(1,0000)		1,0000	0,0000	0,0000		sum(1,0000)		0,0000	0,0000	1,0000		sum(1,0000)		
0,0000	0,8958	0,1042		sum(1,0000)		0,7706	0,2294	0,0000		sum(1,0000)		0,0000	0,0000	1,0000		sum(1,0000)		0,0000	0,0000	1,0000		sum(1,0000)		0,0000	0,6682	0,3318		sum(1,0000)		0,3136	0,6864	0,0000		sum(1,0000)		0,6323	0,3677	0,0000		sum(1,0000)		0,9152	0,0848	0,0000		sum(1,0000)		0,1647	0,8353	0,0000		sum(1,0000)		0,0000	0,5627	0,4373		sum(1,0000)		1,0000	0,0000	0,0000		sum(1,0000)		1,0000	0,0000	0,0000		sum(1,0000)		1,0000	0,0000	0,0000		sum(1,0000)		0,0000	0,0000	1,0000		sum(1,0000)		
0,0000	0,7596	0,2404		sum(1,0000)		0,0000	0,7427	0,2573		sum(1,0000)		0,1168	0,8832	0,0000		sum(1,0000)		0,3264	0,6736	0,0000		sum(1,0000)		0,5348	0,4652	0,0000		sum(1,0000)		0,8174	0,1826	0,0000		sum(1,0000)		1,0000	0,0000	0,0000		sum(1,0000)		0,0000	0,0000	1,0000		sum(1,0000)		0,0000	0,7869	0,2131		sum(1,0000)		0,0000	0,0000	1,0000		sum(1,0000)		1,0000	0,0000	0,0000		sum(1,0000)		1,0000	0,0000	0,0000		sum(1,0000)		0,5942	0,4058	0,0000		sum(1,0000)		0,0000	0,0000	1,0000		sum(1,0000)		
0,4700	0,5300	0,0000		sum(1,0000)		1,0000	0,0000	0,0000		sum(1,0000)		0,5887	0,4113	0,0000		sum(1,0000)		0,0000	0,9673	0,0327		sum(1,0000)		0,2594	0,7406	0,0000		sum(1,0000)		1,0000	0,0000	0,0000		sum(1,0000)		1,0000	0,0000	0,0000		sum(1,0000)		0,0000	0,0824	0,9176		sum(1,0000)		0,3876	0,6124	0,0000		sum(1,0000)		0,0000	0,4237	0,5763		sum(1,0000)		1,0000	0,0000	0,0000		sum(1,0000)		1,0000	0,0000	0,0000		sum(1,0000)		0,6857	0,3143	0,0000		sum(1,0000)		0,0000	0,0000	1,0000		sum(1,0000)		
0,0000	0,8277	0,1723		sum(1,0000)		0,0000	0,0000	1,0000		sum(1,0000)		0,0119	0,9881	0,0000		sum(1,0000)		0,0000	0,5327	0,4673		sum(1,0000)		0,8101	0,1899	0,0000		sum(1,0000)		0,8929	0,1071	0,0000		sum(1,0000)		1,0000	0,0000	0,0000		sum(1,0000)		0,0000	0,0000	1,0000		sum(1,0000)		0,1786	0,8214	0,0000		sum(1,0000)		0,0000	0,3403	0,6597		sum(1,0000)		1,0000	0,0000	0,0000		sum(1,0000)		1,0000	0,0000	0,0000		sum(1,0000)		0,4636	0,5364	0,0000		sum(1,0000)		0,0000	0,0000	1,0000		sum(1,0000)		
0,0000	0,0672	0,9328		sum(1,0000)		0,0000	0,1657	0,8343		sum(1,0000)		0,0000	0,8444	0,1556		sum(1,0000)		0,0845	0,9155	0,0000		sum(1,0000)		1,0000	0,0000	0,0000		sum(1,0000)		0,8174	0,1826	0,0000		sum(1,0000)		1,0000	0,0000	0,0000		sum(1,0000)		0,0000	0,3952	0,6048		sum(1,0000)		0,1647	0,8353	0,0000		sum(1,0000)		0,0000	0,0316	0,9684		sum(1,0000)		1,0000	0,0000	0,0000		sum(1,0000)		1,0000	0,0000	0,0000		sum(1,0000)		1,0000	0,0000	0,0000		sum(1,0000)		0,0000	0,0000	1,0000		sum(1,0000)		
0,6095	0,3905	0,0000		sum(1,0000)		0,0000	0,9327	0,0673		sum(1,0000)		0,0000	0,1149	0,8851		sum(1,0000)		0,0000	0,0000	1,0000		sum(1,0000)		0,5898	0,4102	0,0000		sum(1,0000)		0,6914	0,3086	0,0000		sum(1,0000)		1,0000	0,0000	0,0000		sum(1,0000)		0,0000	0,0000	1,0000		sum(1,0000)		0,7498	0,2502	0,0000		sum(1,0000)		0,0000	0,4515	0,5485		sum(1,0000)		1,0000	0,0000	0,0000		sum(1,0000)		0,9649	0,0351	0,0000		sum(1,0000)		0,0588	0,9412	0,0000		sum(1,0000)		0,0000	0,0000	1,0000		sum(1,0000)		
0,0000	0,0000	1,0000		sum(1,0000)		0,9344	0,0656	0,0000		sum(1,0000)		0,0000	0,0000	1,0000		sum(1,0000)		0,0000	0,0000	1,0000		sum(1,0000)		0,5348	0,4652	0,0000		sum(1,0000)		0,0000	0,4342	0,5658		sum(1,0000)		0,6072	0,3928	0,0000		sum(1,0000)		0,0000	0,0824	0,9176		sum(1,0000)		0,0000	0,0000	1,0000		sum(1,0000)		0,0000	0,0000	1,0000		sum(1,0000)		1,0000	0,0000	0,0000		sum(1,0000)		0,7385	0,2615	0,0000		sum(1,0000)		0,6334	0,3666	0,0000		sum(1,0000)		0,0000	0,0000	1,0000		sum(1,0000)		
0,0000	0,4758	0,5242		sum(1,0000)		0,9419	0,0581	0,0000		sum(1,0000)		0,0000	0,1149	0,8851		sum(1,0000)		0,0000	0,4241	0,5759		sum(1,0000)		1,0000	0,0000	0,0000		sum(1,0000)		0,0000	0,7566	0,2434		sum(1,0000)		0,7831	0,2169	0,0000		sum(1,0000)		0,0000	0,1450	0,8550		sum(1,0000)		0,0000	0,3204	0,6796		sum(1,0000)		0,0000	0,0000	1,0000		sum(1,0000)		1,0000	0,0000	0,0000		sum(1,0000)		0,9157	0,0843	0,0000		sum(1,0000)		0,7379	0,2621	0,0000		sum(1,0000)		0,0000	0,0000	1,0000		sum(1,0000)		
0,7060	0,2940	0,0000		sum(1,0000)		0,0000	0,3698	0,6302		sum(1,0000)		0,0000	0,8444	0,1556		sum(1,0000)		0,0000	0,7500	0,2500		sum(1,0000)		1,0000	0,0000	0,0000		sum(1,0000)		0,1876	0,8124	0,0000		sum(1,0000)		0,9339	0,0661	0,0000		sum(1,0000)		0,0000	0,2701	0,7299		sum(1,0000)		0,8891	0,1109	0,0000		sum(1,0000)		0,0000	0,4098	0,5902		sum(1,0000)		1,0000	0,0000	0,0000		sum(1,0000)		1,0000	0,0000	0,0000		sum(1,0000)		0,9991	0,0009	0,0000		sum(1,0000)		0,0000	0,0000	1,0000		sum(1,0000)		
0,0000	0,2374	0,7626		sum(1,0000)		0,0000	0,7709	0,2291		sum(1,0000)		0,0000	0,3955	0,6045		sum(1,0000)		0,0000	0,9673	0,0327		sum(1,0000)		0,0391	0,9609	0,0000		sum(1,0000)		0,7796	0,2204	0,0000		sum(1,0000)		1,0000	0,0000	0,0000		sum(1,0000)		0,0000	0,2701	0,7299		sum(1,0000)		1,0000	0,0000	0,0000		sum(1,0000)		0,0000	0,9020	0,0980		sum(1,0000)		0,0946	0,9054	0,0000		sum(1,0000)		0,8763	0,1237	0,0000		sum(1,0000)		0,5812	0,4188	0,0000		sum(1,0000)		0,0000	0,0000	1,0000		sum(1,0000)		
0,1804	0,8196	0,0000		sum(1,0000)		0,0000	0,7638	0,2362		sum(1,0000)		0,0000	0,2833	0,7167		sum(1,0000)		0,0000	0,5327	0,4673		sum(1,0000)		0,0942	0,9058	0,0000		sum(1,0000)		1,0000	0,0000	0,0000		sum(1,0000)		1,0000	0,0000	0,0000		sum(1,0000)		0,0000	0,0000	1,0000		sum(1,0000)		1,0000	0,0000	0,0000		sum(1,0000)		0,0000	0,9854	0,0146		sum(1,0000)		0,3790	0,6210	0,0000		sum(1,0000)		0,5908	0,4092	0,0000		sum(1,0000)		0,8685	0,1315	0,0000		sum(1,0000)		0,0000	0,0000	1,0000		sum(1,0000)		
0,0624	0,9376	0,0000		sum(1,0000)		0,0000	0,6372	0,3628		sum(1,0000)		0,0000	0,9286	0,0714		sum(1,0000)		0,3264	0,6736	0,0000		sum(1,0000)		0,0942	0,9058	0,0000		sum(1,0000)		1,0000	0,0000	0,0000		sum(1,0000)		1,0000	0,0000	0,0000		sum(1,0000)		0,0000	0,8957	0,1043		sum(1,0000)		1,0000	0,0000	0,0000		sum(1,0000)		0,0975	0,9025	0,0000		sum(1,0000)		0,9793	0,0207	0,0000		sum(1,0000)		0,9452	0,0548	0,0000		sum(1,0000)		0,5942	0,4058	0,0000		sum(1,0000)		0,0000	0,0000	1,0000		sum(1,0000)		
0,0000	0,1353	0,8647		sum(1,0000)		0,1299	0,8701	0,0000		sum(1,0000)		0,0643	0,9357	0,0000		sum(1,0000)		0,0000	0,5327	0,4673		sum(1,0000)		0,9753	0,0247	0,0000		sum(1,0000)		1,0000	0,0000	0,0000		sum(1,0000)		1,0000	0,0000	0,0000		sum(1,0000)		0,0000	0,8332	0,1668		sum(1,0000)		0,9030	0,0970	0,0000		sum(1,0000)		0,0000	0,0000	1,0000		sum(1,0000)		0,9161	0,0839	0,0000		sum(1,0000)		1,0000	0,0000	0,0000		sum(1,0000)		0,7510	0,2490	0,0000		sum(1,0000)		0,0000	0,0000	1,0000		sum(1,0000)		
0,0000	0,1920	0,8080		sum(1,0000)		0,0000	0,0000	1,0000		sum(1,0000)		0,1692	0,8308	0,0000		sum(1,0000)		0,0000	0,4241	0,5759		sum(1,0000)		1,0000	0,0000	0,0000		sum(1,0000)		1,0000	0,0000	0,0000		sum(1,0000)		1,0000	0,0000	0,0000		sum(1,0000)		0,0000	0,1450	0,8550		sum(1,0000)		0,7358	0,2642	0,0000		sum(1,0000)		0,0000	0,6962	0,3038		sum(1,0000)		0,6634	0,3366	0,0000		sum(1,0000)		0,9452	0,0548	0,0000		sum(1,0000)		0,9991	0,0009	0,0000		sum(1,0000)		0,0000	0,0000	1,0000		sum(1,0000)		
0,0000	0,5099	0,4901		sum(1,0000)		0,0000	0,4613	0,5387		sum(1,0000)		0,0000	0,2271	0,7729		sum(1,0000)		0,0000	0,3154	0,6846		sum(1,0000)		0,0000	0,8683	0,1317		sum(1,0000)		0,9433	0,0567	0,0000		sum(1,0000)		0,9339	0,0661	0,0000		sum(1,0000)		0,0000	0,7080	0,2920		sum(1,0000)		0,3040	0,6960	0,0000		sum(1,0000)		0,0000	0,0000	1,0000		sum(1,0000)		0,4422	0,5578	0,0000		sum(1,0000)		1,0000	0,0000	0,0000		sum(1,0000)		0,5420	0,4580	0,0000		sum(1,0000)		0,0000	0,0000	1,0000		sum(1,0000)		
0,2126	0,7874	0,0000		sum(1,0000)		0,0000	0,6935	0,3065		sum(1,0000)		0,0643	0,9357	0,0000		sum(1,0000)		0,0845	0,9155	0,0000		sum(1,0000)		1,0000	0,0000	0,0000		sum(1,0000)		1,0000	0,0000	0,0000		sum(1,0000)		1,0000	0,0000	0,0000		sum(1,0000)		0,0000	0,8957	0,1043		sum(1,0000)		0,9866	0,0134	0,0000		sum(1,0000)		0,0000	0,0000	1,0000		sum(1,0000)		0,8530	0,1470	0,0000		sum(1,0000)		0,9452	0,0548	0,0000		sum(1,0000)		0,5681	0,4319	0,0000		sum(1,0000)		0,0000	0,0000	1,0000		sum(1,0000)		
0,0000	0,3623	0,6377		sum(1,0000)		0,2640	0,7360	0,0000		sum(1,0000)		0,0000	0,0000	1,0000		sum(1,0000)		0,0000	0,0000	1,0000		sum(1,0000)		0,1493	0,8507	0,0000		sum(1,0000)		1,0000	0,0000	0,0000		sum(1,0000)		1,0000	0,0000	0,0000		sum(1,0000)		0,0000	0,9583	0,0417		sum(1,0000)		0,1925	0,8075	0,0000		sum(1,0000)		0,0000	0,1290	0,8710		sum(1,0000)		0,7898	0,2102	0,0000		sum(1,0000)		0,8960	0,1040	0,0000		sum(1,0000)		0,3983	0,6017	0,0000		sum(1,0000)		0,0000	0,0000	1,0000		sum(1,0000)		
0,0000	0,5666	0,4334		sum(1,0000)		0,0000	0,0000	1,0000		sum(1,0000)		0,0000	0,0000	1,0000		sum(1,0000)		0,0000	0,0000	1,0000		sum(1,0000)		0,0000	0,8283	0,1717		sum(1,0000)		0,5907	0,4093	0,0000		sum(1,0000)		0,9004	0,0996	0,0000		sum(1,0000)		0,8410	0,1590	0,0000		sum(1,0000)		0,7916	0,2084	0,0000		sum(1,0000)		0,0000	0,1735	0,8265		sum(1,0000)		1,0000	0,0000	0,0000		sum(1,0000)		0,7779	0,2221	0,0000		sum(1,0000)		0,7118	0,2882	0,0000		sum(1,0000)		0,0000	0,0000	1,0000		sum(1,0000)		
0,8776	0,1224	0,0000		sum(1,0000)		0,0000	0,9327	0,0673		sum(1,0000)		0,0119	0,9881	0,0000		sum(1,0000)		0,2055	0,7945	0,0000		sum(1,0000)		0,6449	0,3551	0,0000		sum(1,0000)		1,0000	0,0000	0,0000		sum(1,0000)		1,0000	0,0000	0,0000		sum(1,0000)		0,0000	0,8957	0,1043		sum(1,0000)		1,0000	0,0000	0,0000		sum(1,0000)		0,0108	0,9892	0,0000		sum(1,0000)		1,0000	0,0000	0,0000		sum(1,0000)		0,8665	0,1335	0,0000		sum(1,0000)		1,0000	0,0000	0,0000		sum(1,0000)		0,0000	0,0000	1,0000		sum(1,0000)		
0,2662	0,7338	0,0000		sum(1,0000)		0,4055	0,5945	0,0000		sum(1,0000)		0,1168	0,8832	0,0000		sum(1,0000)		0,0845	0,9155	0,0000		sum(1,0000)		1,0000	0,0000	0,0000		sum(1,0000)		1,0000	0,0000	0,0000		sum(1,0000)		1,0000	0,0000	0,0000		sum(1,0000)		0,0000	0,3952	0,6048		sum(1,0000)		1,0000	0,0000	0,0000		sum(1,0000)		0,0000	0,0000	1,0000		sum(1,0000)		1,0000	0,0000	0,0000		sum(1,0000)		1,0000	0,0000	0,0000		sum(1,0000)		1,0000	0,0000	0,0000		sum(1,0000)		0,0000	0,0000	1,0000		sum(1,0000)		
0,0000	0,0000	1,0000		sum(1,0000)		0,3161	0,6839	0,0000		sum(1,0000)		0,0000	0,5638	0,4362		sum(1,0000)		0,0000	0,9673	0,0327		sum(1,0000)		0,9203	0,0797	0,0000		sum(1,0000)		0,9685	0,0315	0,0000		sum(1,0000)		1,0000	0,0000	0,0000		sum(1,0000)		0,0000	0,6455	0,3545		sum(1,0000)		0,6105	0,3895	0,0000		sum(1,0000)		0,0000	0,0000	1,0000		sum(1,0000)		1,0000	0,0000	0,0000		sum(1,0000)		0,9846	0,0154	0,0000		sum(1,0000)		0,6334	0,3666	0,0000		sum(1,0000)		0,0000	0,0000	1,0000		sum(1,0000)		
0,0000	0,2147	0,7853		sum(1,0000)		0,0000	0,0000	1,0000		sum(1,0000)		0,0000	0,6480	0,3520		sum(1,0000)		0,0000	0,8586	0,1414		sum(1,0000)		0,7000	0,3000	0,0000		sum(1,0000)		0,9685	0,0315	0,0000		sum(1,0000)		1,0000	0,0000	0,0000		sum(1,0000)		0,0000	0,1450	0,8550		sum(1,0000)		0,8612	0,1388	0,0000		sum(1,0000)		0,0000	0,3959	0,6041		sum(1,0000)		1,0000	0,0000	0,0000		sum(1,0000)		0,9551	0,0449	0,0000		sum(1,0000)		0,4245	0,5755	0,0000		sum(1,0000)		0,0000	0,0000	1,0000		sum(1,0000)		
0,0000	0,5666	0,4334		sum(1,0000)		0,0000	0,3135	0,6865		sum(1,0000)		0,0000	0,5638	0,4362		sum(1,0000)		0,0000	0,3154	0,6846		sum(1,0000)		0,3145	0,6855	0,0000		sum(1,0000)		0,8174	0,1826	0,0000		sum(1,0000)		1,0000	0,0000	0,0000		sum(1,0000)		0,0000	0,7080	0,2920		sum(1,0000)		0,3736	0,6264	0,0000		sum(1,0000)		0,0000	0,5071	0,4929		sum(1,0000)		0,9161	0,0839	0,0000		sum(1,0000)		1,0000	0,0000	0,0000		sum(1,0000)		0,3983	0,6017	0,0000		sum(1,0000)		0,0000	0,0000	1,0000		sum(1,0000)		
0,0000	0,7142	0,2858		sum(1,0000)		0,0000	0,0531	0,9469		sum(1,0000)		0,1692	0,8308	0,0000		sum(1,0000)		0,0000	0,9673	0,0327		sum(1,0000)		0,0000	0,5081	0,4919		sum(1,0000)		1,0000	0,0000	0,0000		sum(1,0000)		1,0000	0,0000	0,0000		sum(1,0000)		0,0000	0,7080	0,2920		sum(1,0000)		0,4572	0,5428	0,0000		sum(1,0000)		0,0000	0,0000	1,0000		sum(1,0000)		1,0000	0,0000	0,0000		sum(1,0000)		1,0000	0,0000	0,0000		sum(1,0000)		0,1763	0,8237	0,0000		sum(1,0000)		0,0000	0,0000	1,0000		sum(1,0000)		
0,0000	0,8277	0,1723		sum(1,0000)		0,2565	0,7435	0,0000		sum(1,0000)		0,0000	0,8724	0,1276		sum(1,0000)		0,0000	0,9673	0,0327		sum(1,0000)		0,0000	0,5081	0,4919		sum(1,0000)		1,0000	0,0000	0,0000		sum(1,0000)		1,0000	0,0000	0,0000		sum(1,0000)		0,0000	0,0824	0,9176		sum(1,0000)		0,3040	0,6960	0,0000		sum(1,0000)		0,0000	0,0000	1,0000		sum(1,0000)		1,0000	0,0000	0,0000		sum(1,0000)		1,0000	0,0000	0,0000		sum(1,0000)		0,1633	0,8367	0,0000		sum(1,0000)		0,0000	0,0000	1,0000		sum(1,0000)		
0,0000	0,0000	1,0000		sum(1,0000)		0,0000	0,1798	0,8202		sum(1,0000)		0,0000	0,0000	1,0000		sum(1,0000)		0,0000	0,0000	1,0000		sum(1,0000)		0,6449	0,3551	0,0000		sum(1,0000)		0,5025	0,4975	0,0000		sum(1,0000)		1,0000	0,0000	0,0000		sum(1,0000)		0,0000	0,0000	1,0000		sum(1,0000)		0,4572	0,5428	0,0000		sum(1,0000)		0,0000	0,0000	1,0000		sum(1,0000)		1,0000	0,0000	0,0000		sum(1,0000)		1,0000	0,0000	0,0000		sum(1,0000)		0,8946	0,1054	0,0000		sum(1,0000)		0,0000	0,0000	1,0000		sum(1,0000)		

