0,37268519	0,62731481		0,00000000	0,00000000	0,47777778	0,52222222	0,00000000		1,00000000	0,00000000		1,00000000	0,00000000	0,00000000	0,00000000		0,00000000	0,91452991	0,08547009		1,00000000	0,00000000		0,00000000	1,00000000		1,00000000	0,00000000	0,00000000		
0,46064815	0,53935185		0,00000000	0,00000000	0,77777778	0,22222222	0,00000000		1,00000000	0,00000000		1,00000000	0,00000000	0,00000000	0,00000000		0,00000000	0,73504274	0,26495726		1,00000000	0,00000000		0,00000000	1,00000000		1,00000000	0,00000000	0,00000000		
0,59722222	0,40277778		0,00000000	0,84848485	0,15151515	0,00000000	0,00000000		0,00000000	1,00000000		1,00000000	0,00000000	0,00000000	0,00000000		0,00000000	0,70085470	0,29914530		1,00000000	0,00000000		0,37535817	0,62464183		1,00000000	0,00000000	0,00000000		
0,70138889	0,29861111		1,00000000	0,00000000	0,00000000	0,00000000	0,00000000		0,00000000	1,00000000		1,00000000	0,00000000	0,00000000	0,00000000		0,00000000	0,34188034	0,65811966		1,00000000	0,00000000		0,43266476	0,56733524		1,00000000	0,00000000	0,00000000		
0,16898148	0,83101852		0,00000000	0,00000000	0,31111111	0,68888889	0,00000000		0,00000000	1,00000000		1,00000000	0,00000000	0,00000000	0,00000000		0,00000000	0,00000000	1,00000000		1,00000000	0,00000000		0,00000000	1,00000000		1,00000000	0,00000000	0,00000000		
0,57638889	0,42361111		0,00000000	0,48484848	0,51515152	0,00000000	0,00000000		0,00000000	1,00000000		1,00000000	0,00000000	0,00000000	0,00000000		0,00000000	0,91452991	0,08547009		1,00000000	0,00000000		0,00000000	1,00000000		1,00000000	0,00000000	0,00000000		
0,50462963	0,49537037		0,00000000	0,00000000	0,86666667	0,13333333	0,00000000		1,00000000	0,00000000		1,00000000	0,00000000	0,00000000	0,00000000		0,08349515	0,91650485	0,00000000		0,91541353	0,08458647		0,00000000	1,00000000		1,00000000	0,00000000	0,00000000		
0,63888889	0,36111111		0,00000000	0,81818182	0,18181818	0,00000000	0,00000000		0,00000000	1,00000000		1,00000000	0,00000000	0,00000000	0,00000000		0,00000000	1,00000000	0,00000000		1,00000000	0,00000000		0,00000000	1,00000000		1,00000000	0,00000000	0,00000000		
0,05555556	0,94444444		0,00000000	0,00000000	0,00000000	0,73239437	0,26760563		1,00000000	0,00000000		0,00000000	0,69166667	0,30833333	0,00000000		0,00000000	0,00000000	1,00000000		1,00000000	0,00000000		0,00000000	1,00000000		1,00000000	0,00000000	0,00000000		
0,09953704	0,90046296		0,00000000	0,00000000	0,02222222	0,97777778	0,00000000		0,06976744	0,93023256		1,00000000	0,00000000	0,00000000	0,00000000		0,00000000	0,00000000	1,00000000		1,00000000	0,00000000		0,00000000	1,00000000		1,00000000	0,00000000	0,00000000		
0,37268519	0,62731481		0,00000000	0,00000000	0,46666667	0,53333333	0,00000000		1,00000000	0,00000000		1,00000000	0,00000000	0,00000000	0,00000000		0,11650485	0,88349515	0,00000000		0,73552632	0,26447368		0,00000000	1,00000000		1,00000000	0,00000000	0,00000000		
0,65740741	0,34259259		0,00000000	0,63636364	0,36363636	0,00000000	0,00000000		1,00000000	0,00000000		1,00000000	0,00000000	0,00000000	0,00000000		0,19611650	0,80388350	0,00000000		1,00000000	0,00000000		0,00000000	1,00000000		1,00000000	0,00000000	0,00000000		
0,68981481	0,31018519		0,20000000	0,80000000	0,00000000	0,00000000	0,00000000		0,06976744	0,93023256		1,00000000	0,00000000	0,00000000	0,00000000		0,20000000	0,80000000	0,00000000		0,84022556	0,15977444		0,62464183	0,37535817		1,00000000	0,00000000	0,00000000		
0,71527778	0,28472222		0,00000000	0,93939394	0,06060606	0,00000000	0,00000000		1,00000000	0,00000000		1,00000000	0,00000000	0,00000000	0,00000000		0,28349515	0,71650485	0,00000000		1,00000000	0,00000000		0,24068768	0,75931232		1,00000000	0,00000000	0,00000000		
0,72453704	0,27546296		0,00000000	0,96969697	0,03030303	0,00000000	0,00000000		1,00000000	0,00000000		1,00000000	0,00000000	0,00000000	0,00000000		0,36504854	0,63495146	0,00000000		1,00000000	0,00000000		0,37535817	0,62464183		1,00000000	0,00000000	0,00000000		
0,52777778	0,47222222		0,00000000	0,27272727	0,72727273	0,00000000	0,00000000		0,00000000	1,00000000		1,00000000	0,00000000	0,00000000	0,00000000		0,00000000	0,73504274	0,26495726		0,80281955	0,19718045		0,50143266	0,49856734		1,00000000	0,00000000	0,00000000		
0,66666667	0,33333333		1,00000000	0,00000000	0,00000000	0,00000000	0,00000000		0,00000000	1,00000000		1,00000000	0,00000000	0,00000000	0,00000000		0,00000000	0,30769231	0,69230769		0,60563910	0,39436090		0,50143266	0,49856734		1,00000000	0,00000000	0,00000000		
0,27314815	0,72685185		0,00000000	0,00000000	0,57777778	0,42222222	0,00000000		0,00000000	1,00000000		1,00000000	0,00000000	0,00000000	0,00000000		0,00000000	0,00000000	1,00000000		1,00000000	0,00000000		0,00000000	1,00000000		1,00000000	0,00000000	0,00000000		
0,50231481	0,49768519		0,00000000	0,48484848	0,51515152	0,00000000	0,00000000		0,00000000	1,00000000		1,00000000	0,00000000	0,00000000	0,00000000		0,00000000	0,00000000	1,00000000		1,00000000	0,00000000		0,87965616	0,12034384		1,00000000	0,00000000	0,00000000		
0,96064815	0,03935185		1,00000000	0,00000000	0,00000000	0,00000000	0,00000000		1,00000000	0,00000000		1,00000000	0,00000000	0,00000000	0,00000000		0,49126214	0,50873786	0,00000000		0,81842105	0,18157895		0,12034384	0,87965616		1,00000000	0,00000000	0,00000000		
0,62731481	0,37268519		0,00000000	0,00000000	0,96666667	0,03333333	0,00000000		1,00000000	0,00000000		1,00000000	0,00000000	0,00000000	0,00000000		0,33592233	0,66407767	0,00000000		1,00000000	0,00000000		0,00000000	1,00000000		1,00000000	0,00000000	0,00000000		
0,63888889	0,36111111		0,00000000	0,33333333	0,66666667	0,00000000	0,00000000		1,00000000	0,00000000		1,00000000	0,00000000	0,00000000	0,00000000		0,26019417	0,73980583	0,00000000		1,00000000	0,00000000		0,00000000	1,00000000		1,00000000	0,00000000	0,00000000		
0,22916667	0,77083333		0,00000000	0,00000000	0,41111111	0,58888889	0,00000000		0,00000000	1,00000000		1,00000000	0,00000000	0,00000000	0,00000000		0,00000000	0,00000000	1,00000000		1,00000000	0,00000000		0,00000000	1,00000000		1,00000000	0,00000000	0,00000000		
1,00000000	0,00000000		1,00000000	0,00000000	0,00000000	0,00000000	0,00000000		1,00000000	0,00000000		1,00000000	0,00000000	0,00000000	0,00000000		0,71067961	0,28932039	0,00000000		1,00000000	0,00000000		0,00000000	1,00000000		1,00000000	0,00000000	0,00000000		
0,43055556	0,56944444		0,00000000	0,00000000	0,56666667	0,43333333	0,00000000		1,00000000	0,00000000		1,00000000	0,00000000	0,00000000	0,00000000		0,11067961	0,88932039	0,00000000		1,00000000	0,00000000		0,00000000	1,00000000		1,00000000	0,00000000	0,00000000		
0,15740741	0,84259259		0,00000000	0,00000000	0,12222222	0,87777778	0,00000000		0,79069767	0,20930233		1,00000000	0,00000000	0,00000000	0,00000000		0,00000000	0,00000000	1,00000000		1,00000000	0,00000000		0,00000000	1,00000000		1,00000000	0,00000000	0,00000000		
0,89120370	0,10879630		1,00000000	0,00000000	0,00000000	0,00000000	0,00000000		1,00000000	0,00000000		1,00000000	0,00000000	0,00000000	0,00000000		0,53592233	0,46407767	0,00000000		0,95545113	0,04454887		0,37535817	0,62464183		1,00000000	0,00000000	0,00000000		
0,95601852	0,04398148		1,00000000	0,00000000	0,00000000	0,00000000	0,00000000		1,00000000	0,00000000		1,00000000	0,00000000	0,00000000	0,00000000		0,67184466	0,32815534	0,00000000		1,00000000	0,00000000		0,24928367	0,75071633		1,00000000	0,00000000	0,00000000		
0,63888889	0,36111111		0,00000000	0,57575758	0,42424242	0,00000000	0,00000000		1,00000000	0,00000000		1,00000000	0,00000000	0,00000000	0,00000000		0,15728155	0,84271845	0,00000000		1,00000000	0,00000000		0,00000000	1,00000000		1,00000000	0,00000000	0,00000000		
0,79166667	0,20833333		0,20000000	0,80000000	0,00000000	0,00000000	0,00000000		1,00000000	0,00000000		1,00000000	0,00000000	0,00000000	0,00000000		0,46019417	0,53980583	0,00000000		0,92575188	0,07424812		0,00000000	1,00000000		1,00000000	0,00000000	0,00000000		
0,85879630	0,14120370		1,00000000	0,00000000	0,00000000	0,00000000	0,00000000		1,00000000	0,00000000		1,00000000	0,00000000	0,00000000	0,00000000		0,63495146	0,36504854	0,00000000		1,00000000	0,00000000		0,00000000	1,00000000		1,00000000	0,00000000	0,00000000		
0,31944444	0,68055556		0,00000000	0,00000000	0,36666667	0,63333333	0,00000000		1,00000000	0,00000000		1,00000000	0,00000000	0,00000000	0,00000000		0,00000000	0,41025641	0,58974359		0,94812030	0,05187970		0,00000000	1,00000000		1,00000000	0,00000000	0,00000000		
0,64351852	0,35648148		0,00000000	0,00000000	0,95555556	0,04444444	0,00000000		1,00000000	0,00000000		1,00000000	0,00000000	0,00000000	0,00000000		0,22524272	0,77475728	0,00000000		0,85263158	0,14736842		0,00000000	1,00000000		1,00000000	0,00000000	0,00000000		
0,67824074	0,32175926		0,00000000	0,60606061	0,39393939	0,00000000	0,00000000		1,00000000	0,00000000		1,00000000	0,00000000	0,00000000	0,00000000		0,29514563	0,70485437	0,00000000		1,00000000	0,00000000		0,00000000	1,00000000		1,00000000	0,00000000	0,00000000		
0,42129630	0,57870370		0,00000000	0,00000000	0,65555556	0,34444444	0,00000000		1,00000000	0,00000000		1,00000000	0,00000000	0,00000000	0,00000000		0,00000000	0,77777778	0,22222222		1,00000000	0,00000000		0,00000000	1,00000000		1,00000000	0,00000000	0,00000000		
0,17361111	0,82638889		0,00000000	0,00000000	0,30000000	0,70000000	0,00000000		0,00000000	1,00000000		1,00000000	0,00000000	0,00000000	0,00000000		0,00000000	0,00000000	1,00000000		1,00000000	0,00000000		0,00000000	1,00000000		1,00000000	0,00000000	0,00000000		
0,15509259	0,84490741		0,00000000	0,00000000	0,00000000	1,00000000	0,00000000		1,00000000	0,00000000		1,00000000	0,00000000	0,00000000	0,00000000		0,00000000	0,00000000	1,00000000		1,00000000	0,00000000		0,00000000	1,00000000		1,00000000	0,00000000	0,00000000		
0,00000000	1,00000000		0,00000000	0,00000000	0,00000000	0,84507042	0,15492958		0,00000000	1,00000000		1,00000000	0,00000000	0,00000000	0,00000000		0,00000000	0,00000000	1,00000000		1,00000000	0,00000000		0,00000000	1,00000000		1,00000000	0,00000000	0,00000000		
0,47916667	0,52083333		0,00000000	0,00000000	0,83333333	0,16666667	0,00000000		1,00000000	0,00000000		1,00000000	0,00000000	0,00000000	0,00000000		0,02718447	0,97281553	0,00000000		1,00000000	0,00000000		0,00000000	1,00000000		1,00000000	0,00000000	0,00000000		
0,59953704	0,40046296		0,00000000	0,60606061	0,39393939	0,00000000	0,00000000		0,00000000	1,00000000		1,00000000	0,00000000	0,00000000	0,00000000		0,00776699	0,99223301	0,00000000		0,33289474	0,66710526		0,00000000	1,00000000		1,00000000	0,00000000	0,00000000		
0,77083333	0,22916667		1,00000000	0,00000000	0,00000000	0,00000000	0,00000000		0,27906977	0,72093023		1,00000000	0,00000000	0,00000000	0,00000000		0,28349515	0,71650485	0,00000000		1,00000000	0,00000000		0,00000000	1,00000000		1,00000000	0,00000000	0,00000000		
0,78009259	0,21990741		1,00000000	0,00000000	0,00000000	0,00000000	0,00000000		0,72093023	0,27906977		1,00000000	0,00000000	0,00000000	0,00000000		0,27961165	0,72038835	0,00000000		1,00000000	0,00000000		0,00000000	1,00000000		1,00000000	0,00000000	0,00000000		
0,85879630	0,14120370		1,00000000	0,00000000	0,00000000	0,00000000	0,00000000		0,00000000	1,00000000		1,00000000	0,00000000	0,00000000	0,00000000		0,19611650	0,80388350	0,00000000		1,00000000	0,00000000		0,49570201	0,50429799		1,00000000	0,00000000	0,00000000		
0,31712963	0,68287037		0,00000000	0,00000000	0,45555556	0,54444444	0,00000000		1,00000000	0,00000000		1,00000000	0,00000000	0,00000000	0,00000000		0,00000000	0,19658120	0,80341880		0,70394737	0,29605263		0,00000000	1,00000000		1,00000000	0,00000000	0,00000000		
0,40740741	0,59259259		0,00000000	0,00000000	0,81111111	0,18888889	0,00000000		0,00000000	1,00000000		1,00000000	0,00000000	0,00000000	0,00000000		0,00000000	0,00000000	1,00000000		1,00000000	0,00000000		0,00000000	1,00000000		1,00000000	0,00000000	0,00000000		
0,71064815	0,28935185		0,00000000	1,00000000	0,00000000	0,00000000	0,00000000		1,00000000	0,00000000		1,00000000	0,00000000	0,00000000	0,00000000		0,28543689	0,71456311	0,00000000		1,00000000	0,00000000		0,00000000	1,00000000		1,00000000	0,00000000	0,00000000		
0,34953704	0,65046296		0,00000000	0,00000000	0,56666667	0,43333333	0,00000000		0,51162791	0,48837209		1,00000000	0,00000000	0,00000000	0,00000000		0,00000000	0,22222222	0,77777778		1,00000000	0,00000000		0,00000000	1,00000000		1,00000000	0,00000000	0,00000000		
0,43518519	0,56481481		0,00000000	0,00000000	0,78888889	0,21111111	0,00000000		0,00000000	1,00000000		1,00000000	0,00000000	0,00000000	0,00000000		0,00000000	0,35897436	0,64102564		1,00000000	0,00000000		0,00000000	1,00000000		1,00000000	0,00000000	0,00000000		
0,48148148	0,51851852		0,00000000	0,00000000	0,83333333	0,16666667	0,00000000		1,00000000	0,00000000		1,00000000	0,00000000	0,00000000	0,00000000		0,02135922	0,97864078	0,00000000		1,00000000	0,00000000		0,00000000	1,00000000		1,00000000	0,00000000	0,00000000		
0,46527778	0,53472222		0,00000000	0,00000000	0,66666667	0,33333333	0,00000000		1,00000000	0,00000000		1,00000000	0,00000000	0,00000000	0,00000000		0,08543689	0,91456311	0,00000000		1,00000000	0,00000000		0,00000000	1,00000000		1,00000000	0,00000000	0,00000000		
0,56481481	0,43518519		0,00000000	0,00000000	0,96666667	0,03333333	0,00000000		1,00000000	0,00000000		1,00000000	0,00000000	0,00000000	0,00000000		0,05825243	0,94174757	0,00000000		0,84229323	0,15770677		0,00000000	1,00000000		1,00000000	0,00000000	0,00000000		
0,25231481	0,74768519		0,00000000	0,00000000	0,40000000	0,60000000	0,00000000		0,00000000	1,00000000		1,00000000	0,00000000	0,00000000	0,00000000		0,00000000	0,00000000	1,00000000		0,53815789	0,46184211		0,00000000	1,00000000		1,00000000	0,00000000	0,00000000		
0,55092593	0,44907407		0,00000000	0,00000000	0,73333333	0,26666667	0,00000000		1,00000000	0,00000000		1,00000000	0,00000000	0,00000000	0,00000000		0,36699029	0,63300971	0,00000000		0,81578947	0,18421053		0,00000000	1,00000000		1,00000000	0,00000000	0,00000000		
0,58796296	0,41203704		0,00000000	0,27272727	0,72727273	0,00000000	0,00000000		1,00000000	0,00000000		1,00000000	0,00000000	0,00000000	0,00000000		0,20000000	0,80000000	0,00000000		0,96390977	0,03609023		0,00000000	1,00000000		1,00000000	0,00000000	0,00000000		
0,54398148	0,45601852		0,00000000	0,00000000	0,74444444	0,25555556	0,00000000		1,00000000	0,00000000		1,00000000	0,00000000	0,00000000	0,00000000		0,36699029	0,63300971	0,00000000		1,00000000	0,00000000		0,00000000	1,00000000		1,00000000	0,00000000	0,00000000		
0,42592593	0,57407407		0,00000000	0,00000000	0,55555556	0,44444444	0,00000000		1,00000000	0,00000000		1,00000000	0,00000000	0,00000000	0,00000000		0,17475728	0,82524272	0,00000000		1,00000000	0,00000000		0,00000000	1,00000000		1,00000000	0,00000000	0,00000000		
0,55787037	0,44212963		0,00000000	0,06060606	0,93939394	0,00000000	0,00000000		1,00000000	0,00000000		1,00000000	0,00000000	0,00000000	0,00000000		0,00000000	0,35897436	0,64102564		1,00000000	0,00000000		0,00000000	1,00000000		1,00000000	0,00000000	0,00000000		
0,45138889	0,54861111		0,00000000	0,00000000	0,93333333	0,06666667	0,00000000		0,00000000	1,00000000		1,00000000	0,00000000	0,00000000	0,00000000		0,00000000	0,05982906	0,94017094		1,00000000	0,00000000		0,00000000	1,00000000		1,00000000	0,00000000	0,00000000		
0,34490741	0,65509259		0,00000000	0,00000000	0,55555556	0,44444444	0,00000000		0,60465116	0,39534884		1,00000000	0,00000000	0,00000000	0,00000000		0,00000000	0,00000000	1,00000000		1,00000000	0,00000000		0,00000000	1,00000000		1,00000000	0,00000000	0,00000000		
1,00000000	0,00000000		1,00000000	0,00000000	0,00000000	0,00000000	0,00000000		1,00000000	0,00000000		1,00000000	0,00000000	0,00000000	0,00000000		0,52427184	0,47572816	0,00000000		1,00000000	0,00000000		1,00000000	0,00000000		1,00000000	0,00000000	0,00000000		
1,00000000	0,00000000		1,00000000	0,00000000	0,00000000	0,00000000	0,00000000		1,00000000	0,00000000		1,00000000	0,00000000	0,00000000	0,00000000		0,87766990	0,12233010	0,00000000		1,00000000	0,00000000		1,00000000	0,00000000		1,00000000	0,00000000	0,00000000		
1,00000000	0,00000000		1,00000000	0,00000000	0,00000000	0,00000000	0,00000000		1,00000000	0,00000000		1,00000000	0,00000000	0,00000000	0,00000000		0,82135922	0,17864078	0,00000000		1,00000000	0,00000000		0,72492837	0,27507163		1,00000000	0,00000000	0,00000000		
1,00000000	0,00000000		1,00000000	0,00000000	0,00000000	0,00000000	0,00000000		0,00000000	1,00000000		1,00000000	0,00000000	0,00000000	0,00000000		0,50485437	0,49514563	0,00000000		0,98421053	0,01578947		1,00000000	0,00000000		1,00000000	0,00000000	0,00000000		
0,84490741	0,15509259		1,00000000	0,00000000	0,00000000	0,00000000	0,00000000		1,00000000	0,00000000		1,00000000	0,00000000	0,00000000	0,00000000		0,45048544	0,54951456	0,00000000		0,80808271	0,19191729		0,00000000	1,00000000		1,00000000	0,00000000	0,00000000		
0,94675926	0,05324074		1,00000000	0,00000000	0,00000000	0,00000000	0,00000000		1,00000000	0,00000000		1,00000000	0,00000000	0,00000000	0,00000000		0,53592233	0,46407767	0,00000000		1,00000000	0,00000000		0,49856734	0,50143266		1,00000000	0,00000000	0,00000000		
0,92361111	0,07638889		1,00000000	0,00000000	0,00000000	0,00000000	0,00000000		0,09302326	0,90697674		1,00000000	0,00000000	0,00000000	0,00000000		0,35533981	0,64466019	0,00000000		1,00000000	0,00000000		1,00000000	0,00000000		1,00000000	0,00000000	0,00000000		
0,58564815	0,41435185		0,00000000	0,00000000	1,00000000	0,00000000	0,00000000		1,00000000	0,00000000		1,00000000	0,00000000	0,00000000	0,00000000		0,21747573	0,78252427	0,00000000		1,00000000	0,00000000		0,00000000	1,00000000		1,00000000	0,00000000	0,00000000		
0,66203704	0,33796296		0,00000000	0,24242424	0,75757576	0,00000000	0,00000000		1,00000000	0,00000000		1,00000000	0,00000000	0,00000000	0,00000000		0,27961165	0,72038835	0,00000000		1,00000000	0,00000000		0,00000000	1,00000000		1,00000000	0,00000000	0,00000000		
0,57870370	0,42129630		0,00000000	0,00000000	0,97777778	0,02222222	0,00000000		1,00000000	0,00000000		1,00000000	0,00000000	0,00000000	0,00000000		0,28932039	0,71067961	0,00000000		1,00000000	0,00000000		0,00000000	1,00000000		1,00000000	0,00000000	0,00000000		
0,95833333	0,04166667		1,00000000	0,00000000	0,00000000	0,00000000	0,00000000		1,00000000	0,00000000		1,00000000	0,00000000	0,00000000	0,00000000		0,81553398	0,18446602	0,00000000		0,92537594	0,07462406		0,00000000	1,00000000		1,00000000	0,00000000	0,00000000		
0,00000000	1,00000000		0,00000000	0,00000000	0,00000000	0,00000000	1,00000000		1,00000000	0,00000000		0,00000000	0,11666667	0,88333333	0,00000000		0,00000000	0,00000000	1,00000000		0,82330827	0,17669173		0,00000000	1,00000000		0,00000000	1,00000000	0,00000000		
0,00694444	0,99305556		0,00000000	0,00000000	0,00000000	0,43661972	0,56338028		1,00000000	0,00000000		0,00000000	0,92083333	0,07916667	0,00000000		0,00000000	0,00000000	1,00000000		0,71071429	0,28928571		0,00000000	1,00000000		0,00000000	1,00000000	0,00000000		
0,00000000	1,00000000		0,00000000	0,00000000	0,00000000	0,35211268	0,64788732		1,00000000	0,00000000		0,01123596	0,98876404	0,00000000	0,00000000		0,00000000	0,00000000	1,00000000		0,73627820	0,26372180		0,00000000	1,00000000		0,00000000	1,00000000	0,00000000		
0,00000000	1,00000000		0,00000000	0,00000000	0,00000000	0,00000000	1,00000000		0,00000000	1,00000000		0,00000000	0,27083333	0,72916667	0,00000000		0,00000000	0,00000000	1,00000000		1,00000000	0,00000000		0,00000000	1,00000000		0,00000000	1,00000000	0,00000000		
0,01157407	0,98842593		0,00000000	0,00000000	0,00000000	0,66197183	0,33802817		1,00000000	0,00000000		0,00000000	0,84166667	0,15833333	0,00000000		0,00000000	0,00000000	1,00000000		0,83684211	0,16315789		0,00000000	1,00000000		0,00000000	1,00000000	0,00000000		
0,02314815	0,97685185		0,00000000	0,00000000	0,00000000	0,50704225	0,49295775		1,00000000	0,00000000		0,58426966	0,41573034	0,00000000	0,00000000		0,00000000	0,00000000	1,00000000		0,66466165	0,33533835		0,00000000	1,00000000		0,00000000	1,00000000	0,00000000		
0,00000000	1,00000000		0,00000000	0,00000000	0,00000000	0,09859155	0,90140845		1,00000000	0,00000000		0,00000000	0,64583333	0,35416667	0,00000000		0,00000000	0,13675214	0,86324786		0,87067669	0,12932331		0,00000000	1,00000000		0,00000000	1,00000000	0,00000000		
0,00000000	1,00000000		0,00000000	0,00000000	0,00000000	0,00000000	1,00000000		1,00000000	0,00000000		0,00000000	0,00000000	0,00000000	1,00000000		0,00000000	0,00000000	1,00000000		0,75281955	0,24718045		0,00000000	1,00000000		0,00000000	1,00000000	0,00000000		
0,00000000	1,00000000		0,00000000	0,00000000	0,00000000	0,00000000	1,00000000		1,00000000	0,00000000		0,00000000	0,00000000	0,00000000	1,00000000		0,00000000	0,00000000	1,00000000		0,63759398	0,36240602		0,00000000	1,00000000		0,00000000	1,00000000	0,00000000		
0,00000000	1,00000000		0,00000000	0,00000000	0,00000000	0,60563380	0,39436620		0,00000000	1,00000000		1,00000000	0,00000000	0,00000000	0,00000000		0,00000000	0,00000000	1,00000000		1,00000000	0,00000000		0,00000000	1,00000000		0,00000000	1,00000000	0,00000000		
0,07870370	0,92129630		0,00000000	0,00000000	0,00000000	0,90140845	0,09859155		1,00000000	0,00000000		1,00000000	0,00000000	0,00000000	0,00000000		0,00000000	0,00000000	1,00000000		0,54962406	0,45037594		0,00000000	1,00000000		0,00000000	1,00000000	0,00000000		
0,00000000	1,00000000		0,00000000	0,00000000	0,00000000	0,00000000	1,00000000		0,00000000	1,00000000		0,00000000	0,88750000	0,11250000	0,00000000		0,00000000	0,00000000	1,00000000		0,58872180	0,41127820		0,00000000	1,00000000		0,00000000	1,00000000	0,00000000		
0,00000000	1,00000000		0,00000000	0,00000000	0,00000000	0,00000000	1,00000000		0,00000000	1,00000000		0,00000000	0,00000000	0,00000000	1,00000000		0,00000000	0,00000000	1,00000000		0,61710526	0,38289474		0,00000000	1,00000000		0,00000000	1,00000000	0,00000000		
0,00000000	1,00000000		0,00000000	0,00000000	0,00000000	0,00000000	1,00000000		1,00000000	0,00000000		0,00000000	0,00000000	0,00000000	1,00000000		0,00000000	0,00000000	1,00000000		1,00000000	0,00000000		0,00000000	1,00000000		0,00000000	1,00000000	0,00000000		
0,00000000	1,00000000		0,00000000	0,00000000	0,00000000	0,00000000	1,00000000		1,00000000	0,00000000		0,00000000	0,00000000	0,00000000	1,00000000		0,00000000	0,00000000	1,00000000		1,00000000	0,00000000		0,00000000	1,00000000		0,00000000	1,00000000	0,00000000		
0,00000000	1,00000000		0,00000000	0,00000000	0,00000000	0,00000000	1,00000000		0,30232558	0,69767442		0,00000000	0,19166667	0,80833333	0,00000000		0,00000000	0,00000000	1,00000000		1,00000000	0,00000000		0,00000000	1,00000000		0,00000000	1,00000000	0,00000000		
0,00000000	1,00000000		0,00000000	0,00000000	0,00000000	0,00000000	1,00000000		0,00000000	1,00000000		0,00000000	0,56250000	0,43750000	0,00000000		0,00000000	0,00000000	1,00000000		1,00000000	0,00000000		0,00000000	1,00000000		0,00000000	1,00000000	0,00000000		
0,00000000	1,00000000		0,00000000	0,00000000	0,00000000	0,00000000	1,00000000		1,00000000	0,00000000		0,00000000	0,00000000	0,00000000	1,00000000		0,00000000	0,00000000	1,00000000		0,89567669	0,10432331		0,00000000	1,00000000		0,00000000	1,00000000	0,00000000		
0,00000000	1,00000000		0,00000000	0,00000000	0,00000000	0,00000000	1,00000000		0,00000000	1,00000000		0,00000000	0,00000000	0,00000000	1,00000000		0,00000000	0,00000000	1,00000000		0,50300752	0,49699248		0,00000000	1,00000000		0,00000000	1,00000000	0,00000000		
0,00000000	1,00000000		0,00000000	0,00000000	0,00000000	0,00000000	1,00000000		0,00000000	1,00000000		0,00000000	0,00000000	0,00000000	1,00000000		0,00000000	0,00000000	1,00000000		0,64661654	0,35338346		0,00000000	1,00000000		0,00000000	1,00000000	0,00000000		
0,00000000	1,00000000		0,00000000	0,00000000	0,00000000	0,00000000	1,00000000		1,00000000	0,00000000		0,00000000	0,00000000	0,00000000	1,00000000		0,00000000	0,00000000	1,00000000		1,00000000	0,00000000		0,00000000	1,00000000		0,00000000	1,00000000	0,00000000		
0,00000000	1,00000000		0,00000000	0,00000000	0,00000000	0,00000000	1,00000000		0,00000000	1,00000000		0,00000000	0,19583333	0,80416667	0,00000000		0,00000000	0,00000000	1,00000000		1,00000000	0,00000000		0,00000000	1,00000000		0,00000000	1,00000000	0,00000000		
0,00000000	1,00000000		0,00000000	0,00000000	0,00000000	0,00000000	1,00000000		0,00000000	1,00000000		0,00000000	0,00000000	0,00000000	1,00000000		0,00000000	0,00000000	1,00000000		0,98101504	0,01898496		0,00000000	1,00000000		0,00000000	1,00000000	0,00000000		
0,00000000	1,00000000		0,00000000	0,00000000	0,00000000	0,00000000	1,00000000		0,00000000	1,00000000		0,00000000	0,75833333	0,24166667	0,00000000		0,00000000	0,00000000	1,00000000		0,46146617	0,53853383		0,00000000	1,00000000		0,00000000	1,00000000	0,00000000		
0,00000000	1,00000000		0,00000000	0,00000000	0,00000000	0,00000000	1,00000000		1,00000000	0,00000000		0,00000000	0,00000000	0,00000000	1,00000000		0,00000000	0,00000000	1,00000000		0,66221805	0,33778195		0,00000000	1,00000000		0,00000000	1,00000000	0,00000000		
0,00000000	1,00000000		0,00000000	0,00000000	0,00000000	0,46478873	0,53521127		1,00000000	0,00000000		0,00000000	0,33333333	0,66666667	0,00000000		0,00000000	0,00000000	1,00000000		0,89473684	0,10526316		0,00000000	1,00000000		0,00000000	1,00000000	0,00000000		
0,00000000	1,00000000		0,00000000	0,00000000	0,00000000	0,00000000	1,00000000		1,00000000	0,00000000		0,00000000	0,00000000	0,00000000	1,00000000		0,00000000	0,00000000	1,00000000		0,93590226	0,06409774		0,00000000	1,00000000		0,00000000	1,00000000	0,00000000		
0,00000000	1,00000000		0,00000000	0,00000000	0,00000000	0,00000000	1,00000000		1,00000000	0,00000000		0,00000000	0,00000000	0,00000000	1,00000000		0,00000000	0,00000000	1,00000000		1,00000000	0,00000000		0,00000000	1,00000000		0,00000000	1,00000000	0,00000000		
0,00000000	1,00000000		0,00000000	0,00000000	0,00000000	0,00000000	1,00000000		1,00000000	0,00000000		0,00000000	0,00000000	0,00000000	1,00000000		0,00000000	0,00000000	1,00000000		1,00000000	0,00000000		0,00000000	1,00000000		0,00000000	1,00000000	0,00000000		
0,00000000	1,00000000		0,00000000	0,00000000	0,00000000	0,00000000	1,00000000		1,00000000	0,00000000		0,00000000	0,00000000	1,00000000	0,00000000		0,00000000	0,00000000	1,00000000		1,00000000	0,00000000		0,00000000	1,00000000		0,00000000	1,00000000	0,00000000		
0,10648148	0,89351852		0,00000000	0,00000000	0,02222222	0,97777778	0,00000000		0,39534884	0,60465116		1,00000000	0,00000000	0,00000000	0,00000000		0,00000000	0,00000000	1,00000000		0,79680451	0,20319549		0,00000000	1,00000000		0,00000000	1,00000000	0,00000000		
0,00000000	1,00000000		0,00000000	0,00000000	0,00000000	0,16901408	0,83098592		0,00000000	1,00000000		1,00000000	0,00000000	0,00000000	0,00000000		0,00000000	0,00000000	1,00000000		1,00000000	0,00000000		0,00000000	1,00000000		0,00000000	1,00000000	0,00000000		
0,00000000	1,00000000		0,00000000	0,00000000	0,00000000	0,00000000	1,00000000		0,00000000	1,00000000		0,00000000	0,44166667	0,55833333	0,00000000		0,00000000	0,00000000	1,00000000		0,77969925	0,22030075		0,00000000	1,00000000		0,00000000	1,00000000	0,00000000		
0,00000000	1,00000000		0,00000000	0,00000000	0,00000000	0,00000000	1,00000000		1,00000000	0,00000000		0,00000000	0,00000000	0,00000000	1,00000000		0,00000000	0,00000000	1,00000000		0,95845865	0,04154135		0,00000000	1,00000000		0,00000000	1,00000000	0,00000000		
0,00000000	1,00000000		0,00000000	0,00000000	0,00000000	0,00000000	1,00000000		1,00000000	0,00000000		0,00000000	0,00000000	0,27500000	0,72500000		0,00000000	0,00000000	1,00000000		0,95639098	0,04360902		0,00000000	1,00000000		0,00000000	1,00000000	0,00000000		
0,00000000	1,00000000		0,00000000	0,00000000	0,00000000	0,00000000	1,00000000		0,00000000	1,00000000		0,00000000	0,75833333	0,24166667	0,00000000		0,00000000	0,00000000	1,00000000		1,00000000	0,00000000		0,00000000	1,00000000		0,00000000	1,00000000	0,00000000		
0,00000000	1,00000000		0,00000000	0,00000000	0,00000000	0,00000000	1,00000000		0,00000000	1,00000000		0,00000000	0,27916667	0,72083333	0,00000000		0,00000000	0,00000000	1,00000000		1,00000000	0,00000000		0,00000000	1,00000000		0,00000000	1,00000000	0,00000000		
0,00000000	1,00000000		0,00000000	0,00000000	0,00000000	0,16901408	0,83098592		1,00000000	0,00000000		0,00000000	0,77500000	0,22500000	0,00000000		0,00000000	0,00000000	1,00000000		0,88515038	0,11484962		0,00000000	1,00000000		0,00000000	1,00000000	0,00000000		
0,00000000	1,00000000		0,00000000	0,00000000	0,00000000	0,00000000	1,00000000		1,00000000	0,00000000		0,00000000	0,00000000	0,00000000	1,00000000		0,00000000	0,00000000	1,00000000		0,97819549	0,02180451		0,00000000	1,00000000		0,00000000	1,00000000	0,00000000		
0,00000000	1,00000000		0,00000000	0,00000000	0,00000000	0,00000000	1,00000000		0,41860465	0,58139535		0,00000000	0,27500000	0,72500000	0,00000000		0,00000000	0,00000000	1,00000000		1,00000000	0,00000000		0,00000000	1,00000000		0,00000000	1,00000000	0,00000000		
0,00000000	1,00000000		0,00000000	0,00000000	0,00000000	0,00000000	1,00000000		0,00000000	1,00000000		0,00000000	0,46666667	0,53333333	0,00000000		0,00000000	0,00000000	1,00000000		1,00000000	0,00000000		0,00000000	1,00000000		0,00000000	1,00000000	0,00000000		
0,00000000	1,00000000		0,00000000	0,00000000	0,00000000	0,00000000	1,00000000		1,00000000	0,00000000		0,00000000	0,00000000	0,00000000	1,00000000		0,00000000	0,00000000	1,00000000		0,89812030	0,10187970		0,00000000	1,00000000		0,00000000	1,00000000	0,00000000		
0,00000000	1,00000000		0,00000000	0,00000000	0,00000000	0,00000000	1,00000000		0,00000000	1,00000000		0,00000000	0,15000000	0,85000000	0,00000000		0,00000000	0,00000000	1,00000000		1,00000000	0,00000000		0,00000000	1,00000000		0,00000000	1,00000000	0,00000000		
0,00000000	1,00000000		0,00000000	0,00000000	0,00000000	0,00000000	1,00000000		1,00000000	0,00000000		0,00000000	0,00000000	0,00000000	1,00000000		0,00000000	0,00000000	1,00000000		0,33345865	0,66654135		0,00000000	1,00000000		0,00000000	1,00000000	0,00000000		
0,00000000	1,00000000		0,00000000	0,00000000	0,00000000	0,00000000	1,00000000		0,55813953	0,44186047		0,00000000	0,00000000	0,00000000	1,00000000		0,00000000	0,00000000	1,00000000		0,71033835	0,28966165		0,00000000	1,00000000		0,00000000	1,00000000	0,00000000		
0,00000000	1,00000000		0,00000000	0,00000000	0,00000000	0,00000000	1,00000000		0,67441860	0,32558140		0,00000000	0,00000000	0,00000000	1,00000000		0,00000000	0,00000000	1,00000000		1,00000000	0,00000000		0,00000000	1,00000000		0,00000000	1,00000000	0,00000000		
0,00000000	1,00000000		0,00000000	0,00000000	0,00000000	0,00000000	1,00000000		0,00000000	1,00000000		0,00000000	0,70000000	0,30000000	0,00000000		0,00000000	0,00000000	1,00000000		0,77481203	0,22518797		0,00000000	1,00000000		0,00000000	1,00000000	0,00000000		
0,00000000	1,00000000		0,00000000	0,00000000	0,00000000	0,00000000	1,00000000		0,00000000	1,00000000		0,00000000	0,00000000	0,35000000	0,65000000		0,00000000	0,00000000	1,00000000		1,00000000	0,00000000		0,00000000	1,00000000		0,00000000	1,00000000	0,00000000		
0,00000000	1,00000000		0,00000000	0,00000000	0,00000000	0,00000000	1,00000000		0,00000000	1,00000000		0,00000000	0,00000000	0,80000000	0,20000000		0,00000000	0,00000000	1,00000000		0,90545113	0,09454887		0,00000000	1,00000000		0,00000000	1,00000000	0,00000000		
0,00000000	1,00000000		0,00000000	0,00000000	0,00000000	0,00000000	1,00000000		1,00000000	0,00000000		0,00000000	0,00000000	0,00000000	1,00000000		0,00000000	0,00000000	1,00000000		1,00000000	0,00000000		0,00000000	1,00000000		0,00000000	1,00000000	0,00000000		
0,00000000	1,00000000		0,00000000	0,00000000	0,00000000	0,00000000	1,00000000		0,00000000	1,00000000		0,00000000	0,00000000	0,00000000	1,00000000		0,00000000	0,00000000	1,00000000		0,48026316	0,51973684		0,00000000	1,00000000		0,00000000	1,00000000	0,00000000		
0,00000000	1,00000000		0,00000000	0,00000000	0,00000000	0,00000000	1,00000000		1,00000000	0,00000000		0,00000000	0,66666667	0,33333333	0,00000000		0,00000000	0,00000000	1,00000000		0,90921053	0,09078947		0,00000000	1,00000000		0,00000000	1,00000000	0,00000000		
0,16203704	0,83796296		0,00000000	0,00000000	0,00000000	0,84507042	0,15492958		1,00000000	0,00000000		1,00000000	0,00000000	0,00000000	0,00000000		0,00000000	0,27350427	0,72649573		0,78383459	0,21616541		0,00000000	1,00000000		0,00000000	1,00000000	0,00000000		
0,00000000	1,00000000		0,00000000	0,00000000	0,00000000	0,01408451	0,98591549		0,00000000	1,00000000		0,00000000	0,99583333	0,00416667	0,00000000		0,00000000	0,00000000	1,00000000		1,00000000	0,00000000		0,00000000	1,00000000		0,00000000	1,00000000	0,00000000		
0,20370370	0,79629630		0,00000000	0,00000000	0,42222222	0,57777778	0,00000000		0,00000000	1,00000000		1,00000000	0,00000000	0,00000000	0,00000000		0,00000000	0,00000000	1,00000000		0,96240602	0,03759398		0,00000000	1,00000000		0,00000000	1,00000000	0,00000000		
0,00000000	1,00000000		0,00000000	0,00000000	0,00000000	0,00000000	1,00000000		0,00000000	1,00000000		0,00000000	0,45000000	0,55000000	0,00000000		0,00000000	0,00000000	1,00000000		0,80225564	0,19774436		0,00000000	1,00000000		0,00000000	1,00000000	0,00000000		
0,00000000	1,00000000		0,00000000	0,00000000	0,00000000	0,00000000	1,00000000		1,00000000	0,00000000		0,00000000	0,00000000	0,00000000	1,00000000		0,00000000	0,00000000	1,00000000		0,76409774	0,23590226		0,00000000	1,00000000		0,00000000	1,00000000	0,00000000		
0,00000000	1,00000000		0,00000000	0,00000000	0,00000000	0,18309859	0,81690141		0,00000000	1,00000000		0,00000000	1,00000000	0,00000000	0,00000000		0,00000000	0,00000000	1,00000000		1,00000000	0,00000000		0,00000000	1,00000000		0,00000000	1,00000000	0,00000000		
0,00000000	1,00000000		0,00000000	0,00000000	0,00000000	0,00000000	1,00000000		1,00000000	0,00000000		0,00000000	0,00000000	0,00000000	1,00000000		0,00000000	0,00000000	1,00000000		1,00000000	0,00000000		0,00000000	1,00000000		0,00000000	1,00000000	0,00000000		
0,00000000	1,00000000		0,00000000	0,00000000	0,00000000	0,45070423	0,54929577		0,00000000	1,00000000		1,00000000	0,00000000	0,00000000	0,00000000		0,00000000	0,00000000	1,00000000		0,58082707	0,41917293		0,00000000	1,00000000		0,00000000	1,00000000	0,00000000		
0,00000000	1,00000000		0,00000000	0,00000000	0,00000000	0,12676056	0,87323944		0,00000000	1,00000000		0,00000000	1,00000000	0,00000000	0,00000000		0,00000000	0,00000000	1,00000000		1,00000000	0,00000000		0,00000000	1,00000000		0,00000000	1,00000000	0,00000000		
0,00000000	1,00000000		0,00000000	0,00000000	0,00000000	0,00000000	1,00000000		0,00000000	1,00000000		0,00000000	0,31250000	0,68750000	0,00000000		0,00000000	0,00000000	1,00000000		1,00000000	0,00000000		0,00000000	1,00000000		0,00000000	1,00000000	0,00000000		
0,34490741	0,65509259		0,00000000	0,00000000	0,41111111	0,58888889	0,00000000		1,00000000	0,00000000		1,00000000	0,00000000	0,00000000	0,00000000		0,06601942	0,93398058	0,00000000		0,75075188	0,24924812		0,00000000	1,00000000		0,00000000	1,00000000	0,00000000		
0,16435185	0,83564815		0,00000000	0,00000000	0,00000000	0,91549296	0,08450704		1,00000000	0,00000000		1,00000000	0,00000000	0,00000000	0,00000000		0,00000000	0,20512821	0,79487179		0,78759398	0,21240602		0,00000000	1,00000000		0,00000000	1,00000000	0,00000000		
0,30324074	0,69675926		0,00000000	0,00000000	0,42222222	0,57777778	0,00000000		1,00000000	0,00000000		1,00000000	0,00000000	0,00000000	0,00000000		0,00000000	0,09401709	0,90598291		0,65488722	0,34511278		0,00000000	1,00000000		0,00000000	1,00000000	0,00000000		
0,34490741	0,65509259		0,00000000	0,00000000	0,67777778	0,32222222	0,00000000		0,00000000	1,00000000		1,00000000	0,00000000	0,00000000	0,00000000		0,00000000	0,00000000	1,00000000		0,91278195	0,08721805		0,00000000	1,00000000		0,00000000	1,00000000	0,00000000		
0,00000000	1,00000000		0,00000000	0,00000000	0,00000000	0,30985915	0,69014085		1,00000000	0,00000000		0,00000000	0,30833333	0,69166667	0,00000000		0,00000000	0,00000000	1,00000000		0,92669173	0,07330827		0,00000000	1,00000000		0,00000000	1,00000000	0,00000000		
0,30092593	0,69907407		0,00000000	0,00000000	0,13333333	0,86666667	0,00000000		1,00000000	0,00000000		0,66292135	0,33707865	0,00000000	0,00000000		0,13786408	0,86213592	0,00000000		1,00000000	0,00000000		0,00000000	1,00000000		0,00000000	1,00000000	0,00000000		
0,29398148	0,70601852		0,00000000	0,00000000	0,17777778	0,82222222	0,00000000		1,00000000	0,00000000		1,00000000	0,00000000	0,00000000	0,00000000		0,03106796	0,96893204	0,00000000		1,00000000	0,00000000		0,00000000	1,00000000		0,00000000	1,00000000	0,00000000		
0,14814815	0,85185185		0,00000000	0,00000000	0,10000000	0,90000000	0,00000000		0,76744186	0,23255814		1,00000000	0,00000000	0,00000000	0,00000000		0,00000000	0,00000000	1,00000000		0,88101504	0,11898496		0,00000000	1,00000000		0,00000000	1,00000000	0,00000000		
0,87962963	0,12037037		1,00000000	0,00000000	0,00000000	0,00000000	0,00000000		1,00000000	0,00000000		1,00000000	0,00000000	0,00000000	0,00000000		0,59805825	0,40194175	0,00000000		0,59248120	0,40751880		0,00000000	1,00000000		0,00000000	0,00000000	1,00000000		
0,82175926	0,17824074		1,00000000	0,00000000	0,00000000	0,00000000	0,00000000		1,00000000	0,00000000		1,00000000	0,00000000	0,00000000	0,00000000		0,44466019	0,55533981	0,00000000		0,26710526	0,73289474		0,00000000	1,00000000		0,00000000	0,00000000	1,00000000		
0,81712963	0,18287037		0,90000000	0,10000000	0,00000000	0,00000000	0,00000000		1,00000000	0,00000000		1,00000000	0,00000000	0,00000000	0,00000000		0,44271845	0,55728155	0,00000000		0,46259398	0,53740602		0,00000000	1,00000000		0,00000000	0,00000000	1,00000000		
1,00000000	0,00000000		1,00000000	0,00000000	0,00000000	0,00000000	0,00000000		1,00000000	0,00000000		1,00000000	0,00000000	0,00000000	0,00000000		0,65048544	0,34951456	0,00000000		0,56146617	0,43853383		0,00000000	1,00000000		0,00000000	0,00000000	1,00000000		
1,00000000	0,00000000		1,00000000	0,00000000	0,00000000	0,00000000	0,00000000		1,00000000	0,00000000		1,00000000	0,00000000	0,00000000	0,00000000		1,00000000	0,00000000	0,00000000		0,74906015	0,25093985		0,00000000	1,00000000		0,00000000	0,00000000	1,00000000		
1,00000000	0,00000000		1,00000000	0,00000000	0,00000000	0,00000000	0,00000000		1,00000000	0,00000000		1,00000000	0,00000000	0,00000000	0,00000000		1,00000000	0,00000000	0,00000000		0,42988722	0,57011278		0,00000000	1,00000000		0,00000000	0,00000000	1,00000000		
1,00000000	0,00000000		1,00000000	0,00000000	0,00000000	0,00000000	0,00000000		1,00000000	0,00000000		1,00000000	0,00000000	0,00000000	0,00000000		1,00000000	0,00000000	0,00000000		1,00000000	0,00000000		0,00000000	1,00000000		0,00000000	0,00000000	1,00000000		
1,00000000	0,00000000		1,00000000	0,00000000	0,00000000	0,00000000	0,00000000		1,00000000	0,00000000		1,00000000	0,00000000	0,00000000	0,00000000		0,65048544	0,34951456	0,00000000		0,75845865	0,24154135		0,00000000	1,00000000		0,00000000	0,00000000	1,00000000		
0,96527778	0,03472222		1,00000000	0,00000000	0,00000000	0,00000000	0,00000000		1,00000000	0,00000000		1,00000000	0,00000000	0,00000000	0,00000000		0,75922330	0,24077670	0,00000000		0,97669173	0,02330827		0,00000000	1,00000000		0,00000000	0,00000000	1,00000000		
1,00000000	0,00000000		1,00000000	0,00000000	0,00000000	0,00000000	0,00000000		1,00000000	0,00000000		1,00000000	0,00000000	0,00000000	0,00000000		1,00000000	0,00000000	0,00000000		0,56278195	0,43721805		0,00000000	1,00000000		0,00000000	0,00000000	1,00000000		
1,00000000	0,00000000		1,00000000	0,00000000	0,00000000	0,00000000	0,00000000		1,00000000	0,00000000		1,00000000	0,00000000	0,00000000	0,00000000		0,89708738	0,10291262	0,00000000		0,61296992	0,38703008		0,00000000	1,00000000		0,00000000	0,00000000	1,00000000		
1,00000000	0,00000000		1,00000000	0,00000000	0,00000000	0,00000000	0,00000000		1,00000000	0,00000000		1,00000000	0,00000000	0,00000000	0,00000000		1,00000000	0,00000000	0,00000000		0,27518797	0,72481203		0,00000000	1,00000000		0,00000000	0,00000000	1,00000000		
1,00000000	0,00000000		1,00000000	0,00000000	0,00000000	0,00000000	0,00000000		1,00000000	0,00000000		1,00000000	0,00000000	0,00000000	0,00000000		0,91067961	0,08932039	0,00000000		0,69548872	0,30451128		0,00000000	1,00000000		0,00000000	0,00000000	1,00000000		
1,00000000	0,00000000		1,00000000	0,00000000	0,00000000	0,00000000	0,00000000		1,00000000	0,00000000		1,00000000	0,00000000	0,00000000	0,00000000		1,00000000	0,00000000	0,00000000		0,96315789	0,03684211		0,00000000	1,00000000		0,00000000	0,00000000	1,00000000		
1,00000000	0,00000000		1,00000000	0,00000000	0,00000000	0,00000000	0,00000000		1,00000000	0,00000000		1,00000000	0,00000000	0,00000000	0,00000000		1,00000000	0,00000000	0,00000000		0,82857143	0,17142857		0,00000000	1,00000000		0,00000000	0,00000000	1,00000000		
1,00000000	0,00000000		1,00000000	0,00000000	0,00000000	0,00000000	0,00000000		1,00000000	0,00000000		1,00000000	0,00000000	0,00000000	0,00000000		1,00000000	0,00000000	0,00000000		0,49680451	0,50319549		0,00000000	1,00000000		0,00000000	0,00000000	1,00000000		
1,00000000	0,00000000		1,00000000	0,00000000	0,00000000	0,00000000	0,00000000		1,00000000	0,00000000		1,00000000	0,00000000	0,00000000	0,00000000		0,87961165	0,12038835	0,00000000		0,96033835	0,03966165		0,00000000	1,00000000		0,00000000	0,00000000	1,00000000		
1,00000000	0,00000000		1,00000000	0,00000000	0,00000000	0,00000000	0,00000000		1,00000000	0,00000000		1,00000000	0,00000000	0,00000000	0,00000000		1,00000000	0,00000000	0,00000000		0,68251880	0,31748120		0,00000000	1,00000000		0,00000000	0,00000000	1,00000000		
1,00000000	0,00000000		1,00000000	0,00000000	0,00000000	0,00000000	0,00000000		1,00000000	0,00000000		1,00000000	0,00000000	0,00000000	0,00000000		1,00000000	0,00000000	0,00000000		0,76654135	0,23345865		0,00000000	1,00000000		0,00000000	0,00000000	1,00000000		
1,00000000	0,00000000		1,00000000	0,00000000	0,00000000	0,00000000	0,00000000		1,00000000	0,00000000		1,00000000	0,00000000	0,00000000	0,00000000		1,00000000	0,00000000	0,00000000		0,57669173	0,42330827		0,00000000	1,00000000		0,00000000	0,00000000	1,00000000		
1,00000000	0,00000000		1,00000000	0,00000000	0,00000000	0,00000000	0,00000000		1,00000000	0,00000000		1,00000000	0,00000000	0,00000000	0,00000000		0,82135922	0,17864078	0,00000000		1,00000000	0,00000000		0,00000000	1,00000000		0,00000000	0,00000000	1,00000000		
1,00000000	0,00000000		1,00000000	0,00000000	0,00000000	0,00000000	0,00000000		1,00000000	0,00000000		1,00000000	0,00000000	0,00000000	0,00000000		0,95533981	0,04466019	0,00000000		0,78665414	0,21334586		0,00000000	1,00000000		0,00000000	0,00000000	1,00000000		
1,00000000	0,00000000		1,00000000	0,00000000	0,00000000	0,00000000	0,00000000		1,00000000	0,00000000		1,00000000	0,00000000	0,00000000	0,00000000		0,88349515	0,11650485	0,00000000		0,65187970	0,34812030		0,00000000	1,00000000		0,00000000	0,00000000	1,00000000		
1,00000000	0,00000000		1,00000000	0,00000000	0,00000000	0,00000000	0,00000000		1,00000000	0,00000000		1,00000000	0,00000000	0,00000000	0,00000000		0,64854369	0,35145631	0,00000000		0,75883459	0,24116541		0,00000000	1,00000000		0,00000000	0,00000000	1,00000000		
1,00000000	0,00000000		1,00000000	0,00000000	0,00000000	0,00000000	0,00000000		1,00000000	0,00000000		1,00000000	0,00000000	0,00000000	0,00000000		0,98640777	0,01359223	0,00000000		0,38872180	0,61127820		0,00000000	1,00000000		0,00000000	0,00000000	1,00000000		
1,00000000	0,00000000		1,00000000	0,00000000	0,00000000	0,00000000	0,00000000		1,00000000	0,00000000		1,00000000	0,00000000	0,00000000	0,00000000		0,70097087	0,29902913	0,00000000		1,00000000	0,00000000		0,00000000	1,00000000		0,00000000	0,00000000	1,00000000		
1,00000000	0,00000000		1,00000000	0,00000000	0,00000000	0,00000000	0,00000000		1,00000000	0,00000000		1,00000000	0,00000000	0,00000000	0,00000000		0,78640777	0,21359223	0,00000000		0,66390977	0,33609023		0,00000000	1,00000000		0,00000000	0,00000000	1,00000000		
1,00000000	0,00000000		1,00000000	0,00000000	0,00000000	0,00000000	0,00000000		1,00000000	0,00000000		1,00000000	0,00000000	0,00000000	0,00000000		0,90291262	0,09708738	0,00000000		0,90563910	0,09436090		0,00000000	1,00000000		0,00000000	0,00000000	1,00000000		
1,00000000	0,00000000		1,00000000	0,00000000	0,00000000	0,00000000	0,00000000		1,00000000	0,00000000		1,00000000	0,00000000	0,00000000	0,00000000		1,00000000	0,00000000	0,00000000		0,77424812	0,22575188		0,00000000	1,00000000		0,00000000	0,00000000	1,00000000		
1,00000000	0,00000000		1,00000000	0,00000000	0,00000000	0,00000000	0,00000000		1,00000000	0,00000000		1,00000000	0,00000000	0,00000000	0,00000000		1,00000000	0,00000000	0,00000000		0,92763158	0,07236842		0,00000000	1,00000000		0,00000000	0,00000000	1,00000000		
1,00000000	0,00000000		1,00000000	0,00000000	0,00000000	0,00000000	0,00000000		1,00000000	0,00000000		1,00000000	0,00000000	0,00000000	0,00000000		1,00000000	0,00000000	0,00000000		0,32349624	0,67650376		0,00000000	1,00000000		0,00000000	0,00000000	1,00000000		
1,00000000	0,00000000		1,00000000	0,00000000	0,00000000	0,00000000	0,00000000		1,00000000	0,00000000		1,00000000	0,00000000	0,00000000	0,00000000		0,88737864	0,11262136	0,00000000		0,32725564	0,67274436		0,00000000	1,00000000		0,00000000	0,00000000	1,00000000		
1,00000000	0,00000000		1,00000000	0,00000000	0,00000000	0,00000000	0,00000000		1,00000000	0,00000000		1,00000000	0,00000000	0,00000000	0,00000000		1,00000000	0,00000000	0,00000000		0,77951128	0,22048872		0,00000000	1,00000000		0,00000000	0,00000000	1,00000000		
1,00000000	0,00000000		1,00000000	0,00000000	0,00000000	0,00000000	0,00000000		1,00000000	0,00000000		1,00000000	0,00000000	0,00000000	0,00000000		1,00000000	0,00000000	0,00000000		0,53909774	0,46090226		0,00000000	1,00000000		0,00000000	0,00000000	1,00000000		
1,00000000	0,00000000		1,00000000	0,00000000	0,00000000	0,00000000	0,00000000		1,00000000	0,00000000		1,00000000	0,00000000	0,00000000	0,00000000		1,00000000	0,00000000	0,00000000		0,61541353	0,38458647		0,00000000	1,00000000		0,00000000	0,00000000	1,00000000		
1,00000000	0,00000000		1,00000000	0,00000000	0,00000000	0,00000000	0,00000000		1,00000000	0,00000000		1,00000000	0,00000000	0,00000000	0,00000000		0,93398058	0,06601942	0,00000000		0,69229323	0,30770677		0,00000000	1,00000000		0,00000000	0,00000000	1,00000000		
1,00000000	0,00000000		1,00000000	0,00000000	0,00000000	0,00000000	0,00000000		1,00000000	0,00000000		1,00000000	0,00000000	0,00000000	0,00000000		1,00000000	0,00000000	0,00000000		0,58665414	0,41334586		0,00000000	1,00000000		0,00000000	0,00000000	1,00000000		
1,00000000	0,00000000		1,00000000	0,00000000	0,00000000	0,00000000	0,00000000		1,00000000	0,00000000		1,00000000	0,00000000	0,00000000	0,00000000		1,00000000	0,00000000	0,00000000		0,70563910	0,29436090		0,00000000	1,00000000		0,00000000	0,00000000	1,00000000		
1,00000000	0,00000000		1,00000000	0,00000000	0,00000000	0,00000000	0,00000000		1,00000000	0,00000000		1,00000000	0,00000000	0,00000000	0,00000000		1,00000000	0,00000000	0,00000000		0,48496241	0,51503759		0,00000000	1,00000000		0,00000000	0,00000000	1,00000000		
1,00000000	0,00000000		1,00000000	0,00000000	0,00000000	0,00000000	0,00000000		1,00000000	0,00000000		1,00000000	0,00000000	0,00000000	0,00000000		0,79417476	0,20582524	0,00000000		1,00000000	0,00000000		0,00000000	1,00000000		0,00000000	0,00000000	1,00000000		
1,00000000	0,00000000		1,00000000	0,00000000	0,00000000	0,00000000	0,00000000		1,00000000	0,00000000		1,00000000	0,00000000	0,00000000	0,00000000		1,00000000	0,00000000	0,00000000		0,65770677	0,34229323		0,37535817	0,62464183		0,00000000	0,00000000	1,00000000		
1,00000000	0,00000000		1,00000000	0,00000000	0,00000000	0,00000000	0,00000000		1,00000000	0,00000000		1,00000000	0,00000000	0,00000000	0,00000000		0,55339806	0,44660194	0,00000000		0,65206767	0,34793233		0,00000000	1,00000000		0,00000000	0,00000000	1,00000000		
1,00000000	0,00000000		1,00000000	0,00000000	0,00000000	0,00000000	0,00000000		1,00000000	0,00000000		1,00000000	0,00000000	0,00000000	0,00000000		0,76310680	0,23689320	0,00000000		0,67650376	0,32349624		0,00000000	1,00000000		0,00000000	0,00000000	1,00000000		
1,00000000	0,00000000		1,00000000	0,00000000	0,00000000	0,00000000	0,00000000		1,00000000	0,00000000		1,00000000	0,00000000	0,00000000	0,00000000		0,87766990	0,12233010	0,00000000		0,61033835	0,38966165		0,00000000	1,00000000		0,00000000	0,00000000	1,00000000		
0,92129630	0,07870370		1,00000000	0,00000000	0,00000000	0,00000000	0,00000000		1,00000000	0,00000000		1,00000000	0,00000000	0,00000000	0,00000000		0,53592233	0,46407767	0,00000000		0,42687970	0,57312030		0,00000000	1,00000000		0,00000000	0,00000000	1,00000000		
1,00000000	0,00000000		1,00000000	0,00000000	0,00000000	0,00000000	0,00000000		1,00000000	0,00000000		1,00000000	0,00000000	0,00000000	0,00000000		1,00000000	0,00000000	0,00000000		0,82593985	0,17406015		0,00000000	1,00000000		0,00000000	0,00000000	1,00000000		
1,00000000	0,00000000		1,00000000	0,00000000	0,00000000	0,00000000	0,00000000		1,00000000	0,00000000		1,00000000	0,00000000	0,00000000	0,00000000		1,00000000	0,00000000	0,00000000		0,66879699	0,33120301		0,00000000	1,00000000		0,00000000	0,00000000	1,00000000		
1,00000000	0,00000000		1,00000000	0,00000000	0,00000000	0,00000000	0,00000000		1,00000000	0,00000000		1,00000000	0,00000000	0,00000000	0,00000000		1,00000000	0,00000000	0,00000000		0,80394737	0,19605263		0,00000000	1,00000000		0,00000000	0,00000000	1,00000000		
1,00000000	0,00000000		1,00000000	0,00000000	0,00000000	0,00000000	0,00000000		1,00000000	0,00000000		1,00000000	0,00000000	0,00000000	0,00000000		0,93398058	0,06601942	0,00000000		0,17518797	0,82481203		0,00000000	1,00000000		0,00000000	0,00000000	1,00000000		
1,00000000	0,00000000		1,00000000	0,00000000	0,00000000	0,00000000	0,00000000		1,00000000	0,00000000		1,00000000	0,00000000	0,00000000	0,00000000		1,00000000	0,00000000	0,00000000		0,65432331	0,34567669		0,46418338	0,53581662		0,00000000	0,00000000	1,00000000		
1,00000000	0,00000000		1,00000000	0,00000000	0,00000000	0,00000000	0,00000000		1,00000000	0,00000000		1,00000000	0,00000000	0,00000000	0,00000000		1,00000000	0,00000000	0,00000000		0,57481203	0,42518797		0,00000000	1,00000000		0,00000000	0,00000000	1,00000000		
1,00000000	0,00000000		1,00000000	0,00000000	0,00000000	0,00000000	0,00000000		1,00000000	0,00000000		1,00000000	0,00000000	0,00000000	0,00000000		0,96699029	0,03300971	0,00000000		0,84041353	0,15958647		0,00000000	1,00000000		0,00000000	0,00000000	1,00000000		
1,00000000	0,00000000		1,00000000	0,00000000	0,00000000	0,00000000	0,00000000		1,00000000	0,00000000		1,00000000	0,00000000	0,00000000	0,00000000		0,67766990	0,32233010	0,00000000		0,91334586	0,08665414		0,00000000	1,00000000		0,00000000	0,00000000	1,00000000		
1,00000000	0,00000000		1,00000000	0,00000000	0,00000000	0,00000000	0,00000000		1,00000000	0,00000000		1,00000000	0,00000000	0,00000000	0,00000000		1,00000000	0,00000000	0,00000000		0,67725564	0,32274436		0,00000000	1,00000000		0,00000000	0,00000000	1,00000000		
1,00000000	0,00000000		1,00000000	0,00000000	0,00000000	0,00000000	0,00000000		1,00000000	0,00000000		1,00000000	0,00000000	0,00000000	0,00000000		0,63495146	0,36504854	0,00000000		0,81278195	0,18721805		0,00000000	1,00000000		0,00000000	0,00000000	1,00000000		
0,94212963	0,05787037		1,00000000	0,00000000	0,00000000	0,00000000	0,00000000		0,53488372	0,46511628		1,00000000	0,00000000	0,00000000	0,00000000		0,34174757	0,65825243	0,00000000		0,67349624	0,32650376		0,12034384	0,87965616		0,00000000	0,00000000	1,00000000		
0,94444444	0,05555556		1,00000000	0,00000000	0,00000000	0,00000000	0,00000000		1,00000000	0,00000000		1,00000000	0,00000000	0,00000000	0,00000000		0,48155340	0,51844660	0,00000000		0,55883459	0,44116541		0,00000000	1,00000000		0,00000000	0,00000000	1,00000000		
0,81018519	0,18981481		1,00000000	0,00000000	0,00000000	0,00000000	0,00000000		0,79069767	0,20930233		1,00000000	0,00000000	0,00000000	0,00000000		0,33786408	0,66213592	0,00000000		0,71165414	0,28834586		0,00000000	1,00000000		0,00000000	0,00000000	1,00000000		
0,98379630	0,01620370		1,00000000	0,00000000	0,00000000	0,00000000	0,00000000		1,00000000	0,00000000		1,00000000	0,00000000	0,00000000	0,00000000		0,75922330	0,24077670	0,00000000		0,96804511	0,03195489		0,00000000	1,00000000		0,00000000	0,00000000	1,00000000		
0,95138889	0,04861111		1,00000000	0,00000000	0,00000000	0,00000000	0,00000000		0,00000000	1,00000000		1,00000000	0,00000000	0,00000000	0,00000000		0,28543689	0,71456311	0,00000000		1,00000000	0,00000000		0,36103152	0,63896848		0,00000000	0,00000000	1,00000000		
1,00000000	0,00000000		1,00000000	0,00000000	0,00000000	0,00000000	0,00000000		1,00000000	0,00000000		1,00000000	0,00000000	0,00000000	0,00000000		0,60776699	0,39223301	0,00000000		0,56090226	0,43909774		0,00000000	1,00000000		0,00000000	0,00000000	1,00000000		
0,97222222	0,02777778		1,00000000	0,00000000	0,00000000	0,00000000	0,00000000		0,00000000	1,00000000		1,00000000	0,00000000	0,00000000	0,00000000		0,32427184	0,67572816	0,00000000		1,00000000	0,00000000		0,60458453	0,39541547		0,00000000	0,00000000	1,00000000		
1,00000000	0,00000000		1,00000000	0,00000000	0,00000000	0,00000000	0,00000000		1,00000000	0,00000000		1,00000000	0,00000000	0,00000000	0,00000000		0,95533981	0,04466019	0,00000000		0,82800752	0,17199248		0,36676218	0,63323782		0,00000000	0,00000000	1,00000000		
0,96527778	0,03472222		1,00000000	0,00000000	0,00000000	0,00000000	0,00000000		0,20930233	0,79069767		1,00000000	0,00000000	0,00000000	0,00000000		0,40970874	0,59029126	0,00000000		0,00000000	1,00000000		0,00000000	1,00000000		0,00000000	0,00000000	1,00000000		
1,00000000	0,00000000		1,00000000	0,00000000	0,00000000	0,00000000	0,00000000		1,00000000	0,00000000		1,00000000	0,00000000	0,00000000	0,00000000		0,66407767	0,33592233	0,00000000		0,85281955	0,14718045		0,00000000	1,00000000		0,00000000	0,00000000	1,00000000		
1,00000000	0,00000000		1,00000000	0,00000000	0,00000000	0,00000000	0,00000000		1,00000000	0,00000000		1,00000000	0,00000000	0,00000000	0,00000000		0,62330097	0,37669903	0,00000000		0,90695489	0,09304511		0,24641834	0,75358166		0,00000000	0,00000000	1,00000000		
1,00000000	0,00000000		1,00000000	0,00000000	0,00000000	0,00000000	0,00000000		1,00000000	0,00000000		1,00000000	0,00000000	0,00000000	0,00000000		0,98446602	0,01553398	0,00000000		0,77650376	0,22349624		0,00000000	1,00000000		0,00000000	0,00000000	1,00000000		
0,84953704	0,15046296		1,00000000	0,00000000	0,00000000	0,00000000	0,00000000		0,00000000	1,00000000		1,00000000	0,00000000	0,00000000	0,00000000		0,13592233	0,86407767	0,00000000		0,02650376	0,97349624		0,00000000	1,00000000		0,00000000	0,00000000	1,00000000		
1,00000000	0,00000000		1,00000000	0,00000000	0,00000000	0,00000000	0,00000000		1,00000000	0,00000000		1,00000000	0,00000000	0,00000000	0,00000000		0,90485437	0,09514563	0,00000000		0,91315789	0,08684211		0,00000000	1,00000000		0,00000000	0,00000000	1,00000000		
1,00000000	0,00000000		1,00000000	0,00000000	0,00000000	0,00000000	0,00000000		1,00000000	0,00000000		1,00000000	0,00000000	0,00000000	0,00000000		0,63689320	0,36310680	0,00000000		0,52988722	0,47011278		0,00000000	1,00000000		0,00000000	0,00000000	1,00000000		

