Total Entropy of dimension on intervals
Dimension:  	0, Interval: 	1, Total Entropy = 	99999999999
Dimension:  	0, Interval: 	2, Total Entropy = 	2,26785319401336
Dimension:  	0, Interval: 	3, Total Entropy = 	2,39921582102759

Dimension:  	1, Interval: 	1, Total Entropy = 	99999999999
Dimension:  	1, Interval: 	2, Total Entropy = 	2,77335388682169
Dimension:  	1, Interval: 	3, Total Entropy = 	3,13254563654808

Dimension:  	2, Interval: 	1, Total Entropy = 	99999999999
Dimension:  	2, Interval: 	2, Total Entropy = 	1,11513858836356
Dimension:  	2, Interval: 	3, Total Entropy = 	0,730931319367605
Dimension:  	2, Interval: 	4, Total Entropy = 	0,560724466793908
Dimension:  	2, Interval: 	5, Total Entropy = 	0,536403680709119
Dimension:  	2, Interval: 	6, Total Entropy = 	0,556530212748911

Dimension:  	3, Interval: 	1, Total Entropy = 	99999999999
Dimension:  	3, Interval: 	2, Total Entropy = 	1,17596350303771
Dimension:  	3, Interval: 	3, Total Entropy = 	0,568578216568699
Dimension:  	3, Interval: 	4, Total Entropy = 	0,584548467788197



Intervals: 
2	2	5	3	3	
Centers
Dimension: 1
0,2567
0,6418
		Dimension: 2
0,3522
0,6627
		Dimension: 3
0,0756
0,2147
0,5431
0,7149
0,8803
		Dimension: 4
0,0600
0,5154
0,8225
		
Number of classes: 
Dimension 0
0 = 59
1 = 61
2 = 30

Dimension 1
0 = 47
1 = 79
2 = 24

Dimension 2
0 = 37
1 = 13
2 = 25
3 = 43
4 = 26
5 = 6

Dimension 3
0 = 50
1 = 36
2 = 35
3 = 29

*****************************************RESULTS***************************************************************
1,0000	0,0000		sum(1,0000)		0,1214	0,8786		sum(1,0000)		1,0000	0,0000	0,0000	0,0000	0,0000		sum(1,0000)		1,0000	0,0000	0,0000		sum(1,0000)		1,0000	0,0000	0,0000		sum(1,0000)		
1,0000	0,0000		sum(1,0000)		0,7925	0,2075		sum(1,0000)		1,0000	0,0000	0,0000	0,0000	0,0000		sum(1,0000)		1,0000	0,0000	0,0000		sum(1,0000)		1,0000	0,0000	0,0000		sum(1,0000)		
1,0000	0,0000		sum(1,0000)		0,5241	0,4759		sum(1,0000)		1,0000	0,0000	0,0000	0,0000	0,0000		sum(1,0000)		1,0000	0,0000	0,0000		sum(1,0000)		1,0000	0,0000	0,0000		sum(1,0000)		
1,0000	0,0000		sum(1,0000)		0,6583	0,3417		sum(1,0000)		0,9340	0,0660	0,0000	0,0000	0,0000		sum(1,0000)		1,0000	0,0000	0,0000		sum(1,0000)		1,0000	0,0000	0,0000		sum(1,0000)		
1,0000	0,0000		sum(1,0000)		0,0000	1,0000		sum(1,0000)		1,0000	0,0000	0,0000	0,0000	0,0000		sum(1,0000)		1,0000	0,0000	0,0000		sum(1,0000)		1,0000	0,0000	0,0000		sum(1,0000)		
0,8731	0,1269		sum(1,0000)		0,0000	1,0000		sum(1,0000)		0,6904	0,3096	0,0000	0,0000	0,0000		sum(1,0000)		0,8573	0,1427	0,0000		sum(1,0000)		1,0000	0,0000	0,0000		sum(1,0000)		
1,0000	0,0000		sum(1,0000)		0,2556	0,7444		sum(1,0000)		1,0000	0,0000	0,0000	0,0000	0,0000		sum(1,0000)		0,9488	0,0512	0,0000		sum(1,0000)		1,0000	0,0000	0,0000		sum(1,0000)		
1,0000	0,0000		sum(1,0000)		0,2556	0,7444		sum(1,0000)		0,9340	0,0660	0,0000	0,0000	0,0000		sum(1,0000)		1,0000	0,0000	0,0000		sum(1,0000)		1,0000	0,0000	0,0000		sum(1,0000)		
1,0000	0,0000		sum(1,0000)		0,9267	0,0733		sum(1,0000)		1,0000	0,0000	0,0000	0,0000	0,0000		sum(1,0000)		1,0000	0,0000	0,0000		sum(1,0000)		1,0000	0,0000	0,0000		sum(1,0000)		
1,0000	0,0000		sum(1,0000)		0,6583	0,3417		sum(1,0000)		0,9340	0,0660	0,0000	0,0000	0,0000		sum(1,0000)		1,0000	0,0000	0,0000		sum(1,0000)		1,0000	0,0000	0,0000		sum(1,0000)		
0,8731	0,1269		sum(1,0000)		0,0000	1,0000		sum(1,0000)		0,9340	0,0660	0,0000	0,0000	0,0000		sum(1,0000)		1,0000	0,0000	0,0000		sum(1,0000)		1,0000	0,0000	0,0000		sum(1,0000)		
1,0000	0,0000		sum(1,0000)		0,2556	0,7444		sum(1,0000)		0,8122	0,1878	0,0000	0,0000	0,0000		sum(1,0000)		1,0000	0,0000	0,0000		sum(1,0000)		1,0000	0,0000	0,0000		sum(1,0000)		
1,0000	0,0000		sum(1,0000)		0,7925	0,2075		sum(1,0000)		1,0000	0,0000	0,0000	0,0000	0,0000		sum(1,0000)		1,0000	0,0000	0,0000		sum(1,0000)		1,0000	0,0000	0,0000		sum(1,0000)		
1,0000	0,0000		sum(1,0000)		0,7925	0,2075		sum(1,0000)		1,0000	0,0000	0,0000	0,0000	0,0000		sum(1,0000)		1,0000	0,0000	0,0000		sum(1,0000)		1,0000	0,0000	0,0000		sum(1,0000)		
0,5846	0,4154		sum(1,0000)		0,0000	1,0000		sum(1,0000)		1,0000	0,0000	0,0000	0,0000	0,0000		sum(1,0000)		1,0000	0,0000	0,0000		sum(1,0000)		1,0000	0,0000	0,0000		sum(1,0000)		
0,6567	0,3433		sum(1,0000)		0,0000	1,0000		sum(1,0000)		0,9340	0,0660	0,0000	0,0000	0,0000		sum(1,0000)		0,8573	0,1427	0,0000		sum(1,0000)		1,0000	0,0000	0,0000		sum(1,0000)		
0,8731	0,1269		sum(1,0000)		0,0000	1,0000		sum(1,0000)		1,0000	0,0000	0,0000	0,0000	0,0000		sum(1,0000)		0,8573	0,1427	0,0000		sum(1,0000)		1,0000	0,0000	0,0000		sum(1,0000)		
1,0000	0,0000		sum(1,0000)		0,1214	0,8786		sum(1,0000)		1,0000	0,0000	0,0000	0,0000	0,0000		sum(1,0000)		0,9488	0,0512	0,0000		sum(1,0000)		1,0000	0,0000	0,0000		sum(1,0000)		
0,6567	0,3433		sum(1,0000)		0,0000	1,0000		sum(1,0000)		0,6904	0,3096	0,0000	0,0000	0,0000		sum(1,0000)		0,9488	0,0512	0,0000		sum(1,0000)		1,0000	0,0000	0,0000		sum(1,0000)		
1,0000	0,0000		sum(1,0000)		0,0000	1,0000		sum(1,0000)		0,9340	0,0660	0,0000	0,0000	0,0000		sum(1,0000)		0,9488	0,0512	0,0000		sum(1,0000)		1,0000	0,0000	0,0000		sum(1,0000)		
0,8731	0,1269		sum(1,0000)		0,2556	0,7444		sum(1,0000)		0,6904	0,3096	0,0000	0,0000	0,0000		sum(1,0000)		1,0000	0,0000	0,0000		sum(1,0000)		1,0000	0,0000	0,0000		sum(1,0000)		
1,0000	0,0000		sum(1,0000)		0,0000	1,0000		sum(1,0000)		0,9340	0,0660	0,0000	0,0000	0,0000		sum(1,0000)		0,8573	0,1427	0,0000		sum(1,0000)		1,0000	0,0000	0,0000		sum(1,0000)		
1,0000	0,0000		sum(1,0000)		0,0000	1,0000		sum(1,0000)		1,0000	0,0000	0,0000	0,0000	0,0000		sum(1,0000)		1,0000	0,0000	0,0000		sum(1,0000)		1,0000	0,0000	0,0000		sum(1,0000)		
1,0000	0,0000		sum(1,0000)		0,3898	0,6102		sum(1,0000)		0,6904	0,3096	0,0000	0,0000	0,0000		sum(1,0000)		0,7658	0,2342	0,0000		sum(1,0000)		1,0000	0,0000	0,0000		sum(1,0000)		
1,0000	0,0000		sum(1,0000)		0,2556	0,7444		sum(1,0000)		0,4467	0,5533	0,0000	0,0000	0,0000		sum(1,0000)		1,0000	0,0000	0,0000		sum(1,0000)		1,0000	0,0000	0,0000		sum(1,0000)		
1,0000	0,0000		sum(1,0000)		0,7925	0,2075		sum(1,0000)		0,8122	0,1878	0,0000	0,0000	0,0000		sum(1,0000)		1,0000	0,0000	0,0000		sum(1,0000)		1,0000	0,0000	0,0000		sum(1,0000)		
1,0000	0,0000		sum(1,0000)		0,2556	0,7444		sum(1,0000)		0,8122	0,1878	0,0000	0,0000	0,0000		sum(1,0000)		0,8573	0,1427	0,0000		sum(1,0000)		1,0000	0,0000	0,0000		sum(1,0000)		
1,0000	0,0000		sum(1,0000)		0,1214	0,8786		sum(1,0000)		0,9340	0,0660	0,0000	0,0000	0,0000		sum(1,0000)		1,0000	0,0000	0,0000		sum(1,0000)		1,0000	0,0000	0,0000		sum(1,0000)		
1,0000	0,0000		sum(1,0000)		0,2556	0,7444		sum(1,0000)		1,0000	0,0000	0,0000	0,0000	0,0000		sum(1,0000)		1,0000	0,0000	0,0000		sum(1,0000)		1,0000	0,0000	0,0000		sum(1,0000)		
1,0000	0,0000		sum(1,0000)		0,5241	0,4759		sum(1,0000)		0,8122	0,1878	0,0000	0,0000	0,0000		sum(1,0000)		1,0000	0,0000	0,0000		sum(1,0000)		1,0000	0,0000	0,0000		sum(1,0000)		
1,0000	0,0000		sum(1,0000)		0,6583	0,3417		sum(1,0000)		0,8122	0,1878	0,0000	0,0000	0,0000		sum(1,0000)		1,0000	0,0000	0,0000		sum(1,0000)		1,0000	0,0000	0,0000		sum(1,0000)		
0,8731	0,1269		sum(1,0000)		0,2556	0,7444		sum(1,0000)		0,9340	0,0660	0,0000	0,0000	0,0000		sum(1,0000)		0,8573	0,1427	0,0000		sum(1,0000)		1,0000	0,0000	0,0000		sum(1,0000)		
1,0000	0,0000		sum(1,0000)		0,0000	1,0000		sum(1,0000)		0,9340	0,0660	0,0000	0,0000	0,0000		sum(1,0000)		1,0000	0,0000	0,0000		sum(1,0000)		1,0000	0,0000	0,0000		sum(1,0000)		
0,8010	0,1990		sum(1,0000)		0,0000	1,0000		sum(1,0000)		1,0000	0,0000	0,0000	0,0000	0,0000		sum(1,0000)		1,0000	0,0000	0,0000		sum(1,0000)		1,0000	0,0000	0,0000		sum(1,0000)		
1,0000	0,0000		sum(1,0000)		0,6583	0,3417		sum(1,0000)		0,9340	0,0660	0,0000	0,0000	0,0000		sum(1,0000)		1,0000	0,0000	0,0000		sum(1,0000)		1,0000	0,0000	0,0000		sum(1,0000)		
1,0000	0,0000		sum(1,0000)		0,5241	0,4759		sum(1,0000)		1,0000	0,0000	0,0000	0,0000	0,0000		sum(1,0000)		1,0000	0,0000	0,0000		sum(1,0000)		1,0000	0,0000	0,0000		sum(1,0000)		
0,8010	0,1990		sum(1,0000)		0,1214	0,8786		sum(1,0000)		1,0000	0,0000	0,0000	0,0000	0,0000		sum(1,0000)		1,0000	0,0000	0,0000		sum(1,0000)		1,0000	0,0000	0,0000		sum(1,0000)		
1,0000	0,0000		sum(1,0000)		0,6583	0,3417		sum(1,0000)		0,9340	0,0660	0,0000	0,0000	0,0000		sum(1,0000)		1,0000	0,0000	0,0000		sum(1,0000)		1,0000	0,0000	0,0000		sum(1,0000)		
1,0000	0,0000		sum(1,0000)		0,7925	0,2075		sum(1,0000)		1,0000	0,0000	0,0000	0,0000	0,0000		sum(1,0000)		1,0000	0,0000	0,0000		sum(1,0000)		1,0000	0,0000	0,0000		sum(1,0000)		
1,0000	0,0000		sum(1,0000)		0,2556	0,7444		sum(1,0000)		0,9340	0,0660	0,0000	0,0000	0,0000		sum(1,0000)		1,0000	0,0000	0,0000		sum(1,0000)		1,0000	0,0000	0,0000		sum(1,0000)		
1,0000	0,0000		sum(1,0000)		0,1214	0,8786		sum(1,0000)		1,0000	0,0000	0,0000	0,0000	0,0000		sum(1,0000)		0,9488	0,0512	0,0000		sum(1,0000)		1,0000	0,0000	0,0000		sum(1,0000)		
1,0000	0,0000		sum(1,0000)		1,0000	0,0000		sum(1,0000)		1,0000	0,0000	0,0000	0,0000	0,0000		sum(1,0000)		0,9488	0,0512	0,0000		sum(1,0000)		1,0000	0,0000	0,0000		sum(1,0000)		
1,0000	0,0000		sum(1,0000)		0,5241	0,4759		sum(1,0000)		1,0000	0,0000	0,0000	0,0000	0,0000		sum(1,0000)		1,0000	0,0000	0,0000		sum(1,0000)		1,0000	0,0000	0,0000		sum(1,0000)		
1,0000	0,0000		sum(1,0000)		0,1214	0,8786		sum(1,0000)		0,8122	0,1878	0,0000	0,0000	0,0000		sum(1,0000)		0,6743	0,3257	0,0000		sum(1,0000)		1,0000	0,0000	0,0000		sum(1,0000)		
1,0000	0,0000		sum(1,0000)		0,0000	1,0000		sum(1,0000)		0,4467	0,5533	0,0000	0,0000	0,0000		sum(1,0000)		0,8573	0,1427	0,0000		sum(1,0000)		1,0000	0,0000	0,0000		sum(1,0000)		
1,0000	0,0000		sum(1,0000)		0,7925	0,2075		sum(1,0000)		1,0000	0,0000	0,0000	0,0000	0,0000		sum(1,0000)		0,9488	0,0512	0,0000		sum(1,0000)		1,0000	0,0000	0,0000		sum(1,0000)		
1,0000	0,0000		sum(1,0000)		0,0000	1,0000		sum(1,0000)		0,8122	0,1878	0,0000	0,0000	0,0000		sum(1,0000)		1,0000	0,0000	0,0000		sum(1,0000)		1,0000	0,0000	0,0000		sum(1,0000)		
1,0000	0,0000		sum(1,0000)		0,5241	0,4759		sum(1,0000)		1,0000	0,0000	0,0000	0,0000	0,0000		sum(1,0000)		1,0000	0,0000	0,0000		sum(1,0000)		1,0000	0,0000	0,0000		sum(1,0000)		
0,9452	0,0548		sum(1,0000)		0,0000	1,0000		sum(1,0000)		0,9340	0,0660	0,0000	0,0000	0,0000		sum(1,0000)		1,0000	0,0000	0,0000		sum(1,0000)		1,0000	0,0000	0,0000		sum(1,0000)		
1,0000	0,0000		sum(1,0000)		0,3898	0,6102		sum(1,0000)		1,0000	0,0000	0,0000	0,0000	0,0000		sum(1,0000)		1,0000	0,0000	0,0000		sum(1,0000)		1,0000	0,0000	0,0000		sum(1,0000)		
0,0000	1,0000		sum(1,0000)		0,5241	0,4759		sum(1,0000)		0,0000	0,0000	0,5111	0,4889	0,0000		sum(1,0000)		0,0000	0,9146	0,0854		sum(1,0000)		0,0000	1,0000	0,0000		sum(1,0000)		
0,1518	0,8482		sum(1,0000)		0,5241	0,4759		sum(1,0000)		0,0000	0,0000	0,7085	0,2915	0,0000		sum(1,0000)		0,0000	0,7788	0,2212		sum(1,0000)		0,0000	1,0000	0,0000		sum(1,0000)		
0,0000	1,0000		sum(1,0000)		0,6583	0,3417		sum(1,0000)		0,0000	0,0000	0,3137	0,6863	0,0000		sum(1,0000)		0,0000	0,7788	0,2212		sum(1,0000)		0,0000	1,0000	0,0000		sum(1,0000)		
0,8010	0,1990		sum(1,0000)		1,0000	0,0000		sum(1,0000)		0,0000	0,1056	0,8944	0,0000	0,0000		sum(1,0000)		0,0339	0,9661	0,0000		sum(1,0000)		0,0000	1,0000	0,0000		sum(1,0000)		
0,0797	0,9203		sum(1,0000)		1,0000	0,0000		sum(1,0000)		0,0000	0,0000	0,6098	0,3902	0,0000		sum(1,0000)		0,0000	0,7788	0,2212		sum(1,0000)		0,0000	1,0000	0,0000		sum(1,0000)		
0,6567	0,3433		sum(1,0000)		1,0000	0,0000		sum(1,0000)		0,0000	0,0000	0,7085	0,2915	0,0000		sum(1,0000)		0,0339	0,9661	0,0000		sum(1,0000)		0,0000	1,0000	0,0000		sum(1,0000)		
0,2239	0,7761		sum(1,0000)		0,3898	0,6102		sum(1,0000)		0,0000	0,0000	0,5111	0,4889	0,0000		sum(1,0000)		0,0000	0,6431	0,3569		sum(1,0000)		0,0000	1,0000	0,0000		sum(1,0000)		
1,0000	0,0000		sum(1,0000)		1,0000	0,0000		sum(1,0000)		0,0000	0,4668	0,5332	0,0000	0,0000		sum(1,0000)		0,3083	0,6917	0,0000		sum(1,0000)		0,0000	1,0000	0,0000		sum(1,0000)		
0,0075	0,9925		sum(1,0000)		0,9267	0,0733		sum(1,0000)		0,0000	0,0000	0,6098	0,3902	0,0000		sum(1,0000)		0,0339	0,9661	0,0000		sum(1,0000)		0,0000	1,0000	0,0000		sum(1,0000)		
1,0000	0,0000		sum(1,0000)		1,0000	0,0000		sum(1,0000)		0,0000	0,1572	0,8428	0,0000	0,0000		sum(1,0000)		0,0000	0,9146	0,0854		sum(1,0000)		0,0000	1,0000	0,0000		sum(1,0000)		
1,0000	0,0000		sum(1,0000)		1,0000	0,0000		sum(1,0000)		0,0000	0,3636	0,6364	0,0000	0,0000		sum(1,0000)		0,3083	0,6917	0,0000		sum(1,0000)		0,0000	1,0000	0,0000		sum(1,0000)		
0,5125	0,4875		sum(1,0000)		0,7925	0,2075		sum(1,0000)		0,0000	0,0023	0,9977	0,0000	0,0000		sum(1,0000)		0,0000	0,7788	0,2212		sum(1,0000)		0,0000	1,0000	0,0000		sum(1,0000)		
0,4403	0,5597		sum(1,0000)		1,0000	0,0000		sum(1,0000)		0,0000	0,1056	0,8944	0,0000	0,0000		sum(1,0000)		0,3083	0,6917	0,0000		sum(1,0000)		0,0000	1,0000	0,0000		sum(1,0000)		
0,3682	0,6318		sum(1,0000)		0,9267	0,0733		sum(1,0000)		0,0000	0,0000	0,5111	0,4889	0,0000		sum(1,0000)		0,0000	0,9146	0,0854		sum(1,0000)		0,0000	1,0000	0,0000		sum(1,0000)		
0,7289	0,2711		sum(1,0000)		0,9267	0,0733		sum(1,0000)		0,0000	0,3120	0,6880	0,0000	0,0000		sum(1,0000)		0,0339	0,9661	0,0000		sum(1,0000)		0,0000	1,0000	0,0000		sum(1,0000)		
0,0000	1,0000		sum(1,0000)		0,6583	0,3417		sum(1,0000)		0,0000	0,0000	0,8071	0,1929	0,0000		sum(1,0000)		0,0000	0,9146	0,0854		sum(1,0000)		0,0000	1,0000	0,0000		sum(1,0000)		
0,7289	0,2711		sum(1,0000)		0,7925	0,2075		sum(1,0000)		0,0000	0,0000	0,7085	0,2915	0,0000		sum(1,0000)		0,0000	0,7788	0,2212		sum(1,0000)		0,0000	1,0000	0,0000		sum(1,0000)		
0,5846	0,4154		sum(1,0000)		1,0000	0,0000		sum(1,0000)		0,0000	0,0539	0,9461	0,0000	0,0000		sum(1,0000)		0,3083	0,6917	0,0000		sum(1,0000)		0,0000	1,0000	0,0000		sum(1,0000)		
0,2961	0,7039		sum(1,0000)		1,0000	0,0000		sum(1,0000)		0,0000	0,0000	0,7085	0,2915	0,0000		sum(1,0000)		0,0000	0,7788	0,2212		sum(1,0000)		0,0000	1,0000	0,0000		sum(1,0000)		
0,7289	0,2711		sum(1,0000)		1,0000	0,0000		sum(1,0000)		0,0000	0,1572	0,8428	0,0000	0,0000		sum(1,0000)		0,2169	0,7831	0,0000		sum(1,0000)		0,0000	1,0000	0,0000		sum(1,0000)		
0,5125	0,4875		sum(1,0000)		0,5241	0,4759		sum(1,0000)		0,0000	0,0000	0,4124	0,5876	0,0000		sum(1,0000)		0,0000	0,3717	0,6283		sum(1,0000)		0,0000	1,0000	0,0000		sum(1,0000)		
0,3682	0,6318		sum(1,0000)		1,0000	0,0000		sum(1,0000)		0,0000	0,1056	0,8944	0,0000	0,0000		sum(1,0000)		0,0339	0,9661	0,0000		sum(1,0000)		0,0000	1,0000	0,0000		sum(1,0000)		
0,2239	0,7761		sum(1,0000)		1,0000	0,0000		sum(1,0000)		0,0000	0,0000	0,3137	0,6863	0,0000		sum(1,0000)		0,0000	0,7788	0,2212		sum(1,0000)		0,0000	1,0000	0,0000		sum(1,0000)		
0,3682	0,6318		sum(1,0000)		1,0000	0,0000		sum(1,0000)		0,0000	0,0000	0,5111	0,4889	0,0000		sum(1,0000)		0,1254	0,8746	0,0000		sum(1,0000)		0,0000	1,0000	0,0000		sum(1,0000)		
0,1518	0,8482		sum(1,0000)		0,9267	0,0733		sum(1,0000)		0,0000	0,0000	0,9058	0,0942	0,0000		sum(1,0000)		0,0339	0,9661	0,0000		sum(1,0000)		0,0000	1,0000	0,0000		sum(1,0000)		
0,0075	0,9925		sum(1,0000)		0,7925	0,2075		sum(1,0000)		0,0000	0,0000	0,8071	0,1929	0,0000		sum(1,0000)		0,0000	0,9146	0,0854		sum(1,0000)		0,0000	1,0000	0,0000		sum(1,0000)		
0,0000	1,0000		sum(1,0000)		1,0000	0,0000		sum(1,0000)		0,0000	0,0000	0,4124	0,5876	0,0000		sum(1,0000)		0,0000	0,9146	0,0854		sum(1,0000)		0,0000	1,0000	0,0000		sum(1,0000)		
0,0000	1,0000		sum(1,0000)		0,7925	0,2075		sum(1,0000)		0,0000	0,0000	0,2151	0,7849	0,0000		sum(1,0000)		0,0000	0,5074	0,4926		sum(1,0000)		0,0000	1,0000	0,0000		sum(1,0000)		
0,4403	0,5597		sum(1,0000)		0,9267	0,0733		sum(1,0000)		0,0000	0,0000	0,7085	0,2915	0,0000		sum(1,0000)		0,0000	0,7788	0,2212		sum(1,0000)		0,0000	1,0000	0,0000		sum(1,0000)		
0,6567	0,3433		sum(1,0000)		1,0000	0,0000		sum(1,0000)		0,0000	0,3636	0,6364	0,0000	0,0000		sum(1,0000)		0,3083	0,6917	0,0000		sum(1,0000)		0,0000	1,0000	0,0000		sum(1,0000)		
0,8010	0,1990		sum(1,0000)		1,0000	0,0000		sum(1,0000)		0,0000	0,2088	0,7912	0,0000	0,0000		sum(1,0000)		0,2169	0,7831	0,0000		sum(1,0000)		0,0000	1,0000	0,0000		sum(1,0000)		
0,8010	0,1990		sum(1,0000)		1,0000	0,0000		sum(1,0000)		0,0000	0,2604	0,7396	0,0000	0,0000		sum(1,0000)		0,3083	0,6917	0,0000		sum(1,0000)		0,0000	1,0000	0,0000		sum(1,0000)		
0,5846	0,4154		sum(1,0000)		1,0000	0,0000		sum(1,0000)		0,0000	0,1572	0,8428	0,0000	0,0000		sum(1,0000)		0,1254	0,8746	0,0000		sum(1,0000)		0,0000	1,0000	0,0000		sum(1,0000)		
0,4403	0,5597		sum(1,0000)		1,0000	0,0000		sum(1,0000)		0,0000	0,0000	0,1164	0,8836	0,0000		sum(1,0000)		0,0000	0,6431	0,3569		sum(1,0000)		0,0000	1,0000	0,0000		sum(1,0000)		
0,8731	0,1269		sum(1,0000)		0,7925	0,2075		sum(1,0000)		0,0000	0,0000	0,7085	0,2915	0,0000		sum(1,0000)		0,0000	0,7788	0,2212		sum(1,0000)		0,0000	1,0000	0,0000		sum(1,0000)		
0,4403	0,5597		sum(1,0000)		0,2556	0,7444		sum(1,0000)		0,0000	0,0000	0,7085	0,2915	0,0000		sum(1,0000)		0,0000	0,6431	0,3569		sum(1,0000)		0,0000	1,0000	0,0000		sum(1,0000)		
0,0000	1,0000		sum(1,0000)		0,6583	0,3417		sum(1,0000)		0,0000	0,0000	0,5111	0,4889	0,0000		sum(1,0000)		0,0000	0,7788	0,2212		sum(1,0000)		0,0000	1,0000	0,0000		sum(1,0000)		
0,2239	0,7761		sum(1,0000)		1,0000	0,0000		sum(1,0000)		0,0000	0,0000	0,8071	0,1929	0,0000		sum(1,0000)		0,0339	0,9661	0,0000		sum(1,0000)		0,0000	1,0000	0,0000		sum(1,0000)		
0,7289	0,2711		sum(1,0000)		0,7925	0,2075		sum(1,0000)		0,0000	0,0539	0,9461	0,0000	0,0000		sum(1,0000)		0,0339	0,9661	0,0000		sum(1,0000)		0,0000	1,0000	0,0000		sum(1,0000)		
0,8010	0,1990		sum(1,0000)		1,0000	0,0000		sum(1,0000)		0,0000	0,1056	0,8944	0,0000	0,0000		sum(1,0000)		0,0339	0,9661	0,0000		sum(1,0000)		0,0000	1,0000	0,0000		sum(1,0000)		
0,8010	0,1990		sum(1,0000)		1,0000	0,0000		sum(1,0000)		0,0000	0,0000	0,8071	0,1929	0,0000		sum(1,0000)		0,1254	0,8746	0,0000		sum(1,0000)		0,0000	1,0000	0,0000		sum(1,0000)		
0,3682	0,6318		sum(1,0000)		0,7925	0,2075		sum(1,0000)		0,0000	0,0000	0,6098	0,3902	0,0000		sum(1,0000)		0,0000	0,9146	0,0854		sum(1,0000)		0,0000	1,0000	0,0000		sum(1,0000)		
0,5846	0,4154		sum(1,0000)		1,0000	0,0000		sum(1,0000)		0,0000	0,1056	0,8944	0,0000	0,0000		sum(1,0000)		0,1254	0,8746	0,0000		sum(1,0000)		0,0000	1,0000	0,0000		sum(1,0000)		
1,0000	0,0000		sum(1,0000)		1,0000	0,0000		sum(1,0000)		0,0000	0,4668	0,5332	0,0000	0,0000		sum(1,0000)		0,3083	0,6917	0,0000		sum(1,0000)		0,0000	1,0000	0,0000		sum(1,0000)		
0,7289	0,2711		sum(1,0000)		1,0000	0,0000		sum(1,0000)		0,0000	0,0023	0,9977	0,0000	0,0000		sum(1,0000)		0,0339	0,9661	0,0000		sum(1,0000)		0,0000	1,0000	0,0000		sum(1,0000)		
0,6567	0,3433		sum(1,0000)		0,7925	0,2075		sum(1,0000)		0,0000	0,0023	0,9977	0,0000	0,0000		sum(1,0000)		0,1254	0,8746	0,0000		sum(1,0000)		0,0000	1,0000	0,0000		sum(1,0000)		
0,6567	0,3433		sum(1,0000)		0,9267	0,0733		sum(1,0000)		0,0000	0,0023	0,9977	0,0000	0,0000		sum(1,0000)		0,0339	0,9661	0,0000		sum(1,0000)		0,0000	1,0000	0,0000		sum(1,0000)		
0,2961	0,7039		sum(1,0000)		0,9267	0,0733		sum(1,0000)		0,0000	0,0000	0,9058	0,0942	0,0000		sum(1,0000)		0,0339	0,9661	0,0000		sum(1,0000)		0,0000	1,0000	0,0000		sum(1,0000)		
1,0000	0,0000		sum(1,0000)		1,0000	0,0000		sum(1,0000)		0,0000	0,6216	0,3784	0,0000	0,0000		sum(1,0000)		0,2169	0,7831	0,0000		sum(1,0000)		0,0000	1,0000	0,0000		sum(1,0000)		
0,6567	0,3433		sum(1,0000)		1,0000	0,0000		sum(1,0000)		0,0000	0,0539	0,9461	0,0000	0,0000		sum(1,0000)		0,0339	0,9661	0,0000		sum(1,0000)		0,0000	1,0000	0,0000		sum(1,0000)		
0,2239	0,7761		sum(1,0000)		0,3898	0,6102		sum(1,0000)		0,0000	0,0000	0,0000	0,1986	0,8014		sum(1,0000)		0,0000	0,0000	1,0000		sum(1,0000)		0,0000	0,0000	1,0000		sum(1,0000)		
0,5846	0,4154		sum(1,0000)		1,0000	0,0000		sum(1,0000)		0,0000	0,0000	0,1164	0,8836	0,0000		sum(1,0000)		0,0000	0,2360	0,7640		sum(1,0000)		0,0000	0,0000	1,0000		sum(1,0000)		
0,0000	1,0000		sum(1,0000)		0,7925	0,2075		sum(1,0000)		0,0000	0,0000	0,0000	0,3010	0,6990		sum(1,0000)		0,0000	0,0000	1,0000		sum(1,0000)		0,0000	0,0000	1,0000		sum(1,0000)		
0,2239	0,7761		sum(1,0000)		0,9267	0,0733		sum(1,0000)		0,0000	0,0000	0,0000	0,6085	0,3915		sum(1,0000)		0,0000	0,3717	0,6283		sum(1,0000)		0,0000	0,0000	1,0000		sum(1,0000)		
0,0797	0,9203		sum(1,0000)		0,7925	0,2075		sum(1,0000)		0,0000	0,0000	0,0000	0,4035	0,5965		sum(1,0000)		0,0000	0,0000	1,0000		sum(1,0000)		0,0000	0,0000	1,0000		sum(1,0000)		
0,0000	1,0000		sum(1,0000)		0,7925	0,2075		sum(1,0000)		0,0000	0,0000	0,0000	0,0000	1,0000		sum(1,0000)		0,0000	0,0000	1,0000		sum(1,0000)		0,0000	0,0000	1,0000		sum(1,0000)		
1,0000	0,0000		sum(1,0000)		1,0000	0,0000		sum(1,0000)		0,0000	0,0000	0,7085	0,2915	0,0000		sum(1,0000)		0,0000	0,5074	0,4926		sum(1,0000)		0,0000	0,0000	1,0000		sum(1,0000)		
0,0000	1,0000		sum(1,0000)		0,9267	0,0733		sum(1,0000)		0,0000	0,0000	0,0000	0,0000	1,0000		sum(1,0000)		0,0000	0,3717	0,6283		sum(1,0000)		0,0000	0,0000	1,0000		sum(1,0000)		
0,0000	1,0000		sum(1,0000)		1,0000	0,0000		sum(1,0000)		0,0000	0,0000	0,0000	0,4035	0,5965		sum(1,0000)		0,0000	0,3717	0,6283		sum(1,0000)		0,0000	0,0000	1,0000		sum(1,0000)		
0,0000	1,0000		sum(1,0000)		0,0000	1,0000		sum(1,0000)		0,0000	0,0000	0,0000	0,0961	0,9039		sum(1,0000)		0,0000	0,0000	1,0000		sum(1,0000)		0,0000	0,0000	1,0000		sum(1,0000)		
0,0797	0,9203		sum(1,0000)		0,5241	0,4759		sum(1,0000)		0,0000	0,0000	0,1164	0,8836	0,0000		sum(1,0000)		0,0000	0,1003	0,8997		sum(1,0000)		0,0000	0,0000	1,0000		sum(1,0000)		
0,1518	0,8482		sum(1,0000)		1,0000	0,0000		sum(1,0000)		0,0000	0,0000	0,0000	0,9159	0,0841		sum(1,0000)		0,0000	0,2360	0,7640		sum(1,0000)		0,0000	0,0000	1,0000		sum(1,0000)		
0,0000	1,0000		sum(1,0000)		0,7925	0,2075		sum(1,0000)		0,0000	0,0000	0,0000	0,7110	0,2890		sum(1,0000)		0,0000	0,0000	1,0000		sum(1,0000)		0,0000	0,0000	1,0000		sum(1,0000)		
0,6567	0,3433		sum(1,0000)		1,0000	0,0000		sum(1,0000)		0,0000	0,0000	0,2151	0,7849	0,0000		sum(1,0000)		0,0000	0,1003	0,8997		sum(1,0000)		0,0000	0,0000	1,0000		sum(1,0000)		
0,5846	0,4154		sum(1,0000)		1,0000	0,0000		sum(1,0000)		0,0000	0,0000	0,1164	0,8836	0,0000		sum(1,0000)		0,0000	0,0000	1,0000		sum(1,0000)		0,0000	0,0000	1,0000		sum(1,0000)		
0,1518	0,8482		sum(1,0000)		0,5241	0,4759		sum(1,0000)		0,0000	0,0000	0,0000	0,9159	0,0841		sum(1,0000)		0,0000	0,0000	1,0000		sum(1,0000)		0,0000	0,0000	1,0000		sum(1,0000)		
0,0797	0,9203		sum(1,0000)		0,7925	0,2075		sum(1,0000)		0,0000	0,0000	0,0000	0,7110	0,2890		sum(1,0000)		0,0000	0,3717	0,6283		sum(1,0000)		0,0000	0,0000	1,0000		sum(1,0000)		
0,0000	1,0000		sum(1,0000)		0,0000	1,0000		sum(1,0000)		0,0000	0,0000	0,0000	0,0000	1,0000		sum(1,0000)		0,0000	0,0000	1,0000		sum(1,0000)		0,0000	0,0000	1,0000		sum(1,0000)		
0,0000	1,0000		sum(1,0000)		1,0000	0,0000		sum(1,0000)		0,0000	0,0000	0,0000	0,0000	1,0000		sum(1,0000)		0,0000	0,0000	1,0000		sum(1,0000)		0,0000	0,0000	1,0000		sum(1,0000)		
0,4403	0,5597		sum(1,0000)		1,0000	0,0000		sum(1,0000)		0,0000	0,0000	0,2151	0,7849	0,0000		sum(1,0000)		0,0000	0,7788	0,2212		sum(1,0000)		0,0000	0,0000	1,0000		sum(1,0000)		
0,0000	1,0000		sum(1,0000)		0,5241	0,4759		sum(1,0000)		0,0000	0,0000	0,0000	0,5060	0,4940		sum(1,0000)		0,0000	0,0000	1,0000		sum(1,0000)		0,0000	0,0000	1,0000		sum(1,0000)		
0,7289	0,2711		sum(1,0000)		1,0000	0,0000		sum(1,0000)		0,0000	0,0000	0,3137	0,6863	0,0000		sum(1,0000)		0,0000	0,1003	0,8997		sum(1,0000)		0,0000	0,0000	1,0000		sum(1,0000)		
0,0000	1,0000		sum(1,0000)		1,0000	0,0000		sum(1,0000)		0,0000	0,0000	0,0000	0,0000	1,0000		sum(1,0000)		0,0000	0,1003	0,8997		sum(1,0000)		0,0000	0,0000	1,0000		sum(1,0000)		
0,2239	0,7761		sum(1,0000)		1,0000	0,0000		sum(1,0000)		0,0000	0,0000	0,3137	0,6863	0,0000		sum(1,0000)		0,0000	0,3717	0,6283		sum(1,0000)		0,0000	0,0000	1,0000		sum(1,0000)		
0,0000	1,0000		sum(1,0000)		0,3898	0,6102		sum(1,0000)		0,0000	0,0000	0,0000	0,5060	0,4940		sum(1,0000)		0,0000	0,0000	1,0000		sum(1,0000)		0,0000	0,0000	1,0000		sum(1,0000)		
0,0000	1,0000		sum(1,0000)		0,5241	0,4759		sum(1,0000)		0,0000	0,0000	0,0000	0,1986	0,8014		sum(1,0000)		0,0000	0,3717	0,6283		sum(1,0000)		0,0000	0,0000	1,0000		sum(1,0000)		
0,2961	0,7039		sum(1,0000)		1,0000	0,0000		sum(1,0000)		0,0000	0,0000	0,4124	0,5876	0,0000		sum(1,0000)		0,0000	0,3717	0,6283		sum(1,0000)		0,0000	0,0000	1,0000		sum(1,0000)		
0,3682	0,6318		sum(1,0000)		0,7925	0,2075		sum(1,0000)		0,0000	0,0000	0,3137	0,6863	0,0000		sum(1,0000)		0,0000	0,3717	0,6283		sum(1,0000)		0,0000	0,0000	1,0000		sum(1,0000)		
0,1518	0,8482		sum(1,0000)		1,0000	0,0000		sum(1,0000)		0,0000	0,0000	0,0000	0,6085	0,3915		sum(1,0000)		0,0000	0,0000	1,0000		sum(1,0000)		0,0000	0,0000	1,0000		sum(1,0000)		
0,0000	1,0000		sum(1,0000)		0,7925	0,2075		sum(1,0000)		0,0000	0,0000	0,0000	0,4035	0,5965		sum(1,0000)		0,0000	0,6431	0,3569		sum(1,0000)		0,0000	0,0000	1,0000		sum(1,0000)		
0,0000	1,0000		sum(1,0000)		1,0000	0,0000		sum(1,0000)		0,0000	0,0000	0,0000	0,0961	0,9039		sum(1,0000)		0,0000	0,2360	0,7640		sum(1,0000)		0,0000	0,0000	1,0000		sum(1,0000)		
0,0000	1,0000		sum(1,0000)		0,0000	1,0000		sum(1,0000)		0,0000	0,0000	0,0000	0,0000	1,0000		sum(1,0000)		0,0000	0,1003	0,8997		sum(1,0000)		0,0000	0,0000	1,0000		sum(1,0000)		
0,1518	0,8482		sum(1,0000)		1,0000	0,0000		sum(1,0000)		0,0000	0,0000	0,0000	0,6085	0,3915		sum(1,0000)		0,0000	0,0000	1,0000		sum(1,0000)		0,0000	0,0000	1,0000		sum(1,0000)		
0,2239	0,7761		sum(1,0000)		1,0000	0,0000		sum(1,0000)		0,0000	0,0000	0,1164	0,8836	0,0000		sum(1,0000)		0,0000	0,7788	0,2212		sum(1,0000)		0,0000	0,0000	1,0000		sum(1,0000)		
0,3682	0,6318		sum(1,0000)		1,0000	0,0000		sum(1,0000)		0,0000	0,0000	0,0000	0,6085	0,3915		sum(1,0000)		0,0000	0,9146	0,0854		sum(1,0000)		0,0000	0,0000	1,0000		sum(1,0000)		
0,0000	1,0000		sum(1,0000)		0,7925	0,2075		sum(1,0000)		0,0000	0,0000	0,0000	0,0961	0,9039		sum(1,0000)		0,0000	0,0000	1,0000		sum(1,0000)		0,0000	0,0000	1,0000		sum(1,0000)		
0,2239	0,7761		sum(1,0000)		0,2556	0,7444		sum(1,0000)		0,0000	0,0000	0,0000	0,6085	0,3915		sum(1,0000)		0,0000	0,0000	1,0000		sum(1,0000)		0,0000	0,0000	1,0000		sum(1,0000)		
0,1518	0,8482		sum(1,0000)		0,6583	0,3417		sum(1,0000)		0,0000	0,0000	0,0000	0,7110	0,2890		sum(1,0000)		0,0000	0,3717	0,6283		sum(1,0000)		0,0000	0,0000	1,0000		sum(1,0000)		
0,4403	0,5597		sum(1,0000)		0,7925	0,2075		sum(1,0000)		0,0000	0,0000	0,4124	0,5876	0,0000		sum(1,0000)		0,0000	0,3717	0,6283		sum(1,0000)		0,0000	0,0000	1,0000		sum(1,0000)		
0,0000	1,0000		sum(1,0000)		0,6583	0,3417		sum(1,0000)		0,0000	0,0000	0,0000	0,8134	0,1866		sum(1,0000)		0,0000	0,0000	1,0000		sum(1,0000)		0,0000	0,0000	1,0000		sum(1,0000)		
0,0000	1,0000		sum(1,0000)		0,6583	0,3417		sum(1,0000)		0,0000	0,0000	0,0000	0,6085	0,3915		sum(1,0000)		0,0000	0,0000	1,0000		sum(1,0000)		0,0000	0,0000	1,0000		sum(1,0000)		
0,0000	1,0000		sum(1,0000)		0,6583	0,3417		sum(1,0000)		0,0000	0,0000	0,1164	0,8836	0,0000		sum(1,0000)		0,0000	0,0000	1,0000		sum(1,0000)		0,0000	0,0000	1,0000		sum(1,0000)		
0,5846	0,4154		sum(1,0000)		1,0000	0,0000		sum(1,0000)		0,0000	0,0000	0,1164	0,8836	0,0000		sum(1,0000)		0,0000	0,2360	0,7640		sum(1,0000)		0,0000	0,0000	1,0000		sum(1,0000)		
0,0000	1,0000		sum(1,0000)		0,5241	0,4759		sum(1,0000)		0,0000	0,0000	0,0000	0,3010	0,6990		sum(1,0000)		0,0000	0,0000	1,0000		sum(1,0000)		0,0000	0,0000	1,0000		sum(1,0000)		
0,0000	1,0000		sum(1,0000)		0,3898	0,6102		sum(1,0000)		0,0000	0,0000	0,0000	0,5060	0,4940		sum(1,0000)		0,0000	0,0000	1,0000		sum(1,0000)		0,0000	0,0000	1,0000		sum(1,0000)		
0,0000	1,0000		sum(1,0000)		0,7925	0,2075		sum(1,0000)		0,0000	0,0000	0,0177	0,9823	0,0000		sum(1,0000)		0,0000	0,0000	1,0000		sum(1,0000)		0,0000	0,0000	1,0000		sum(1,0000)		
0,2239	0,7761		sum(1,0000)		1,0000	0,0000		sum(1,0000)		0,0000	0,0000	0,2151	0,7849	0,0000		sum(1,0000)		0,0000	0,2360	0,7640		sum(1,0000)		0,0000	0,0000	1,0000		sum(1,0000)		
0,0797	0,9203		sum(1,0000)		0,7925	0,2075		sum(1,0000)		0,0000	0,0000	0,0177	0,9823	0,0000		sum(1,0000)		0,0000	0,1003	0,8997		sum(1,0000)		0,0000	0,0000	1,0000		sum(1,0000)		
0,2961	0,7039		sum(1,0000)		0,2556	0,7444		sum(1,0000)		0,0000	0,0000	0,0000	0,8134	0,1866		sum(1,0000)		0,0000	0,0000	1,0000		sum(1,0000)		0,0000	0,0000	1,0000		sum(1,0000)		
0,5125	0,4875		sum(1,0000)		0,7925	0,2075		sum(1,0000)		0,0000	0,0000	0,1164	0,8836	0,0000		sum(1,0000)		0,0000	0,3717	0,6283		sum(1,0000)		0,0000	0,0000	1,0000		sum(1,0000)		

