Total Entropy of dimension on intervals
Dimension:  	0, Interval: 	1, Total Entropy = 	99999999999
Dimension:  	0, Interval: 	2, Total Entropy = 	3,27637178774681
Dimension:  	0, Interval: 	3, Total Entropy = 	3,87712523025605

Dimension:  	1, Interval: 	1, Total Entropy = 	99999999999
Dimension:  	1, Interval: 	2, Total Entropy = 	2,94749640308755
Dimension:  	1, Interval: 	3, Total Entropy = 	3,29788153404328

Dimension:  	2, Interval: 	1, Total Entropy = 	99999999999
Dimension:  	2, Interval: 	2, Total Entropy = 	5,39170889231155
Dimension:  	2, Interval: 	3, Total Entropy = 	8,25631552221747

Dimension:  	3, Interval: 	1, Total Entropy = 	99999999999
Dimension:  	3, Interval: 	2, Total Entropy = 	3,28688903039174
Dimension:  	3, Interval: 	3, Total Entropy = 	4,96562328074944

Dimension:  	4, Interval: 	1, Total Entropy = 	99999999999
Dimension:  	4, Interval: 	2, Total Entropy = 	3,70712762690055
Dimension:  	4, Interval: 	3, Total Entropy = 	5,20521459497153

Dimension:  	5, Interval: 	1, Total Entropy = 	99999999999
Dimension:  	5, Interval: 	2, Total Entropy = 	5,68964991609921
Dimension:  	5, Interval: 	3, Total Entropy = 	9,14958840901384

Dimension:  	6, Interval: 	1, Total Entropy = 	99999999999
Dimension:  	6, Interval: 	2, Total Entropy = 	2,52997261845497
Dimension:  	6, Interval: 	3, Total Entropy = 	6,14216373421783



Intervals: 
2	2	2	2	2	2	2	3	
Centers
Dimension: 1
0,2240
0,7225
		Dimension: 2
0,2556
0,7383
		Dimension: 3
0,3538
0,7098
		Dimension: 4
0,2467
0,6942
		Dimension: 5
0,2302
0,6923
		Dimension: 6
0,2375
0,5595
		Dimension: 7
0,2856
0,7487
		
Number of classes: 
Dimension 0
0 = 87
1 = 67
2 = 56

Dimension 1
0 = 88
1 = 63
2 = 59

Dimension 2
0 = 39
1 = 90
2 = 81

Dimension 3
0 = 101
1 = 57
2 = 52

Dimension 4
0 = 77
1 = 78
2 = 55

Dimension 5
0 = 84
1 = 88
2 = 38

Dimension 6
0 = 72
1 = 71
2 = 67

*****************************************RESULTS***************************************************************
0,5647	0,4353		sum(1,0000)		0,4894	0,5106		sum(1,0000)		0,3904	0,6096		sum(1,0000)		0,4642	0,5358		sum(1,0000)		0,4462	0,5538		sum(1,0000)		1,0000	0,0000		sum(1,0000)		0,8714	0,1286		sum(1,0000)		1,0000	0,0000	0,0000		sum(1,0000)		
0,6367	0,3633		sum(1,0000)		0,6049	0,3951		sum(1,0000)		0,1330	0,8670		sum(1,0000)		0,7271	0,2729		sum(1,0000)		0,4138	0,5862		sum(1,0000)		1,0000	0,0000		sum(1,0000)		1,0000	0,0000		sum(1,0000)		1,0000	0,0000	0,0000		sum(1,0000)		
0,7485	0,2515		sum(1,0000)		0,8104	0,1896		sum(1,0000)		0,0000	1,0000		sum(1,0000)		1,0000	0,0000		sum(1,0000)		0,4077	0,5923		sum(1,0000)		0,9567	0,0433		sum(1,0000)		1,0000	0,0000		sum(1,0000)		1,0000	0,0000	0,0000		sum(1,0000)		
0,8337	0,1663		sum(1,0000)		0,8746	0,1254		sum(1,0000)		0,0000	1,0000		sum(1,0000)		1,0000	0,0000		sum(1,0000)		0,3429	0,6571		sum(1,0000)		1,0000	0,0000		sum(1,0000)		1,0000	0,0000		sum(1,0000)		1,0000	0,0000	0,0000		sum(1,0000)		
0,3980	0,6020		sum(1,0000)		0,4252	0,5748		sum(1,0000)		0,0000	1,0000		sum(1,0000)		0,5963	0,4037		sum(1,0000)		0,0606	0,9394		sum(1,0000)		1,0000	0,0000		sum(1,0000)		0,9192	0,0808		sum(1,0000)		1,0000	0,0000	0,0000		sum(1,0000)		
0,7314	0,2686		sum(1,0000)		0,7590	0,2410		sum(1,0000)		0,0000	1,0000		sum(1,0000)		0,9385	0,0615		sum(1,0000)		0,4462	0,5538		sum(1,0000)		1,0000	0,0000		sum(1,0000)		1,0000	0,0000		sum(1,0000)		1,0000	0,0000	0,0000		sum(1,0000)		
0,6727	0,3273		sum(1,0000)		0,6392	0,3608		sum(1,0000)		0,1636	0,8364		sum(1,0000)		0,7158	0,2842		sum(1,0000)		0,5280	0,4720		sum(1,0000)		0,5985	0,4015		sum(1,0000)		0,8724	0,1276		sum(1,0000)		1,0000	0,0000	0,0000		sum(1,0000)		
0,7826	0,2174		sum(1,0000)		0,8061	0,1939		sum(1,0000)		0,0000	1,0000		sum(1,0000)		0,8957	0,1043		sum(1,0000)		0,4616	0,5384		sum(1,0000)		0,9563	0,0437		sum(1,0000)		1,0000	0,0000		sum(1,0000)		1,0000	0,0000	0,0000		sum(1,0000)		
0,3052	0,6948		sum(1,0000)		0,2241	0,7759		sum(1,0000)		0,2961	0,7039		sum(1,0000)		0,0993	0,9007		sum(1,0000)		0,2102	0,7898		sum(1,0000)		1,0000	0,0000		sum(1,0000)		0,1729	0,8271		sum(1,0000)		1,0000	0,0000	0,0000		sum(1,0000)		
0,3412	0,6588		sum(1,0000)		0,3139	0,6861		sum(1,0000)		0,0000	1,0000		sum(1,0000)		0,3119	0,6881		sum(1,0000)		0,1485	0,8515		sum(1,0000)		1,0000	0,0000		sum(1,0000)		0,5386	0,4614		sum(1,0000)		1,0000	0,0000	0,0000		sum(1,0000)		
0,5647	0,4353		sum(1,0000)		0,4851	0,5149		sum(1,0000)		0,4261	0,5739		sum(1,0000)		0,5258	0,4742		sum(1,0000)		0,5542	0,4458		sum(1,0000)		0,2121	0,7879		sum(1,0000)		0,7714	0,2286		sum(1,0000)		1,0000	0,0000	0,0000		sum(1,0000)		
0,7977	0,2023		sum(1,0000)		0,7804	0,2196		sum(1,0000)		0,1712	0,8288		sum(1,0000)		0,8730	0,1270		sum(1,0000)		0,6174	0,3826		sum(1,0000)		1,0000	0,0000		sum(1,0000)		1,0000	0,0000		sum(1,0000)		1,0000	0,0000	0,0000		sum(1,0000)		
0,8243	0,1757		sum(1,0000)		0,8403	0,1597		sum(1,0000)		0,0000	1,0000		sum(1,0000)		0,8718	0,1282		sum(1,0000)		0,6205	0,3795		sum(1,0000)		0,4370	0,5630		sum(1,0000)		1,0000	0,0000		sum(1,0000)		1,0000	0,0000	0,0000		sum(1,0000)		
0,8451	0,1549		sum(1,0000)		0,8232	0,1768		sum(1,0000)		0,2655	0,7345		sum(1,0000)		0,8215	0,1785		sum(1,0000)		0,6868	0,3132		sum(1,0000)		0,7802	0,2198		sum(1,0000)		1,0000	0,0000		sum(1,0000)		1,0000	0,0000	0,0000		sum(1,0000)		
0,8527	0,1473		sum(1,0000)		0,8275	0,1725		sum(1,0000)		0,3038	0,6962		sum(1,0000)		0,8177	0,1823		sum(1,0000)		0,7516	0,2484		sum(1,0000)		0,8626	0,1374		sum(1,0000)		1,0000	0,0000		sum(1,0000)		1,0000	0,0000	0,0000		sum(1,0000)		
0,6916	0,3084		sum(1,0000)		0,7290	0,2710		sum(1,0000)		0,0000	1,0000		sum(1,0000)		0,9825	0,0175		sum(1,0000)		0,4138	0,5862		sum(1,0000)		0,3566	0,6434		sum(1,0000)		1,0000	0,0000		sum(1,0000)		1,0000	0,0000	0,0000		sum(1,0000)		
0,8053	0,1947		sum(1,0000)		0,9216	0,0784		sum(1,0000)		0,0000	1,0000		sum(1,0000)		1,0000	0,0000		sum(1,0000)		0,3367	0,6633		sum(1,0000)		0,0000	1,0000		sum(1,0000)		1,0000	0,0000		sum(1,0000)		1,0000	0,0000	0,0000		sum(1,0000)		
0,4832	0,5168		sum(1,0000)		0,5279	0,4721		sum(1,0000)		0,0000	1,0000		sum(1,0000)		0,7611	0,2389		sum(1,0000)		0,1347	0,8653		sum(1,0000)		1,0000	0,0000		sum(1,0000)		1,0000	0,0000		sum(1,0000)		1,0000	0,0000	0,0000		sum(1,0000)		
0,6708	0,3292		sum(1,0000)		0,7590	0,2410		sum(1,0000)		0,0000	1,0000		sum(1,0000)		1,0000	0,0000		sum(1,0000)		0,2087	0,7913		sum(1,0000)		1,0000	0,0000		sum(1,0000)		1,0000	0,0000		sum(1,0000)		1,0000	0,0000	0,0000		sum(1,0000)		
1,0000	0,0000		sum(1,0000)		1,0000	0,0000		sum(1,0000)		0,4516	0,5484		sum(1,0000)		1,0000	0,0000		sum(1,0000)		0,8519	0,1481		sum(1,0000)		0,3901	0,6099		sum(1,0000)		1,0000	0,0000		sum(1,0000)		1,0000	0,0000	0,0000		sum(1,0000)		
0,7731	0,2269		sum(1,0000)		0,6777	0,3223		sum(1,0000)		0,7116	0,2884		sum(1,0000)		0,5963	0,4037		sum(1,0000)		0,7285	0,2715		sum(1,0000)		0,8060	0,1940		sum(1,0000)		0,9181	0,0819		sum(1,0000)		1,0000	0,0000	0,0000		sum(1,0000)		
0,7826	0,2174		sum(1,0000)		0,7376	0,2624		sum(1,0000)		0,3599	0,6401		sum(1,0000)		0,7699	0,2301		sum(1,0000)		0,6683	0,3317		sum(1,0000)		0,9611	0,0389		sum(1,0000)		0,8724	0,1276		sum(1,0000)		1,0000	0,0000	0,0000		sum(1,0000)		
0,4473	0,5527		sum(1,0000)		0,4637	0,5363		sum(1,0000)		0,0000	1,0000		sum(1,0000)		0,6466	0,3534		sum(1,0000)		0,1455	0,8545		sum(1,0000)		1,0000	0,0000		sum(1,0000)		1,0000	0,0000		sum(1,0000)		1,0000	0,0000	0,0000		sum(1,0000)		
1,0000	0,0000		sum(1,0000)		1,0000	0,0000		sum(1,0000)		0,5077	0,4923		sum(1,0000)		1,0000	0,0000		sum(1,0000)		1,0000	0,0000		sum(1,0000)		1,0000	0,0000		sum(1,0000)		1,0000	0,0000		sum(1,0000)		1,0000	0,0000	0,0000		sum(1,0000)		
0,6121	0,3879		sum(1,0000)		0,5236	0,4764		sum(1,0000)		0,5255	0,4745		sum(1,0000)		0,4314	0,5686		sum(1,0000)		0,5496	0,4504		sum(1,0000)		1,0000	0,0000		sum(1,0000)		1,0000	0,0000		sum(1,0000)		1,0000	0,0000	0,0000		sum(1,0000)		
0,3885	0,6115		sum(1,0000)		0,3524	0,6476		sum(1,0000)		0,0361	0,9639		sum(1,0000)		0,3761	0,6239		sum(1,0000)		0,2781	0,7219		sum(1,0000)		1,0000	0,0000		sum(1,0000)		0,7789	0,2211		sum(1,0000)		1,0000	0,0000	0,0000		sum(1,0000)		
0,9891	0,0109		sum(1,0000)		0,9516	0,0484		sum(1,0000)		0,5663	0,4337		sum(1,0000)		0,9271	0,0729		sum(1,0000)		0,8873	0,1127		sum(1,0000)		0,6845	0,3155		sum(1,0000)		1,0000	0,0000		sum(1,0000)		1,0000	0,0000	0,0000		sum(1,0000)		
1,0000	0,0000		sum(1,0000)		0,9901	0,0099		sum(1,0000)		0,7626	0,2374		sum(1,0000)		0,9271	0,0729		sum(1,0000)		0,9953	0,0047		sum(1,0000)		1,0000	0,0000		sum(1,0000)		1,0000	0,0000		sum(1,0000)		1,0000	0,0000	0,0000		sum(1,0000)		
0,7826	0,2174		sum(1,0000)		0,7718	0,2282		sum(1,0000)		0,1100	0,8900		sum(1,0000)		0,7435	0,2565		sum(1,0000)		0,5866	0,4134		sum(1,0000)		0,9344	0,0656		sum(1,0000)		1,0000	0,0000		sum(1,0000)		1,0000	0,0000	0,0000		sum(1,0000)		
0,9076	0,0924		sum(1,0000)		0,8403	0,1597		sum(1,0000)		0,6606	0,3394		sum(1,0000)		0,7749	0,2251		sum(1,0000)		0,8272	0,1728		sum(1,0000)		0,6207	0,3793		sum(1,0000)		1,0000	0,0000		sum(1,0000)		1,0000	0,0000	0,0000		sum(1,0000)		
0,9626	0,0374		sum(1,0000)		0,9259	0,0741		sum(1,0000)		0,5128	0,4872		sum(1,0000)		0,8529	0,1471		sum(1,0000)		0,9660	0,0340		sum(1,0000)		1,0000	0,0000		sum(1,0000)		1,0000	0,0000		sum(1,0000)		1,0000	0,0000	0,0000		sum(1,0000)		
0,5211	0,4789		sum(1,0000)		0,4466	0,5534		sum(1,0000)		0,3548	0,6452		sum(1,0000)		0,4717	0,5283		sum(1,0000)		0,3552	0,6448		sum(1,0000)		0,6688	0,3312		sum(1,0000)		0,8629	0,1371		sum(1,0000)		1,0000	0,0000	0,0000		sum(1,0000)		
0,7864	0,2136		sum(1,0000)		0,6734	0,3266		sum(1,0000)		0,8518	0,1482		sum(1,0000)		0,5220	0,4780		sum(1,0000)		0,6406	0,3594		sum(1,0000)		0,4636	0,5364		sum(1,0000)		0,7874	0,2126		sum(1,0000)		1,0000	0,0000	0,0000		sum(1,0000)		
0,8148	0,1852		sum(1,0000)		0,7761	0,2239		sum(1,0000)		0,3446	0,6554		sum(1,0000)		0,6881	0,3119		sum(1,0000)		0,6961	0,3039		sum(1,0000)		1,0000	0,0000		sum(1,0000)		1,0000	0,0000		sum(1,0000)		1,0000	0,0000	0,0000		sum(1,0000)		
0,6045	0,3955		sum(1,0000)		0,5579	0,4421		sum(1,0000)		0,2146	0,7854		sum(1,0000)		0,5283	0,4717		sum(1,0000)		0,4215	0,5785		sum(1,0000)		1,0000	0,0000		sum(1,0000)		0,7225	0,2775		sum(1,0000)		1,0000	0,0000	0,0000		sum(1,0000)		
0,4018	0,5982		sum(1,0000)		0,4209	0,5791		sum(1,0000)		0,0000	1,0000		sum(1,0000)		0,5321	0,4679		sum(1,0000)		0,1794	0,8206		sum(1,0000)		1,0000	0,0000		sum(1,0000)		0,6343	0,3657		sum(1,0000)		1,0000	0,0000	0,0000		sum(1,0000)		
0,3866	0,6134		sum(1,0000)		0,3054	0,6946		sum(1,0000)		0,3293	0,6707		sum(1,0000)		0,3849	0,6151		sum(1,0000)		0,2118	0,7882		sum(1,0000)		0,9066	0,0934		sum(1,0000)		0,5450	0,4550		sum(1,0000)		1,0000	0,0000	0,0000		sum(1,0000)		
0,2199	0,7801		sum(1,0000)		0,2583	0,7417		sum(1,0000)		0,0000	1,0000		sum(1,0000)		0,3774	0,6226		sum(1,0000)		0,0000	1,0000		sum(1,0000)		0,8529	0,1471		sum(1,0000)		0,5907	0,4093		sum(1,0000)		1,0000	0,0000	0,0000		sum(1,0000)		
0,6519	0,3481		sum(1,0000)		0,6263	0,3737		sum(1,0000)		0,1024	0,8976		sum(1,0000)		0,5988	0,4012		sum(1,0000)		0,4832	0,5168		sum(1,0000)		0,7899	0,2101		sum(1,0000)		0,7768	0,2232		sum(1,0000)		1,0000	0,0000	0,0000		sum(1,0000)		
0,7504	0,2496		sum(1,0000)		0,7761	0,2239		sum(1,0000)		0,0000	1,0000		sum(1,0000)		0,9246	0,0754		sum(1,0000)		0,4678	0,5322		sum(1,0000)		0,0000	1,0000		sum(1,0000)		1,0000	0,0000		sum(1,0000)		1,0000	0,0000	0,0000		sum(1,0000)		
0,8906	0,1094		sum(1,0000)		0,9131	0,0869		sum(1,0000)		0,0000	1,0000		sum(1,0000)		0,9863	0,0137		sum(1,0000)		0,6868	0,3132		sum(1,0000)		1,0000	0,0000		sum(1,0000)		0,9160	0,0840		sum(1,0000)		1,0000	0,0000	0,0000		sum(1,0000)		
0,8981	0,1019		sum(1,0000)		0,9131	0,0869		sum(1,0000)		0,0285	0,9715		sum(1,0000)		0,9825	0,0175		sum(1,0000)		0,6837	0,3163		sum(1,0000)		1,0000	0,0000		sum(1,0000)		0,9181	0,0819		sum(1,0000)		1,0000	0,0000	0,0000		sum(1,0000)		
0,9626	0,0374		sum(1,0000)		1,0000	0,0000		sum(1,0000)		0,0000	1,0000		sum(1,0000)		1,0000	0,0000		sum(1,0000)		0,6174	0,3826		sum(1,0000)		1,0000	0,0000		sum(1,0000)		1,0000	0,0000		sum(1,0000)		1,0000	0,0000	0,0000		sum(1,0000)		
0,5192	0,4808		sum(1,0000)		0,4808	0,5192		sum(1,0000)		0,1100	0,8900		sum(1,0000)		0,3207	0,6793		sum(1,0000)		0,3167	0,6833		sum(1,0000)		0,1442	0,8558		sum(1,0000)		0,5439	0,4561		sum(1,0000)		1,0000	0,0000	0,0000		sum(1,0000)		
0,5931	0,4069		sum(1,0000)		0,6178	0,3822		sum(1,0000)		0,0000	1,0000		sum(1,0000)		0,6957	0,3043		sum(1,0000)		0,2149	0,7851		sum(1,0000)		0,7834	0,2166		sum(1,0000)		0,9139	0,0861		sum(1,0000)		1,0000	0,0000	0,0000		sum(1,0000)		
0,8413	0,1587		sum(1,0000)		0,8318	0,1682		sum(1,0000)		0,1763	0,8237		sum(1,0000)		0,9510	0,0490		sum(1,0000)		0,6884	0,3116		sum(1,0000)		1,0000	0,0000		sum(1,0000)		1,0000	0,0000		sum(1,0000)		1,0000	0,0000	0,0000		sum(1,0000)		
0,5458	0,4542		sum(1,0000)		0,5236	0,4764		sum(1,0000)		0,0055	0,9945		sum(1,0000)		0,5422	0,4578		sum(1,0000)		0,3213	0,6787		sum(1,0000)		1,0000	0,0000		sum(1,0000)		0,9649	0,0351		sum(1,0000)		1,0000	0,0000	0,0000		sum(1,0000)		
0,6159	0,3841		sum(1,0000)		0,6092	0,3908		sum(1,0000)		0,0000	1,0000		sum(1,0000)		0,7070	0,2930		sum(1,0000)		0,3460	0,6540		sum(1,0000)		0,8521	0,1479		sum(1,0000)		0,9192	0,0808		sum(1,0000)		1,0000	0,0000	0,0000		sum(1,0000)		
0,6538	0,3462		sum(1,0000)		0,6263	0,3737		sum(1,0000)		0,1126	0,8874		sum(1,0000)		0,7384	0,2616		sum(1,0000)		0,4786	0,5214		sum(1,0000)		0,9546	0,0454		sum(1,0000)		0,9872	0,0128		sum(1,0000)		1,0000	0,0000	0,0000		sum(1,0000)		
0,6405	0,3595		sum(1,0000)		0,5621	0,4379		sum(1,0000)		0,4771	0,5229		sum(1,0000)		0,5711	0,4289		sum(1,0000)		0,5295	0,4705		sum(1,0000)		1,0000	0,0000		sum(1,0000)		0,7321	0,2679		sum(1,0000)		1,0000	0,0000	0,0000		sum(1,0000)		
0,7220	0,2780		sum(1,0000)		0,6777	0,3223		sum(1,0000)		0,2859	0,7141		sum(1,0000)		0,6881	0,3119		sum(1,0000)		0,5079	0,4921		sum(1,0000)		0,4414	0,5586		sum(1,0000)		0,9522	0,0478		sum(1,0000)		1,0000	0,0000	0,0000		sum(1,0000)		
0,4662	0,5338		sum(1,0000)		0,4594	0,5406		sum(1,0000)		0,0000	1,0000		sum(1,0000)		0,5761	0,4239		sum(1,0000)		0,2580	0,7420		sum(1,0000)		0,0000	1,0000		sum(1,0000)		0,9607	0,0393		sum(1,0000)		1,0000	0,0000	0,0000		sum(1,0000)		
0,7106	0,2894		sum(1,0000)		0,5878	0,4122		sum(1,0000)		0,8289	0,1711		sum(1,0000)		0,5245	0,4755		sum(1,0000)		0,7531	0,2469		sum(1,0000)		0,3845	0,6155		sum(1,0000)		0,6843	0,3157		sum(1,0000)		1,0000	0,0000	0,0000		sum(1,0000)		
0,7409	0,2591		sum(1,0000)		0,7290	0,2710		sum(1,0000)		0,0820	0,9180		sum(1,0000)		0,7900	0,2100		sum(1,0000)		0,6205	0,3795		sum(1,0000)		0,7027	0,2973		sum(1,0000)		0,8671	0,1329		sum(1,0000)		1,0000	0,0000	0,0000		sum(1,0000)		
0,7049	0,2951		sum(1,0000)		0,5921	0,4079		sum(1,0000)		0,7804	0,2196		sum(1,0000)		0,4918	0,5082		sum(1,0000)		0,7531	0,2469		sum(1,0000)		1,0000	0,0000		sum(1,0000)		0,5875	0,4125		sum(1,0000)		1,0000	0,0000	0,0000		sum(1,0000)		
0,6083	0,3917		sum(1,0000)		0,5193	0,4807		sum(1,0000)		0,5230	0,4770		sum(1,0000)		0,5409	0,4591		sum(1,0000)		0,6005	0,3995		sum(1,0000)		1,0000	0,0000		sum(1,0000)		0,6385	0,3615		sum(1,0000)		1,0000	0,0000	0,0000		sum(1,0000)		
0,7163	0,2837		sum(1,0000)		0,6991	0,3009		sum(1,0000)		0,1151	0,8849		sum(1,0000)		0,9360	0,0640		sum(1,0000)		0,3460	0,6540		sum(1,0000)		0,9151	0,0849		sum(1,0000)		1,0000	0,0000		sum(1,0000)		1,0000	0,0000	0,0000		sum(1,0000)		
0,6291	0,3709		sum(1,0000)		0,6649	0,3351		sum(1,0000)		0,0000	1,0000		sum(1,0000)		0,9410	0,0590		sum(1,0000)		0,2920	0,7080		sum(1,0000)		1,0000	0,0000		sum(1,0000)		1,0000	0,0000		sum(1,0000)		1,0000	0,0000	0,0000		sum(1,0000)		
0,5420	0,4580		sum(1,0000)		0,5193	0,4807		sum(1,0000)		0,0157	0,9843		sum(1,0000)		0,5912	0,4088		sum(1,0000)		0,2812	0,7188		sum(1,0000)		1,0000	0,0000		sum(1,0000)		0,8692	0,1308		sum(1,0000)		1,0000	0,0000	0,0000		sum(1,0000)		
1,0000	0,0000		sum(1,0000)		1,0000	0,0000		sum(1,0000)		1,0000	0,0000		sum(1,0000)		1,0000	0,0000		sum(1,0000)		0,8781	0,1219		sum(1,0000)		1,0000	0,0000		sum(1,0000)		1,0000	0,0000		sum(1,0000)		1,0000	0,0000	0,0000		sum(1,0000)		
1,0000	0,0000		sum(1,0000)		1,0000	0,0000		sum(1,0000)		0,4593	0,5407		sum(1,0000)		1,0000	0,0000		sum(1,0000)		1,0000	0,0000		sum(1,0000)		0,9563	0,0437		sum(1,0000)		1,0000	0,0000		sum(1,0000)		1,0000	0,0000	0,0000		sum(1,0000)		
1,0000	0,0000		sum(1,0000)		1,0000	0,0000		sum(1,0000)		0,0591	0,9409		sum(1,0000)		1,0000	0,0000		sum(1,0000)		1,0000	0,0000		sum(1,0000)		1,0000	0,0000		sum(1,0000)		1,0000	0,0000		sum(1,0000)		1,0000	0,0000	0,0000		sum(1,0000)		
1,0000	0,0000		sum(1,0000)		1,0000	0,0000		sum(1,0000)		0,0000	1,0000		sum(1,0000)		1,0000	0,0000		sum(1,0000)		0,8627	0,1373		sum(1,0000)		0,7463	0,2537		sum(1,0000)		1,0000	0,0000		sum(1,0000)		1,0000	0,0000	0,0000		sum(1,0000)		
0,9512	0,0488		sum(1,0000)		0,9174	0,0826		sum(1,0000)		0,4669	0,5331		sum(1,0000)		0,9271	0,0729		sum(1,0000)		0,8195	0,1805		sum(1,0000)		0,3679	0,6321		sum(1,0000)		1,0000	0,0000		sum(1,0000)		1,0000	0,0000	0,0000		sum(1,0000)		
1,0000	0,0000		sum(1,0000)		1,0000	0,0000		sum(1,0000)		0,3751	0,6249		sum(1,0000)		1,0000	0,0000		sum(1,0000)		0,8873	0,1127		sum(1,0000)		1,0000	0,0000		sum(1,0000)		1,0000	0,0000		sum(1,0000)		1,0000	0,0000	0,0000		sum(1,0000)		
1,0000	0,0000		sum(1,0000)		1,0000	0,0000		sum(1,0000)		0,0000	1,0000		sum(1,0000)		1,0000	0,0000		sum(1,0000)		0,7439	0,2561		sum(1,0000)		1,0000	0,0000		sum(1,0000)		1,0000	0,0000		sum(1,0000)		1,0000	0,0000	0,0000		sum(1,0000)		
0,7390	0,2610		sum(1,0000)		0,6905	0,3095		sum(1,0000)		0,3497	0,6503		sum(1,0000)		0,6315	0,3685		sum(1,0000)		0,6344	0,3656		sum(1,0000)		1,0000	0,0000		sum(1,0000)		0,9458	0,0542		sum(1,0000)		1,0000	0,0000	0,0000		sum(1,0000)		
0,8015	0,1985		sum(1,0000)		0,7248	0,2752		sum(1,0000)		0,6071	0,3929		sum(1,0000)		0,6579	0,3421		sum(1,0000)		0,6837	0,3163		sum(1,0000)		1,0000	0,0000		sum(1,0000)		0,9649	0,0351		sum(1,0000)		1,0000	0,0000	0,0000		sum(1,0000)		
0,7333	0,2667		sum(1,0000)		0,6820	0,3180		sum(1,0000)		0,3497	0,6503		sum(1,0000)		0,7082	0,2918		sum(1,0000)		0,6915	0,3085		sum(1,0000)		1,0000	0,0000		sum(1,0000)		0,7863	0,2137		sum(1,0000)		1,0000	0,0000	0,0000		sum(1,0000)		
1,0000	0,0000		sum(1,0000)		0,9559	0,0441		sum(1,0000)		1,0000	0,0000		sum(1,0000)		0,9058	0,0942		sum(1,0000)		1,0000	0,0000		sum(1,0000)		0,6199	0,3801		sum(1,0000)		1,0000	0,0000		sum(1,0000)		1,0000	0,0000	0,0000		sum(1,0000)		
0,1157	0,8843		sum(1,0000)		0,0015	0,9985		sum(1,0000)		0,4848	0,5152		sum(1,0000)		0,0000	1,0000		sum(1,0000)		0,0622	0,9378		sum(1,0000)		0,4006	0,5994		sum(1,0000)		0,0000	1,0000		sum(1,0000)		0,0000	1,0000	0,0000		sum(1,0000)		
0,2654	0,7346		sum(1,0000)		0,1342	0,8658		sum(1,0000)		0,6122	0,3878		sum(1,0000)		0,1685	0,8315		sum(1,0000)		0,1809	0,8191		sum(1,0000)		0,1588	0,8412		sum(1,0000)		0,1729	0,8271		sum(1,0000)		0,0000	1,0000	0,0000		sum(1,0000)		
0,1858	0,8142		sum(1,0000)		0,1085	0,8915		sum(1,0000)		0,2553	0,7447		sum(1,0000)		0,1937	0,8063		sum(1,0000)		0,0113	0,9887		sum(1,0000)		0,2137	0,7863		sum(1,0000)		0,2643	0,7357		sum(1,0000)		0,0000	1,0000	0,0000		sum(1,0000)		
0,0000	1,0000		sum(1,0000)		0,0000	1,0000		sum(1,0000)		0,0000	1,0000		sum(1,0000)		0,0000	1,0000		sum(1,0000)		0,0000	1,0000		sum(1,0000)		0,8610	0,1390		sum(1,0000)		0,0000	1,0000		sum(1,0000)		0,0000	1,0000	0,0000		sum(1,0000)		
0,2692	0,7308		sum(1,0000)		0,2027	0,7973		sum(1,0000)		0,1967	0,8033		sum(1,0000)		0,1446	0,8554		sum(1,0000)		0,1778	0,8222		sum(1,0000)		0,4297	0,5703		sum(1,0000)		0,2112	0,7888		sum(1,0000)		0,0000	1,0000	0,0000		sum(1,0000)		
0,2786	0,7214		sum(1,0000)		0,1556	0,8444		sum(1,0000)		0,5740	0,4260		sum(1,0000)		0,2578	0,7422		sum(1,0000)		0,2519	0,7481		sum(1,0000)		0,0598	0,9402		sum(1,0000)		0,2601	0,7399		sum(1,0000)		0,0000	1,0000	0,0000		sum(1,0000)		
0,1744	0,8256		sum(1,0000)		0,0315	0,9685		sum(1,0000)		0,6734	0,3266		sum(1,0000)		0,0855	0,9145		sum(1,0000)		0,3059	0,6941		sum(1,0000)		0,5024	0,4976		sum(1,0000)		0,1251	0,8749		sum(1,0000)		0,0000	1,0000	0,0000		sum(1,0000)		
0,0000	1,0000		sum(1,0000)		0,0000	1,0000		sum(1,0000)		0,2553	0,7447		sum(1,0000)		0,0000	1,0000		sum(1,0000)		0,0000	1,0000		sum(1,0000)		0,2492	0,7508		sum(1,0000)		0,0000	1,0000		sum(1,0000)		0,0000	1,0000	0,0000		sum(1,0000)		
0,0000	1,0000		sum(1,0000)		0,0000	1,0000		sum(1,0000)		0,2885	0,7115		sum(1,0000)		0,0000	1,0000		sum(1,0000)		0,0000	1,0000		sum(1,0000)		0,0017	0,9983		sum(1,0000)		0,0000	1,0000		sum(1,0000)		0,0000	1,0000	0,0000		sum(1,0000)		
0,2123	0,7877		sum(1,0000)		0,1855	0,8145		sum(1,0000)		0,0000	1,0000		sum(1,0000)		0,3547	0,6453		sum(1,0000)		0,0545	0,9455		sum(1,0000)		0,8925	0,1075		sum(1,0000)		0,3122	0,6878		sum(1,0000)		0,0000	1,0000	0,0000		sum(1,0000)		
0,3241	0,6759		sum(1,0000)		0,2754	0,7246		sum(1,0000)		0,1024	0,8976		sum(1,0000)		0,3233	0,6767		sum(1,0000)		0,2071	0,7929		sum(1,0000)		0,0000	1,0000		sum(1,0000)		0,1697	0,8303		sum(1,0000)		0,0000	1,0000	0,0000		sum(1,0000)		
0,0000	1,0000		sum(1,0000)		0,0000	1,0000		sum(1,0000)		0,0000	1,0000		sum(1,0000)		0,1584	0,8416		sum(1,0000)		0,0000	1,0000		sum(1,0000)		0,0000	1,0000		sum(1,0000)		0,1708	0,8292		sum(1,0000)		0,0000	1,0000	0,0000		sum(1,0000)		
0,0000	1,0000		sum(1,0000)		0,0000	1,0000		sum(1,0000)		0,0000	1,0000		sum(1,0000)		0,0000	1,0000		sum(1,0000)		0,0000	1,0000		sum(1,0000)		0,0000	1,0000		sum(1,0000)		0,0000	1,0000		sum(1,0000)		0,0000	1,0000	0,0000		sum(1,0000)		
0,0000	1,0000		sum(1,0000)		0,0000	1,0000		sum(1,0000)		0,2146	0,7854		sum(1,0000)		0,0000	1,0000		sum(1,0000)		0,0000	1,0000		sum(1,0000)		1,0000	0,0000		sum(1,0000)		0,0000	1,0000		sum(1,0000)		0,0000	1,0000	0,0000		sum(1,0000)		
0,0000	1,0000		sum(1,0000)		0,0000	1,0000		sum(1,0000)		0,2120	0,7880		sum(1,0000)		0,0000	1,0000		sum(1,0000)		0,0000	1,0000		sum(1,0000)		0,8505	0,1495		sum(1,0000)		0,0000	1,0000		sum(1,0000)		0,0000	1,0000	0,0000		sum(1,0000)		
0,0000	1,0000		sum(1,0000)		0,0000	1,0000		sum(1,0000)		0,0000	1,0000		sum(1,0000)		0,0000	1,0000		sum(1,0000)		0,0000	1,0000		sum(1,0000)		1,0000	0,0000		sum(1,0000)		0,0000	1,0000		sum(1,0000)		0,0000	1,0000	0,0000		sum(1,0000)		
0,0000	1,0000		sum(1,0000)		0,0000	1,0000		sum(1,0000)		0,0000	1,0000		sum(1,0000)		0,0603	0,9397		sum(1,0000)		0,0000	1,0000		sum(1,0000)		1,0000	0,0000		sum(1,0000)		0,0000	1,0000		sum(1,0000)		0,0000	1,0000	0,0000		sum(1,0000)		
0,0000	1,0000		sum(1,0000)		0,0000	1,0000		sum(1,0000)		0,6963	0,3037		sum(1,0000)		0,0000	1,0000		sum(1,0000)		0,0000	1,0000		sum(1,0000)		0,5561	0,4439		sum(1,0000)		0,0000	1,0000		sum(1,0000)		0,0000	1,0000	0,0000		sum(1,0000)		
0,0000	1,0000		sum(1,0000)		0,0000	1,0000		sum(1,0000)		0,0000	1,0000		sum(1,0000)		0,0000	1,0000		sum(1,0000)		0,0000	1,0000		sum(1,0000)		0,0000	1,0000		sum(1,0000)		0,0000	1,0000		sum(1,0000)		0,0000	1,0000	0,0000		sum(1,0000)		
0,0000	1,0000		sum(1,0000)		0,0000	1,0000		sum(1,0000)		0,0000	1,0000		sum(1,0000)		0,0000	1,0000		sum(1,0000)		0,0000	1,0000		sum(1,0000)		0,0211	0,9789		sum(1,0000)		0,0000	1,0000		sum(1,0000)		0,0000	1,0000	0,0000		sum(1,0000)		
0,0000	1,0000		sum(1,0000)		0,0000	1,0000		sum(1,0000)		0,2987	0,7013		sum(1,0000)		0,0000	1,0000		sum(1,0000)		0,0000	1,0000		sum(1,0000)		1,0000	0,0000		sum(1,0000)		0,0000	1,0000		sum(1,0000)		0,0000	1,0000	0,0000		sum(1,0000)		
0,0000	1,0000		sum(1,0000)		0,0000	1,0000		sum(1,0000)		0,0000	1,0000		sum(1,0000)		0,0000	1,0000		sum(1,0000)		0,0000	1,0000		sum(1,0000)		0,7867	0,2133		sum(1,0000)		0,0000	1,0000		sum(1,0000)		0,0000	1,0000	0,0000		sum(1,0000)		
0,0000	1,0000		sum(1,0000)		0,0000	1,0000		sum(1,0000)		0,0000	1,0000		sum(1,0000)		0,0000	1,0000		sum(1,0000)		0,0000	1,0000		sum(1,0000)		0,7394	0,2606		sum(1,0000)		0,0000	1,0000		sum(1,0000)		0,0000	1,0000	0,0000		sum(1,0000)		
0,0000	1,0000		sum(1,0000)		0,0000	1,0000		sum(1,0000)		0,0000	1,0000		sum(1,0000)		0,1194	0,8806		sum(1,0000)		0,0000	1,0000		sum(1,0000)		0,0000	1,0000		sum(1,0000)		0,1729	0,8271		sum(1,0000)		0,0000	1,0000	0,0000		sum(1,0000)		
0,0000	1,0000		sum(1,0000)		0,0000	1,0000		sum(1,0000)		1,0000	0,0000		sum(1,0000)		0,0000	1,0000		sum(1,0000)		0,1794	0,8206		sum(1,0000)		0,0546	0,9454		sum(1,0000)		0,0000	1,0000		sum(1,0000)		0,0000	1,0000	0,0000		sum(1,0000)		
0,2597	0,7403		sum(1,0000)		0,1427	0,8573		sum(1,0000)		0,5485	0,4515		sum(1,0000)		0,0000	1,0000		sum(1,0000)		0,2133	0,7867		sum(1,0000)		0,5541	0,4459		sum(1,0000)		0,0772	0,9228		sum(1,0000)		0,0000	1,0000	0,0000		sum(1,0000)		
0,0000	1,0000		sum(1,0000)		0,0000	1,0000		sum(1,0000)		0,1228	0,8772		sum(1,0000)		0,0000	1,0000		sum(1,0000)		0,0000	1,0000		sum(1,0000)		0,6425	0,3575		sum(1,0000)		0,0000	1,0000		sum(1,0000)		0,0000	1,0000	0,0000		sum(1,0000)		
0,0000	1,0000		sum(1,0000)		0,0000	1,0000		sum(1,0000)		0,4491	0,5509		sum(1,0000)		0,0000	1,0000		sum(1,0000)		0,0760	0,9240		sum(1,0000)		1,0000	0,0000		sum(1,0000)		0,0000	1,0000		sum(1,0000)		0,0000	1,0000	0,0000		sum(1,0000)		
0,0134	0,9866		sum(1,0000)		0,0000	1,0000		sum(1,0000)		0,5765	0,4235		sum(1,0000)		0,0000	1,0000		sum(1,0000)		0,1377	0,8623		sum(1,0000)		0,8945	0,1055		sum(1,0000)		0,0000	1,0000		sum(1,0000)		0,0000	1,0000	0,0000		sum(1,0000)		
0,0000	1,0000		sum(1,0000)		0,0000	1,0000		sum(1,0000)		0,1355	0,8645		sum(1,0000)		0,0000	1,0000		sum(1,0000)		0,0000	1,0000		sum(1,0000)		1,0000	0,0000		sum(1,0000)		0,0000	1,0000		sum(1,0000)		0,0000	1,0000	0,0000		sum(1,0000)		
0,3468	0,6532		sum(1,0000)		0,3139	0,6861		sum(1,0000)		0,0000	1,0000		sum(1,0000)		0,5208	0,4792		sum(1,0000)		0,1177	0,8823		sum(1,0000)		0,3437	0,6563		sum(1,0000)		0,4483	0,5517		sum(1,0000)		0,0000	1,0000	0,0000		sum(1,0000)		
0,0475	0,9525		sum(1,0000)		0,0529	0,9471		sum(1,0000)		0,0000	1,0000		sum(1,0000)		0,3044	0,6956		sum(1,0000)		0,0000	1,0000		sum(1,0000)		1,0000	0,0000		sum(1,0000)		0,2154	0,7846		sum(1,0000)		0,0000	1,0000	0,0000		sum(1,0000)		
0,0000	1,0000		sum(1,0000)		0,0000	1,0000		sum(1,0000)		0,0000	1,0000		sum(1,0000)		0,0238	0,9762		sum(1,0000)		0,0000	1,0000		sum(1,0000)		0,3070	0,6930		sum(1,0000)		0,0326	0,9674		sum(1,0000)		0,0000	1,0000	0,0000		sum(1,0000)		
0,0000	1,0000		sum(1,0000)		0,0000	1,0000		sum(1,0000)		0,3726	0,6274		sum(1,0000)		0,0000	1,0000		sum(1,0000)		0,0000	1,0000		sum(1,0000)		0,6910	0,3090		sum(1,0000)		0,0000	1,0000		sum(1,0000)		0,0000	1,0000	0,0000		sum(1,0000)		
0,0000	1,0000		sum(1,0000)		0,0000	1,0000		sum(1,0000)		0,0871	0,9129		sum(1,0000)		0,0000	1,0000		sum(1,0000)		0,0000	1,0000		sum(1,0000)		0,6865	0,3135		sum(1,0000)		0,0000	1,0000		sum(1,0000)		0,0000	1,0000	0,0000		sum(1,0000)		
0,0000	1,0000		sum(1,0000)		0,0000	1,0000		sum(1,0000)		0,0000	1,0000		sum(1,0000)		0,1194	0,8806		sum(1,0000)		0,0000	1,0000		sum(1,0000)		1,0000	0,0000		sum(1,0000)		0,1708	0,8292		sum(1,0000)		0,0000	1,0000	0,0000		sum(1,0000)		
0,0000	1,0000		sum(1,0000)		0,0000	1,0000		sum(1,0000)		0,0000	1,0000		sum(1,0000)		0,0000	1,0000		sum(1,0000)		0,0000	1,0000		sum(1,0000)		0,8985	0,1015		sum(1,0000)		0,0000	1,0000		sum(1,0000)		0,0000	1,0000	0,0000		sum(1,0000)		
0,1157	0,8843		sum(1,0000)		0,0529	0,9471		sum(1,0000)		0,1610	0,8390		sum(1,0000)		0,1245	0,8755		sum(1,0000)		0,0437	0,9563		sum(1,0000)		0,5335	0,4665		sum(1,0000)		0,1176	0,8824		sum(1,0000)		0,0000	1,0000	0,0000		sum(1,0000)		
0,0000	1,0000		sum(1,0000)		0,0000	1,0000		sum(1,0000)		0,2834	0,7166		sum(1,0000)		0,0000	1,0000		sum(1,0000)		0,0000	1,0000		sum(1,0000)		0,7334	0,2666		sum(1,0000)		0,0000	1,0000		sum(1,0000)		0,0000	1,0000	0,0000		sum(1,0000)		
0,0000	1,0000		sum(1,0000)		0,0000	1,0000		sum(1,0000)		0,0000	1,0000		sum(1,0000)		0,0000	1,0000		sum(1,0000)		0,0000	1,0000		sum(1,0000)		1,0000	0,0000		sum(1,0000)		0,1548	0,8452		sum(1,0000)		0,0000	1,0000	0,0000		sum(1,0000)		
0,0000	1,0000		sum(1,0000)		0,0000	1,0000		sum(1,0000)		0,0000	1,0000		sum(1,0000)		0,0314	0,9686		sum(1,0000)		0,0000	1,0000		sum(1,0000)		1,0000	0,0000		sum(1,0000)		0,2612	0,7388		sum(1,0000)		0,0000	1,0000	0,0000		sum(1,0000)		
0,0000	1,0000		sum(1,0000)		0,0000	1,0000		sum(1,0000)		0,3751	0,6249		sum(1,0000)		0,0000	1,0000		sum(1,0000)		0,0000	1,0000		sum(1,0000)		0,5613	0,4387		sum(1,0000)		0,0794	0,9206		sum(1,0000)		0,0000	1,0000	0,0000		sum(1,0000)		
0,0000	1,0000		sum(1,0000)		0,0000	1,0000		sum(1,0000)		0,0000	1,0000		sum(1,0000)		0,0000	1,0000		sum(1,0000)		0,0000	1,0000		sum(1,0000)		1,0000	0,0000		sum(1,0000)		0,1229	0,8771		sum(1,0000)		0,0000	1,0000	0,0000		sum(1,0000)		
0,0000	1,0000		sum(1,0000)		0,0000	1,0000		sum(1,0000)		0,3599	0,6401		sum(1,0000)		0,0000	1,0000		sum(1,0000)		0,0000	1,0000		sum(1,0000)		0,0000	1,0000		sum(1,0000)		0,0000	1,0000		sum(1,0000)		0,0000	1,0000	0,0000		sum(1,0000)		
0,0000	1,0000		sum(1,0000)		0,0000	1,0000		sum(1,0000)		0,0106	0,9894		sum(1,0000)		0,0000	1,0000		sum(1,0000)		0,0000	1,0000		sum(1,0000)		0,1580	0,8420		sum(1,0000)		0,0000	1,0000		sum(1,0000)		0,0000	1,0000	0,0000		sum(1,0000)		
0,0000	1,0000		sum(1,0000)		0,0000	1,0000		sum(1,0000)		0,0234	0,9766		sum(1,0000)		0,0000	1,0000		sum(1,0000)		0,0000	1,0000		sum(1,0000)		1,0000	0,0000		sum(1,0000)		0,0000	1,0000		sum(1,0000)		0,0000	1,0000	0,0000		sum(1,0000)		
0,0000	1,0000		sum(1,0000)		0,0000	1,0000		sum(1,0000)		0,0000	1,0000		sum(1,0000)		0,1018	0,8982		sum(1,0000)		0,0000	1,0000		sum(1,0000)		0,2965	0,7035		sum(1,0000)		0,3079	0,6921		sum(1,0000)		0,0000	1,0000	0,0000		sum(1,0000)		
0,0000	1,0000		sum(1,0000)		0,0000	1,0000		sum(1,0000)		0,0000	1,0000		sum(1,0000)		0,0000	1,0000		sum(1,0000)		0,0000	1,0000		sum(1,0000)		0,8012	0,1988		sum(1,0000)		0,0000	1,0000		sum(1,0000)		0,0000	1,0000	0,0000		sum(1,0000)		
0,0000	1,0000		sum(1,0000)		0,0000	1,0000		sum(1,0000)		0,0000	1,0000		sum(1,0000)		0,0000	1,0000		sum(1,0000)		0,0000	1,0000		sum(1,0000)		0,5771	0,4229		sum(1,0000)		0,0783	0,9217		sum(1,0000)		0,0000	1,0000	0,0000		sum(1,0000)		
0,0000	1,0000		sum(1,0000)		0,0000	1,0000		sum(1,0000)		0,1330	0,8670		sum(1,0000)		0,0000	1,0000		sum(1,0000)		0,0000	1,0000		sum(1,0000)		0,8097	0,1903		sum(1,0000)		0,0000	1,0000		sum(1,0000)		0,0000	1,0000	0,0000		sum(1,0000)		
0,0000	1,0000		sum(1,0000)		0,0000	1,0000		sum(1,0000)		0,0000	1,0000		sum(1,0000)		0,0000	1,0000		sum(1,0000)		0,0000	1,0000		sum(1,0000)		0,0000	1,0000		sum(1,0000)		0,0000	1,0000		sum(1,0000)		0,0000	1,0000	0,0000		sum(1,0000)		
0,0191	0,9809		sum(1,0000)		0,0000	1,0000		sum(1,0000)		0,2324	0,7676		sum(1,0000)		0,0918	0,9082		sum(1,0000)		0,0591	0,9409		sum(1,0000)		0,5852	0,4148		sum(1,0000)		0,0305	0,9695		sum(1,0000)		0,0000	1,0000	0,0000		sum(1,0000)		
0,3923	0,6077		sum(1,0000)		0,2583	0,7417		sum(1,0000)		0,7014	0,2986		sum(1,0000)		0,4654	0,5346		sum(1,0000)		0,3305	0,6695		sum(1,0000)		0,3158	0,6842		sum(1,0000)		0,3579	0,6421		sum(1,0000)		0,0000	1,0000	0,0000		sum(1,0000)		
0,0000	1,0000		sum(1,0000)		0,0058	0,9942		sum(1,0000)		0,0000	1,0000		sum(1,0000)		0,1912	0,8088		sum(1,0000)		0,0000	1,0000		sum(1,0000)		0,8416	0,1584		sum(1,0000)		0,1431	0,8569		sum(1,0000)		0,0000	1,0000	0,0000		sum(1,0000)		
0,4264	0,5736		sum(1,0000)		0,4680	0,5320		sum(1,0000)		0,0000	1,0000		sum(1,0000)		0,9674	0,0326		sum(1,0000)		0,0298	0,9702		sum(1,0000)		0,6994	0,3006		sum(1,0000)		0,9522	0,0478		sum(1,0000)		0,0000	1,0000	0,0000		sum(1,0000)		
0,0000	1,0000		sum(1,0000)		0,0000	1,0000		sum(1,0000)		0,0000	1,0000		sum(1,0000)		0,0263	0,9737		sum(1,0000)		0,0000	1,0000		sum(1,0000)		0,3554	0,6446		sum(1,0000)		0,0507	0,9493		sum(1,0000)		0,0000	1,0000	0,0000		sum(1,0000)		
0,0000	1,0000		sum(1,0000)		0,0000	1,0000		sum(1,0000)		0,4210	0,5790		sum(1,0000)		0,0000	1,0000		sum(1,0000)		0,0113	0,9887		sum(1,0000)		0,2734	0,7266		sum(1,0000)		0,0000	1,0000		sum(1,0000)		0,0000	1,0000	0,0000		sum(1,0000)		
0,0494	0,9506		sum(1,0000)		0,0571	0,9429		sum(1,0000)		0,0000	1,0000		sum(1,0000)		0,1924	0,8076		sum(1,0000)		0,0000	1,0000		sum(1,0000)		1,0000	0,0000		sum(1,0000)		0,1283	0,8717		sum(1,0000)		0,0000	1,0000	0,0000		sum(1,0000)		
0,0000	1,0000		sum(1,0000)		0,0000	1,0000		sum(1,0000)		0,3267	0,6733		sum(1,0000)		0,0000	1,0000		sum(1,0000)		0,0000	1,0000		sum(1,0000)		1,0000	0,0000		sum(1,0000)		0,0000	1,0000		sum(1,0000)		0,0000	1,0000	0,0000		sum(1,0000)		
0,1309	0,8691		sum(1,0000)		0,1385	0,8615		sum(1,0000)		0,0000	1,0000		sum(1,0000)		0,4289	0,5711		sum(1,0000)		0,0000	1,0000		sum(1,0000)		0,0000	1,0000		sum(1,0000)		0,4025	0,5975		sum(1,0000)		0,0000	1,0000	0,0000		sum(1,0000)		
0,0000	1,0000		sum(1,0000)		0,0400	0,9600		sum(1,0000)		0,0000	1,0000		sum(1,0000)		0,1924	0,8076		sum(1,0000)		0,0000	1,0000		sum(1,0000)		0,9009	0,0991		sum(1,0000)		0,0826	0,9174		sum(1,0000)		0,0000	1,0000	0,0000		sum(1,0000)		
0,0000	1,0000		sum(1,0000)		0,0000	1,0000		sum(1,0000)		0,0000	1,0000		sum(1,0000)		0,0000	1,0000		sum(1,0000)		0,0000	1,0000		sum(1,0000)		0,8723	0,1277		sum(1,0000)		0,0964	0,9036		sum(1,0000)		0,0000	1,0000	0,0000		sum(1,0000)		
0,5420	0,4580		sum(1,0000)		0,4637	0,5363		sum(1,0000)		0,4006	0,5994		sum(1,0000)		0,3119	0,6881		sum(1,0000)		0,5141	0,4859		sum(1,0000)		0,2448	0,7552		sum(1,0000)		0,2601	0,7399		sum(1,0000)		0,0000	1,0000	0,0000		sum(1,0000)		
0,3942	0,6058		sum(1,0000)		0,2797	0,7203		sum(1,0000)		0,5587	0,4413		sum(1,0000)		0,3610	0,6390		sum(1,0000)		0,3182	0,6818		sum(1,0000)		0,3239	0,6761		sum(1,0000)		0,2601	0,7399		sum(1,0000)		0,0000	1,0000	0,0000		sum(1,0000)		
0,5079	0,4921		sum(1,0000)		0,4680	0,5320		sum(1,0000)		0,1024	0,8976		sum(1,0000)		0,4478	0,5522		sum(1,0000)		0,2981	0,7019		sum(1,0000)		0,0388	0,9612		sum(1,0000)		0,2048	0,7952		sum(1,0000)		0,0000	1,0000	0,0000		sum(1,0000)		
0,5420	0,4580		sum(1,0000)		0,5664	0,4336		sum(1,0000)		0,0000	1,0000		sum(1,0000)		0,8240	0,1760		sum(1,0000)		0,2102	0,7898		sum(1,0000)		0,5928	0,4072		sum(1,0000)		0,6385	0,3615		sum(1,0000)		0,0000	1,0000	0,0000		sum(1,0000)		
0,1669	0,8331		sum(1,0000)		0,0957	0,9043		sum(1,0000)		0,1993	0,8007		sum(1,0000)		0,0000	1,0000		sum(1,0000)		0,0421	0,9579		sum(1,0000)		0,6227	0,3773		sum(1,0000)		0,0730	0,9270		sum(1,0000)		0,0000	1,0000	0,0000		sum(1,0000)		
0,5060	0,4940		sum(1,0000)		0,3567	0,6433		sum(1,0000)		0,8569	0,1431		sum(1,0000)		0,2666	0,7334		sum(1,0000)		0,5711	0,4289		sum(1,0000)		0,9805	0,0195		sum(1,0000)		0,1708	0,8292		sum(1,0000)		0,0000	1,0000	0,0000		sum(1,0000)		
0,5003	0,4997		sum(1,0000)		0,3738	0,6262		sum(1,0000)		0,7218	0,2782		sum(1,0000)		0,3774	0,6226		sum(1,0000)		0,4863	0,5137		sum(1,0000)		0,9462	0,0538		sum(1,0000)		0,3058	0,6942		sum(1,0000)		0,0000	1,0000	0,0000		sum(1,0000)		
0,3809	0,6191		sum(1,0000)		0,3439	0,6561		sum(1,0000)		0,0336	0,9664		sum(1,0000)		0,3270	0,6730		sum(1,0000)		0,1994	0,8006		sum(1,0000)		0,5246	0,4754		sum(1,0000)		0,1251	0,8749		sum(1,0000)		0,0000	1,0000	0,0000		sum(1,0000)		
0,9796	0,0204		sum(1,0000)		0,8831	0,1169		sum(1,0000)		0,9767	0,0233		sum(1,0000)		0,8303	0,1697		sum(1,0000)		0,9367	0,0633		sum(1,0000)		0,0000	1,0000		sum(1,0000)		0,6853	0,3147		sum(1,0000)		0,0000	0,0000	1,0000		sum(1,0000)		
0,9322	0,0678		sum(1,0000)		0,8746	0,1254		sum(1,0000)		0,6377	0,3623		sum(1,0000)		0,7435	0,2565		sum(1,0000)		0,8148	0,1852		sum(1,0000)		0,0000	1,0000		sum(1,0000)		0,6375	0,3625		sum(1,0000)		0,0000	0,0000	1,0000		sum(1,0000)		
0,9285	0,0715		sum(1,0000)		0,8703	0,1297		sum(1,0000)		0,6199	0,3801		sum(1,0000)		0,9347	0,0653		sum(1,0000)		0,8133	0,1867		sum(1,0000)		0,0000	1,0000		sum(1,0000)		0,7789	0,2211		sum(1,0000)		0,0000	0,0000	1,0000		sum(1,0000)		
1,0000	0,0000		sum(1,0000)		1,0000	0,0000		sum(1,0000)		0,5383	0,4617		sum(1,0000)		1,0000	0,0000		sum(1,0000)		0,9783	0,0217		sum(1,0000)		0,0000	1,0000		sum(1,0000)		0,8703	0,1297		sum(1,0000)		0,0000	0,0000	1,0000		sum(1,0000)		
1,0000	0,0000		sum(1,0000)		1,0000	0,0000		sum(1,0000)		1,0000	0,0000		sum(1,0000)		1,0000	0,0000		sum(1,0000)		1,0000	0,0000		sum(1,0000)		0,2411	0,7589		sum(1,0000)		0,9160	0,0840		sum(1,0000)		0,0000	0,0000	1,0000		sum(1,0000)		
1,0000	0,0000		sum(1,0000)		1,0000	0,0000		sum(1,0000)		1,0000	0,0000		sum(1,0000)		1,0000	0,0000		sum(1,0000)		1,0000	0,0000		sum(1,0000)		0,0000	1,0000		sum(1,0000)		0,8129	0,1871		sum(1,0000)		0,0000	0,0000	1,0000		sum(1,0000)		
1,0000	0,0000		sum(1,0000)		1,0000	0,0000		sum(1,0000)		1,0000	0,0000		sum(1,0000)		1,0000	0,0000		sum(1,0000)		1,0000	0,0000		sum(1,0000)		1,0000	0,0000		sum(1,0000)		0,9649	0,0351		sum(1,0000)		0,0000	0,0000	1,0000		sum(1,0000)		
1,0000	0,0000		sum(1,0000)		1,0000	0,0000		sum(1,0000)		0,5230	0,4770		sum(1,0000)		1,0000	0,0000		sum(1,0000)		0,9783	0,0217		sum(1,0000)		0,2613	0,7387		sum(1,0000)		1,0000	0,0000		sum(1,0000)		0,0000	0,0000	1,0000		sum(1,0000)		
1,0000	0,0000		sum(1,0000)		0,9730	0,0270		sum(1,0000)		0,9487	0,0513		sum(1,0000)		0,9385	0,0615		sum(1,0000)		1,0000	0,0000		sum(1,0000)		0,7301	0,2699		sum(1,0000)		0,7693	0,2307		sum(1,0000)		0,0000	0,0000	1,0000		sum(1,0000)		
1,0000	0,0000		sum(1,0000)		1,0000	0,0000		sum(1,0000)		1,0000	0,0000		sum(1,0000)		1,0000	0,0000		sum(1,0000)		1,0000	0,0000		sum(1,0000)		0,0000	1,0000		sum(1,0000)		0,8990	0,1010		sum(1,0000)		0,0000	0,0000	1,0000		sum(1,0000)		
1,0000	0,0000		sum(1,0000)		1,0000	0,0000		sum(1,0000)		0,9359	0,0641		sum(1,0000)		1,0000	0,0000		sum(1,0000)		1,0000	0,0000		sum(1,0000)		0,0000	1,0000		sum(1,0000)		0,7789	0,2211		sum(1,0000)		0,0000	0,0000	1,0000		sum(1,0000)		
1,0000	0,0000		sum(1,0000)		1,0000	0,0000		sum(1,0000)		1,0000	0,0000		sum(1,0000)		0,9146	0,0854		sum(1,0000)		1,0000	0,0000		sum(1,0000)		0,0000	1,0000		sum(1,0000)		0,8182	0,1818		sum(1,0000)		0,0000	0,0000	1,0000		sum(1,0000)		
1,0000	0,0000		sum(1,0000)		1,0000	0,0000		sum(1,0000)		1,0000	0,0000		sum(1,0000)		0,9108	0,0892		sum(1,0000)		1,0000	0,0000		sum(1,0000)		0,1261	0,8739		sum(1,0000)		0,7225	0,2775		sum(1,0000)		0,0000	0,0000	1,0000		sum(1,0000)		
1,0000	0,0000		sum(1,0000)		1,0000	0,0000		sum(1,0000)		1,0000	0,0000		sum(1,0000)		1,0000	0,0000		sum(1,0000)		1,0000	0,0000		sum(1,0000)		0,7011	0,2989		sum(1,0000)		1,0000	0,0000		sum(1,0000)		0,0000	0,0000	1,0000		sum(1,0000)		
1,0000	0,0000		sum(1,0000)		1,0000	0,0000		sum(1,0000)		1,0000	0,0000		sum(1,0000)		1,0000	0,0000		sum(1,0000)		1,0000	0,0000		sum(1,0000)		0,4119	0,5881		sum(1,0000)		0,8257	0,1743		sum(1,0000)		0,0000	0,0000	1,0000		sum(1,0000)		
1,0000	0,0000		sum(1,0000)		1,0000	0,0000		sum(1,0000)		1,0000	0,0000		sum(1,0000)		1,0000	0,0000		sum(1,0000)		1,0000	0,0000		sum(1,0000)		0,0000	1,0000		sum(1,0000)		0,8724	0,1276		sum(1,0000)		0,0000	0,0000	1,0000		sum(1,0000)		
1,0000	0,0000		sum(1,0000)		1,0000	0,0000		sum(1,0000)		0,6810	0,3190		sum(1,0000)		1,0000	0,0000		sum(1,0000)		1,0000	0,0000		sum(1,0000)		0,6950	0,3050		sum(1,0000)		1,0000	0,0000		sum(1,0000)		0,0000	0,0000	1,0000		sum(1,0000)		
1,0000	0,0000		sum(1,0000)		0,9644	0,0356		sum(1,0000)		1,0000	0,0000		sum(1,0000)		0,9284	0,0716		sum(1,0000)		1,0000	0,0000		sum(1,0000)		0,0982	0,9018		sum(1,0000)		0,8714	0,1286		sum(1,0000)		0,0000	0,0000	1,0000		sum(1,0000)		
1,0000	0,0000		sum(1,0000)		1,0000	0,0000		sum(1,0000)		1,0000	0,0000		sum(1,0000)		0,8655	0,1345		sum(1,0000)		1,0000	0,0000		sum(1,0000)		0,2787	0,7213		sum(1,0000)		0,7757	0,2243		sum(1,0000)		0,0000	0,0000	1,0000		sum(1,0000)		
1,0000	0,0000		sum(1,0000)		1,0000	0,0000		sum(1,0000)		1,0000	0,0000		sum(1,0000)		1,0000	0,0000		sum(1,0000)		1,0000	0,0000		sum(1,0000)		0,0000	1,0000		sum(1,0000)		0,7757	0,2243		sum(1,0000)		0,0000	0,0000	1,0000		sum(1,0000)		
1,0000	0,0000		sum(1,0000)		0,9901	0,0099		sum(1,0000)		1,0000	0,0000		sum(1,0000)		0,8567	0,1433		sum(1,0000)		1,0000	0,0000		sum(1,0000)		0,8020	0,1980		sum(1,0000)		0,5833	0,4167		sum(1,0000)		0,0000	0,0000	1,0000		sum(1,0000)		
1,0000	0,0000		sum(1,0000)		1,0000	0,0000		sum(1,0000)		0,9181	0,0819		sum(1,0000)		0,9838	0,0162		sum(1,0000)		1,0000	0,0000		sum(1,0000)		0,3219	0,6781		sum(1,0000)		0,7778	0,2222		sum(1,0000)		0,0000	0,0000	1,0000		sum(1,0000)		
1,0000	0,0000		sum(1,0000)		1,0000	0,0000		sum(1,0000)		1,0000	0,0000		sum(1,0000)		1,0000	0,0000		sum(1,0000)		1,0000	0,0000		sum(1,0000)		0,0324	0,9676		sum(1,0000)		1,0000	0,0000		sum(1,0000)		0,0000	0,0000	1,0000		sum(1,0000)		
1,0000	0,0000		sum(1,0000)		1,0000	0,0000		sum(1,0000)		0,7779	0,2221		sum(1,0000)		1,0000	0,0000		sum(1,0000)		0,9768	0,0232		sum(1,0000)		0,2621	0,7379		sum(1,0000)		0,9181	0,0819		sum(1,0000)		0,0000	0,0000	1,0000		sum(1,0000)		
1,0000	0,0000		sum(1,0000)		1,0000	0,0000		sum(1,0000)		0,7779	0,2221		sum(1,0000)		1,0000	0,0000		sum(1,0000)		1,0000	0,0000		sum(1,0000)		0,0000	1,0000		sum(1,0000)		1,0000	0,0000		sum(1,0000)		0,0000	0,0000	1,0000		sum(1,0000)		
1,0000	0,0000		sum(1,0000)		1,0000	0,0000		sum(1,0000)		0,1789	0,8211		sum(1,0000)		1,0000	0,0000		sum(1,0000)		1,0000	0,0000		sum(1,0000)		1,0000	0,0000		sum(1,0000)		1,0000	0,0000		sum(1,0000)		0,0000	0,0000	1,0000		sum(1,0000)		
1,0000	0,0000		sum(1,0000)		1,0000	0,0000		sum(1,0000)		1,0000	0,0000		sum(1,0000)		1,0000	0,0000		sum(1,0000)		1,0000	0,0000		sum(1,0000)		0,0582	0,9418		sum(1,0000)		0,8182	0,1818		sum(1,0000)		0,0000	0,0000	1,0000		sum(1,0000)		
1,0000	0,0000		sum(1,0000)		1,0000	0,0000		sum(1,0000)		1,0000	0,0000		sum(1,0000)		0,8995	0,1005		sum(1,0000)		1,0000	0,0000		sum(1,0000)		0,5775	0,4225		sum(1,0000)		0,7459	0,2541		sum(1,0000)		0,0000	0,0000	1,0000		sum(1,0000)		
1,0000	0,0000		sum(1,0000)		1,0000	0,0000		sum(1,0000)		1,0000	0,0000		sum(1,0000)		1,0000	0,0000		sum(1,0000)		1,0000	0,0000		sum(1,0000)		0,2952	0,7048		sum(1,0000)		0,9649	0,0351		sum(1,0000)		0,0000	0,0000	1,0000		sum(1,0000)		
1,0000	0,0000		sum(1,0000)		1,0000	0,0000		sum(1,0000)		1,0000	0,0000		sum(1,0000)		1,0000	0,0000		sum(1,0000)		1,0000	0,0000		sum(1,0000)		0,6247	0,3753		sum(1,0000)		1,0000	0,0000		sum(1,0000)		0,0000	0,0000	1,0000		sum(1,0000)		
1,0000	0,0000		sum(1,0000)		1,0000	0,0000		sum(1,0000)		1,0000	0,0000		sum(1,0000)		1,0000	0,0000		sum(1,0000)		1,0000	0,0000		sum(1,0000)		0,0000	1,0000		sum(1,0000)		0,9320	0,0680		sum(1,0000)		0,0000	0,0000	1,0000		sum(1,0000)		
1,0000	0,0000		sum(1,0000)		1,0000	0,0000		sum(1,0000)		1,0000	0,0000		sum(1,0000)		1,0000	0,0000		sum(1,0000)		1,0000	0,0000		sum(1,0000)		0,0000	1,0000		sum(1,0000)		1,0000	0,0000		sum(1,0000)		0,0000	0,0000	1,0000		sum(1,0000)		
1,0000	0,0000		sum(1,0000)		1,0000	0,0000		sum(1,0000)		1,0000	0,0000		sum(1,0000)		1,0000	0,0000		sum(1,0000)		1,0000	0,0000		sum(1,0000)		0,3066	0,6934		sum(1,0000)		1,0000	0,0000		sum(1,0000)		0,0000	0,0000	1,0000		sum(1,0000)		
1,0000	0,0000		sum(1,0000)		1,0000	0,0000		sum(1,0000)		1,0000	0,0000		sum(1,0000)		1,0000	0,0000		sum(1,0000)		1,0000	0,0000		sum(1,0000)		0,0000	1,0000		sum(1,0000)		1,0000	0,0000		sum(1,0000)		0,0000	0,0000	1,0000		sum(1,0000)		
1,0000	0,0000		sum(1,0000)		1,0000	0,0000		sum(1,0000)		1,0000	0,0000		sum(1,0000)		1,0000	0,0000		sum(1,0000)		1,0000	0,0000		sum(1,0000)		0,0000	1,0000		sum(1,0000)		0,9086	0,0914		sum(1,0000)		0,0000	0,0000	1,0000		sum(1,0000)		
1,0000	0,0000		sum(1,0000)		1,0000	0,0000		sum(1,0000)		0,6963	0,3037		sum(1,0000)		1,0000	0,0000		sum(1,0000)		1,0000	0,0000		sum(1,0000)		0,1192	0,8808		sum(1,0000)		1,0000	0,0000		sum(1,0000)		0,0000	0,0000	1,0000		sum(1,0000)		
1,0000	0,0000		sum(1,0000)		1,0000	0,0000		sum(1,0000)		1,0000	0,0000		sum(1,0000)		1,0000	0,0000		sum(1,0000)		1,0000	0,0000		sum(1,0000)		0,0000	1,0000		sum(1,0000)		1,0000	0,0000		sum(1,0000)		0,0000	0,0000	1,0000		sum(1,0000)		
1,0000	0,0000		sum(1,0000)		1,0000	0,0000		sum(1,0000)		1,0000	0,0000		sum(1,0000)		1,0000	0,0000		sum(1,0000)		1,0000	0,0000		sum(1,0000)		0,1479	0,8521		sum(1,0000)		1,0000	0,0000		sum(1,0000)		0,0000	0,0000	1,0000		sum(1,0000)		
1,0000	0,0000		sum(1,0000)		1,0000	0,0000		sum(1,0000)		0,9946	0,0054		sum(1,0000)		1,0000	0,0000		sum(1,0000)		1,0000	0,0000		sum(1,0000)		0,0000	1,0000		sum(1,0000)		1,0000	0,0000		sum(1,0000)		0,0000	0,0000	1,0000		sum(1,0000)		
1,0000	0,0000		sum(1,0000)		1,0000	0,0000		sum(1,0000)		1,0000	0,0000		sum(1,0000)		0,9750	0,0250		sum(1,0000)		1,0000	0,0000		sum(1,0000)		1,0000	0,0000		sum(1,0000)		0,9160	0,0840		sum(1,0000)		0,0000	0,0000	1,0000		sum(1,0000)		
1,0000	0,0000		sum(1,0000)		1,0000	0,0000		sum(1,0000)		0,7728	0,2272		sum(1,0000)		1,0000	0,0000		sum(1,0000)		1,0000	0,0000		sum(1,0000)		0,0449	0,9551		sum(1,0000)		1,0000	0,0000		sum(1,0000)		0,0000	0,0000	1,0000		sum(1,0000)		
1,0000	0,0000		sum(1,0000)		1,0000	0,0000		sum(1,0000)		0,4006	0,5994		sum(1,0000)		1,0000	0,0000		sum(1,0000)		0,9012	0,0988		sum(1,0000)		0,0328	0,9672		sum(1,0000)		0,9490	0,0510		sum(1,0000)		0,0000	0,0000	1,0000		sum(1,0000)		
1,0000	0,0000		sum(1,0000)		1,0000	0,0000		sum(1,0000)		0,7244	0,2756		sum(1,0000)		1,0000	0,0000		sum(1,0000)		1,0000	0,0000		sum(1,0000)		0,0853	0,9147		sum(1,0000)		0,9373	0,0627		sum(1,0000)		0,0000	0,0000	1,0000		sum(1,0000)		
1,0000	0,0000		sum(1,0000)		1,0000	0,0000		sum(1,0000)		0,7346	0,2654		sum(1,0000)		1,0000	0,0000		sum(1,0000)		1,0000	0,0000		sum(1,0000)		0,0000	1,0000		sum(1,0000)		0,9617	0,0383		sum(1,0000)		0,0000	0,0000	1,0000		sum(1,0000)		
1,0000	0,0000		sum(1,0000)		0,9473	0,0527		sum(1,0000)		0,8212	0,1788		sum(1,0000)		0,8013	0,1987		sum(1,0000)		0,8873	0,1127		sum(1,0000)		0,0000	1,0000		sum(1,0000)		0,7693	0,2307		sum(1,0000)		0,0000	0,0000	1,0000		sum(1,0000)		
1,0000	0,0000		sum(1,0000)		1,0000	0,0000		sum(1,0000)		1,0000	0,0000		sum(1,0000)		0,9674	0,0326		sum(1,0000)		1,0000	0,0000		sum(1,0000)		0,4063	0,5937		sum(1,0000)		0,9118	0,0882		sum(1,0000)		0,0000	0,0000	1,0000		sum(1,0000)		
1,0000	0,0000		sum(1,0000)		1,0000	0,0000		sum(1,0000)		1,0000	0,0000		sum(1,0000)		0,9045	0,0955		sum(1,0000)		1,0000	0,0000		sum(1,0000)		0,0687	0,9313		sum(1,0000)		0,7310	0,2690		sum(1,0000)		0,0000	0,0000	1,0000		sum(1,0000)		
1,0000	0,0000		sum(1,0000)		1,0000	0,0000		sum(1,0000)		1,0000	0,0000		sum(1,0000)		1,0000	0,0000		sum(1,0000)		1,0000	0,0000		sum(1,0000)		0,3590	0,6410		sum(1,0000)		1,0000	0,0000		sum(1,0000)		0,0000	0,0000	1,0000		sum(1,0000)		
1,0000	0,0000		sum(1,0000)		1,0000	0,0000		sum(1,0000)		0,6861	0,3139		sum(1,0000)		1,0000	0,0000		sum(1,0000)		1,0000	0,0000		sum(1,0000)		0,0000	1,0000		sum(1,0000)		1,0000	0,0000		sum(1,0000)		0,0000	0,0000	1,0000		sum(1,0000)		
1,0000	0,0000		sum(1,0000)		1,0000	0,0000		sum(1,0000)		0,5485	0,4515		sum(1,0000)		1,0000	0,0000		sum(1,0000)		1,0000	0,0000		sum(1,0000)		0,0376	0,9624		sum(1,0000)		1,0000	0,0000		sum(1,0000)		0,0000	0,0000	1,0000		sum(1,0000)		
1,0000	0,0000		sum(1,0000)		1,0000	0,0000		sum(1,0000)		1,0000	0,0000		sum(1,0000)		1,0000	0,0000		sum(1,0000)		1,0000	0,0000		sum(1,0000)		0,0000	1,0000		sum(1,0000)		1,0000	0,0000		sum(1,0000)		0,0000	0,0000	1,0000		sum(1,0000)		
1,0000	0,0000		sum(1,0000)		1,0000	0,0000		sum(1,0000)		0,7651	0,2349		sum(1,0000)		1,0000	0,0000		sum(1,0000)		1,0000	0,0000		sum(1,0000)		0,4374	0,5626		sum(1,0000)		1,0000	0,0000		sum(1,0000)		0,0000	0,0000	1,0000		sum(1,0000)		
1,0000	0,0000		sum(1,0000)		1,0000	0,0000		sum(1,0000)		0,1738	0,8262		sum(1,0000)		1,0000	0,0000		sum(1,0000)		0,9999	0,0001		sum(1,0000)		0,5941	0,4059		sum(1,0000)		0,9649	0,0351		sum(1,0000)		0,0000	0,0000	1,0000		sum(1,0000)		
1,0000	0,0000		sum(1,0000)		1,0000	0,0000		sum(1,0000)		1,0000	0,0000		sum(1,0000)		1,0000	0,0000		sum(1,0000)		1,0000	0,0000		sum(1,0000)		0,0869	0,9131		sum(1,0000)		1,0000	0,0000		sum(1,0000)		0,0000	0,0000	1,0000		sum(1,0000)		
1,0000	0,0000		sum(1,0000)		1,0000	0,0000		sum(1,0000)		0,5714	0,4286		sum(1,0000)		1,0000	0,0000		sum(1,0000)		0,9660	0,0340		sum(1,0000)		0,3780	0,6220		sum(1,0000)		1,0000	0,0000		sum(1,0000)		0,0000	0,0000	1,0000		sum(1,0000)		
1,0000	0,0000		sum(1,0000)		1,0000	0,0000		sum(1,0000)		0,0081	0,9919		sum(1,0000)		1,0000	0,0000		sum(1,0000)		0,7331	0,2669		sum(1,0000)		0,0788	0,9212		sum(1,0000)		1,0000	0,0000		sum(1,0000)		0,0000	0,0000	1,0000		sum(1,0000)		
1,0000	0,0000		sum(1,0000)		1,0000	0,0000		sum(1,0000)		0,1967	0,8033		sum(1,0000)		1,0000	0,0000		sum(1,0000)		0,8442	0,1558		sum(1,0000)		0,0000	1,0000		sum(1,0000)		1,0000	0,0000		sum(1,0000)		0,0000	0,0000	1,0000		sum(1,0000)		
0,9228	0,0772		sum(1,0000)		0,9430	0,0570		sum(1,0000)		0,0361	0,9639		sum(1,0000)		1,0000	0,0000		sum(1,0000)		0,7300	0,2700		sum(1,0000)		0,1608	0,8392		sum(1,0000)		1,0000	0,0000		sum(1,0000)		0,0000	0,0000	1,0000		sum(1,0000)		
1,0000	0,0000		sum(1,0000)		0,9901	0,0099		sum(1,0000)		0,9742	0,0258		sum(1,0000)		0,9083	0,0917		sum(1,0000)		1,0000	0,0000		sum(1,0000)		0,7116	0,2884		sum(1,0000)		0,8597	0,1403		sum(1,0000)		0,0000	0,0000	1,0000		sum(1,0000)		
1,0000	0,0000		sum(1,0000)		1,0000	0,0000		sum(1,0000)		0,0000	1,0000		sum(1,0000)		1,0000	0,0000		sum(1,0000)		0,6884	0,3116		sum(1,0000)		0,9046	0,0954		sum(1,0000)		1,0000	0,0000		sum(1,0000)		0,0000	0,0000	1,0000		sum(1,0000)		
1,0000	0,0000		sum(1,0000)		1,0000	0,0000		sum(1,0000)		0,6479	0,3521		sum(1,0000)		1,0000	0,0000		sum(1,0000)		0,9444	0,0556		sum(1,0000)		0,0000	1,0000		sum(1,0000)		1,0000	0,0000		sum(1,0000)		0,0000	0,0000	1,0000		sum(1,0000)		
1,0000	0,0000		sum(1,0000)		1,0000	0,0000		sum(1,0000)		0,0000	1,0000		sum(1,0000)		1,0000	0,0000		sum(1,0000)		0,7192	0,2808		sum(1,0000)		1,0000	0,0000		sum(1,0000)		1,0000	0,0000		sum(1,0000)		0,0000	0,0000	1,0000		sum(1,0000)		
1,0000	0,0000		sum(1,0000)		1,0000	0,0000		sum(1,0000)		0,4669	0,5331		sum(1,0000)		1,0000	0,0000		sum(1,0000)		1,0000	0,0000		sum(1,0000)		0,4107	0,5893		sum(1,0000)		1,0000	0,0000		sum(1,0000)		0,0000	0,0000	1,0000		sum(1,0000)		
1,0000	0,0000		sum(1,0000)		1,0000	0,0000		sum(1,0000)		0,0000	1,0000		sum(1,0000)		1,0000	0,0000		sum(1,0000)		0,7871	0,2129		sum(1,0000)		0,0000	1,0000		sum(1,0000)		1,0000	0,0000		sum(1,0000)		0,0000	0,0000	1,0000		sum(1,0000)		
1,0000	0,0000		sum(1,0000)		1,0000	0,0000		sum(1,0000)		0,7550	0,2450		sum(1,0000)		1,0000	0,0000		sum(1,0000)		0,9891	0,0109		sum(1,0000)		0,4640	0,5360		sum(1,0000)		1,0000	0,0000		sum(1,0000)		0,0000	0,0000	1,0000		sum(1,0000)		
1,0000	0,0000		sum(1,0000)		1,0000	0,0000		sum(1,0000)		0,2044	0,7956		sum(1,0000)		1,0000	0,0000		sum(1,0000)		0,9567	0,0433		sum(1,0000)		0,5803	0,4197		sum(1,0000)		1,0000	0,0000		sum(1,0000)		0,0000	0,0000	1,0000		sum(1,0000)		
1,0000	0,0000		sum(1,0000)		1,0000	0,0000		sum(1,0000)		0,8977	0,1023		sum(1,0000)		1,0000	0,0000		sum(1,0000)		1,0000	0,0000		sum(1,0000)		0,3001	0,6999		sum(1,0000)		1,0000	0,0000		sum(1,0000)		0,0000	0,0000	1,0000		sum(1,0000)		
0,9550	0,0450		sum(1,0000)		0,9944	0,0056		sum(1,0000)		0,0000	1,0000		sum(1,0000)		1,0000	0,0000		sum(1,0000)		0,5696	0,4304		sum(1,0000)		0,0000	1,0000		sum(1,0000)		1,0000	0,0000		sum(1,0000)		0,0000	0,0000	1,0000		sum(1,0000)		
1,0000	0,0000		sum(1,0000)		1,0000	0,0000		sum(1,0000)		0,8722	0,1278		sum(1,0000)		1,0000	0,0000		sum(1,0000)		1,0000	0,0000		sum(1,0000)		0,5936	0,4064		sum(1,0000)		1,0000	0,0000		sum(1,0000)		0,0000	0,0000	1,0000		sum(1,0000)		
1,0000	0,0000		sum(1,0000)		1,0000	0,0000		sum(1,0000)		0,4567	0,5433		sum(1,0000)		1,0000	0,0000		sum(1,0000)		0,9675	0,0325		sum(1,0000)		0,0000	1,0000		sum(1,0000)		1,0000	0,0000		sum(1,0000)		0,0000	0,0000	1,0000		sum(1,0000)		

