Total Entropy of dimension on intervals
Dimension:  	0, Interval: 	1, Total Entropy = 	99999999999
Dimension:  	0, Interval: 	2, Total Entropy = 	4,46803150694006
Dimension:  	0, Interval: 	3, Total Entropy = 	6,85437831895153

Dimension:  	1, Interval: 	1, Total Entropy = 	99999999999
Dimension:  	1, Interval: 	2, Total Entropy = 	5,18003933144228
Dimension:  	1, Interval: 	3, Total Entropy = 	7,45632917341735

Dimension:  	2, Interval: 	1, Total Entropy = 	99999999999
Dimension:  	2, Interval: 	2, Total Entropy = 	2,19720802923413
Dimension:  	2, Interval: 	3, Total Entropy = 	1,66120754401728
Dimension:  	2, Interval: 	4, Total Entropy = 	1,86908155597969

Dimension:  	3, Interval: 	1, Total Entropy = 	99999999999
Dimension:  	3, Interval: 	2, Total Entropy = 	2,28023955819066
Dimension:  	3, Interval: 	3, Total Entropy = 	1,64498653679633
Dimension:  	3, Interval: 	4, Total Entropy = 	2,48982464750081



Intervals: 
2	2	3	3	3	
Centers
Dimension: 1
0,2567
0,6418
		Dimension: 2
0,3522
0,6627
		Dimension: 3
0,0786
0,5817
0,8180
		Dimension: 4
0,0600
0,5154
0,8225
		
Number of classes: 
Dimension 0
0 = 59
1 = 61
2 = 30

Dimension 1
0 = 47
1 = 79
2 = 24

Dimension 2
0 = 50
1 = 25
2 = 45
3 = 30

Dimension 3
0 = 50
1 = 36
2 = 35
3 = 29

*****************************************RESULTS***************************************************************
1,0000	0,0000		sum(1,0000)		0,1214	0,8786		sum(1,0000)		1,0000	0,0000	0,0000		sum(1,0000)		1,0000	0,0000	0,0000		sum(1,0000)		1,0000	0,0000	0,0000		sum(1,0000)		
1,0000	0,0000		sum(1,0000)		0,7925	0,2075		sum(1,0000)		1,0000	0,0000	0,0000		sum(1,0000)		1,0000	0,0000	0,0000		sum(1,0000)		1,0000	0,0000	0,0000		sum(1,0000)		
1,0000	0,0000		sum(1,0000)		0,5241	0,4759		sum(1,0000)		1,0000	0,0000	0,0000		sum(1,0000)		1,0000	0,0000	0,0000		sum(1,0000)		1,0000	0,0000	0,0000		sum(1,0000)		
1,0000	0,0000		sum(1,0000)		0,6583	0,3417		sum(1,0000)		0,9879	0,0121	0,0000		sum(1,0000)		1,0000	0,0000	0,0000		sum(1,0000)		1,0000	0,0000	0,0000		sum(1,0000)		
1,0000	0,0000		sum(1,0000)		0,0000	1,0000		sum(1,0000)		1,0000	0,0000	0,0000		sum(1,0000)		1,0000	0,0000	0,0000		sum(1,0000)		1,0000	0,0000	0,0000		sum(1,0000)		
0,8731	0,1269		sum(1,0000)		0,0000	1,0000		sum(1,0000)		0,9205	0,0795	0,0000		sum(1,0000)		0,8573	0,1427	0,0000		sum(1,0000)		1,0000	0,0000	0,0000		sum(1,0000)		
1,0000	0,0000		sum(1,0000)		0,2556	0,7444		sum(1,0000)		1,0000	0,0000	0,0000		sum(1,0000)		0,9488	0,0512	0,0000		sum(1,0000)		1,0000	0,0000	0,0000		sum(1,0000)		
1,0000	0,0000		sum(1,0000)		0,2556	0,7444		sum(1,0000)		0,9879	0,0121	0,0000		sum(1,0000)		1,0000	0,0000	0,0000		sum(1,0000)		1,0000	0,0000	0,0000		sum(1,0000)		
1,0000	0,0000		sum(1,0000)		0,9267	0,0733		sum(1,0000)		1,0000	0,0000	0,0000		sum(1,0000)		1,0000	0,0000	0,0000		sum(1,0000)		1,0000	0,0000	0,0000		sum(1,0000)		
1,0000	0,0000		sum(1,0000)		0,6583	0,3417		sum(1,0000)		0,9879	0,0121	0,0000		sum(1,0000)		1,0000	0,0000	0,0000		sum(1,0000)		1,0000	0,0000	0,0000		sum(1,0000)		
0,8731	0,1269		sum(1,0000)		0,0000	1,0000		sum(1,0000)		0,9879	0,0121	0,0000		sum(1,0000)		1,0000	0,0000	0,0000		sum(1,0000)		1,0000	0,0000	0,0000		sum(1,0000)		
1,0000	0,0000		sum(1,0000)		0,2556	0,7444		sum(1,0000)		0,9542	0,0458	0,0000		sum(1,0000)		1,0000	0,0000	0,0000		sum(1,0000)		1,0000	0,0000	0,0000		sum(1,0000)		
1,0000	0,0000		sum(1,0000)		0,7925	0,2075		sum(1,0000)		1,0000	0,0000	0,0000		sum(1,0000)		1,0000	0,0000	0,0000		sum(1,0000)		1,0000	0,0000	0,0000		sum(1,0000)		
1,0000	0,0000		sum(1,0000)		0,7925	0,2075		sum(1,0000)		1,0000	0,0000	0,0000		sum(1,0000)		1,0000	0,0000	0,0000		sum(1,0000)		1,0000	0,0000	0,0000		sum(1,0000)		
0,5846	0,4154		sum(1,0000)		0,0000	1,0000		sum(1,0000)		1,0000	0,0000	0,0000		sum(1,0000)		1,0000	0,0000	0,0000		sum(1,0000)		1,0000	0,0000	0,0000		sum(1,0000)		
0,6567	0,3433		sum(1,0000)		0,0000	1,0000		sum(1,0000)		0,9879	0,0121	0,0000		sum(1,0000)		0,8573	0,1427	0,0000		sum(1,0000)		1,0000	0,0000	0,0000		sum(1,0000)		
0,8731	0,1269		sum(1,0000)		0,0000	1,0000		sum(1,0000)		1,0000	0,0000	0,0000		sum(1,0000)		0,8573	0,1427	0,0000		sum(1,0000)		1,0000	0,0000	0,0000		sum(1,0000)		
1,0000	0,0000		sum(1,0000)		0,1214	0,8786		sum(1,0000)		1,0000	0,0000	0,0000		sum(1,0000)		0,9488	0,0512	0,0000		sum(1,0000)		1,0000	0,0000	0,0000		sum(1,0000)		
0,6567	0,3433		sum(1,0000)		0,0000	1,0000		sum(1,0000)		0,9205	0,0795	0,0000		sum(1,0000)		0,9488	0,0512	0,0000		sum(1,0000)		1,0000	0,0000	0,0000		sum(1,0000)		
1,0000	0,0000		sum(1,0000)		0,0000	1,0000		sum(1,0000)		0,9879	0,0121	0,0000		sum(1,0000)		0,9488	0,0512	0,0000		sum(1,0000)		1,0000	0,0000	0,0000		sum(1,0000)		
0,8731	0,1269		sum(1,0000)		0,2556	0,7444		sum(1,0000)		0,9205	0,0795	0,0000		sum(1,0000)		1,0000	0,0000	0,0000		sum(1,0000)		1,0000	0,0000	0,0000		sum(1,0000)		
1,0000	0,0000		sum(1,0000)		0,0000	1,0000		sum(1,0000)		0,9879	0,0121	0,0000		sum(1,0000)		0,8573	0,1427	0,0000		sum(1,0000)		1,0000	0,0000	0,0000		sum(1,0000)		
1,0000	0,0000		sum(1,0000)		0,0000	1,0000		sum(1,0000)		1,0000	0,0000	0,0000		sum(1,0000)		1,0000	0,0000	0,0000		sum(1,0000)		1,0000	0,0000	0,0000		sum(1,0000)		
1,0000	0,0000		sum(1,0000)		0,3898	0,6102		sum(1,0000)		0,9205	0,0795	0,0000		sum(1,0000)		0,7658	0,2342	0,0000		sum(1,0000)		1,0000	0,0000	0,0000		sum(1,0000)		
1,0000	0,0000		sum(1,0000)		0,2556	0,7444		sum(1,0000)		0,8531	0,1469	0,0000		sum(1,0000)		1,0000	0,0000	0,0000		sum(1,0000)		1,0000	0,0000	0,0000		sum(1,0000)		
1,0000	0,0000		sum(1,0000)		0,7925	0,2075		sum(1,0000)		0,9542	0,0458	0,0000		sum(1,0000)		1,0000	0,0000	0,0000		sum(1,0000)		1,0000	0,0000	0,0000		sum(1,0000)		
1,0000	0,0000		sum(1,0000)		0,2556	0,7444		sum(1,0000)		0,9542	0,0458	0,0000		sum(1,0000)		0,8573	0,1427	0,0000		sum(1,0000)		1,0000	0,0000	0,0000		sum(1,0000)		
1,0000	0,0000		sum(1,0000)		0,1214	0,8786		sum(1,0000)		0,9879	0,0121	0,0000		sum(1,0000)		1,0000	0,0000	0,0000		sum(1,0000)		1,0000	0,0000	0,0000		sum(1,0000)		
1,0000	0,0000		sum(1,0000)		0,2556	0,7444		sum(1,0000)		1,0000	0,0000	0,0000		sum(1,0000)		1,0000	0,0000	0,0000		sum(1,0000)		1,0000	0,0000	0,0000		sum(1,0000)		
1,0000	0,0000		sum(1,0000)		0,5241	0,4759		sum(1,0000)		0,9542	0,0458	0,0000		sum(1,0000)		1,0000	0,0000	0,0000		sum(1,0000)		1,0000	0,0000	0,0000		sum(1,0000)		
1,0000	0,0000		sum(1,0000)		0,6583	0,3417		sum(1,0000)		0,9542	0,0458	0,0000		sum(1,0000)		1,0000	0,0000	0,0000		sum(1,0000)		1,0000	0,0000	0,0000		sum(1,0000)		
0,8731	0,1269		sum(1,0000)		0,2556	0,7444		sum(1,0000)		0,9879	0,0121	0,0000		sum(1,0000)		0,8573	0,1427	0,0000		sum(1,0000)		1,0000	0,0000	0,0000		sum(1,0000)		
1,0000	0,0000		sum(1,0000)		0,0000	1,0000		sum(1,0000)		0,9879	0,0121	0,0000		sum(1,0000)		1,0000	0,0000	0,0000		sum(1,0000)		1,0000	0,0000	0,0000		sum(1,0000)		
0,8010	0,1990		sum(1,0000)		0,0000	1,0000		sum(1,0000)		1,0000	0,0000	0,0000		sum(1,0000)		1,0000	0,0000	0,0000		sum(1,0000)		1,0000	0,0000	0,0000		sum(1,0000)		
1,0000	0,0000		sum(1,0000)		0,6583	0,3417		sum(1,0000)		0,9879	0,0121	0,0000		sum(1,0000)		1,0000	0,0000	0,0000		sum(1,0000)		1,0000	0,0000	0,0000		sum(1,0000)		
1,0000	0,0000		sum(1,0000)		0,5241	0,4759		sum(1,0000)		1,0000	0,0000	0,0000		sum(1,0000)		1,0000	0,0000	0,0000		sum(1,0000)		1,0000	0,0000	0,0000		sum(1,0000)		
0,8010	0,1990		sum(1,0000)		0,1214	0,8786		sum(1,0000)		1,0000	0,0000	0,0000		sum(1,0000)		1,0000	0,0000	0,0000		sum(1,0000)		1,0000	0,0000	0,0000		sum(1,0000)		
1,0000	0,0000		sum(1,0000)		0,6583	0,3417		sum(1,0000)		0,9879	0,0121	0,0000		sum(1,0000)		1,0000	0,0000	0,0000		sum(1,0000)		1,0000	0,0000	0,0000		sum(1,0000)		
1,0000	0,0000		sum(1,0000)		0,7925	0,2075		sum(1,0000)		1,0000	0,0000	0,0000		sum(1,0000)		1,0000	0,0000	0,0000		sum(1,0000)		1,0000	0,0000	0,0000		sum(1,0000)		
1,0000	0,0000		sum(1,0000)		0,2556	0,7444		sum(1,0000)		0,9879	0,0121	0,0000		sum(1,0000)		1,0000	0,0000	0,0000		sum(1,0000)		1,0000	0,0000	0,0000		sum(1,0000)		
1,0000	0,0000		sum(1,0000)		0,1214	0,8786		sum(1,0000)		1,0000	0,0000	0,0000		sum(1,0000)		0,9488	0,0512	0,0000		sum(1,0000)		1,0000	0,0000	0,0000		sum(1,0000)		
1,0000	0,0000		sum(1,0000)		1,0000	0,0000		sum(1,0000)		1,0000	0,0000	0,0000		sum(1,0000)		0,9488	0,0512	0,0000		sum(1,0000)		1,0000	0,0000	0,0000		sum(1,0000)		
1,0000	0,0000		sum(1,0000)		0,5241	0,4759		sum(1,0000)		1,0000	0,0000	0,0000		sum(1,0000)		1,0000	0,0000	0,0000		sum(1,0000)		1,0000	0,0000	0,0000		sum(1,0000)		
1,0000	0,0000		sum(1,0000)		0,1214	0,8786		sum(1,0000)		0,9542	0,0458	0,0000		sum(1,0000)		0,6743	0,3257	0,0000		sum(1,0000)		1,0000	0,0000	0,0000		sum(1,0000)		
1,0000	0,0000		sum(1,0000)		0,0000	1,0000		sum(1,0000)		0,8531	0,1469	0,0000		sum(1,0000)		0,8573	0,1427	0,0000		sum(1,0000)		1,0000	0,0000	0,0000		sum(1,0000)		
1,0000	0,0000		sum(1,0000)		0,7925	0,2075		sum(1,0000)		1,0000	0,0000	0,0000		sum(1,0000)		0,9488	0,0512	0,0000		sum(1,0000)		1,0000	0,0000	0,0000		sum(1,0000)		
1,0000	0,0000		sum(1,0000)		0,0000	1,0000		sum(1,0000)		0,9542	0,0458	0,0000		sum(1,0000)		1,0000	0,0000	0,0000		sum(1,0000)		1,0000	0,0000	0,0000		sum(1,0000)		
1,0000	0,0000		sum(1,0000)		0,5241	0,4759		sum(1,0000)		1,0000	0,0000	0,0000		sum(1,0000)		1,0000	0,0000	0,0000		sum(1,0000)		1,0000	0,0000	0,0000		sum(1,0000)		
0,9452	0,0548		sum(1,0000)		0,0000	1,0000		sum(1,0000)		0,9879	0,0121	0,0000		sum(1,0000)		1,0000	0,0000	0,0000		sum(1,0000)		1,0000	0,0000	0,0000		sum(1,0000)		
1,0000	0,0000		sum(1,0000)		0,3898	0,6102		sum(1,0000)		1,0000	0,0000	0,0000		sum(1,0000)		1,0000	0,0000	0,0000		sum(1,0000)		1,0000	0,0000	0,0000		sum(1,0000)		
0,0000	1,0000		sum(1,0000)		0,5241	0,4759		sum(1,0000)		0,0000	0,8077	0,1923		sum(1,0000)		0,0000	0,9146	0,0854		sum(1,0000)		0,0000	1,0000	0,0000		sum(1,0000)		
0,1518	0,8482		sum(1,0000)		0,5241	0,4759		sum(1,0000)		0,0000	0,9511	0,0489		sum(1,0000)		0,0000	0,7788	0,2212		sum(1,0000)		0,0000	1,0000	0,0000		sum(1,0000)		
0,0000	1,0000		sum(1,0000)		0,6583	0,3417		sum(1,0000)		0,0000	0,6643	0,3357		sum(1,0000)		0,0000	0,7788	0,2212		sum(1,0000)		0,0000	1,0000	0,0000		sum(1,0000)		
0,8010	0,1990		sum(1,0000)		1,0000	0,0000		sum(1,0000)		0,1455	0,8545	0,0000		sum(1,0000)		0,0339	0,9661	0,0000		sum(1,0000)		0,0000	1,0000	0,0000		sum(1,0000)		
0,0797	0,9203		sum(1,0000)		1,0000	0,0000		sum(1,0000)		0,0000	0,8794	0,1206		sum(1,0000)		0,0000	0,7788	0,2212		sum(1,0000)		0,0000	1,0000	0,0000		sum(1,0000)		
0,6567	0,3433		sum(1,0000)		1,0000	0,0000		sum(1,0000)		0,0000	0,9511	0,0489		sum(1,0000)		0,0339	0,9661	0,0000		sum(1,0000)		0,0000	1,0000	0,0000		sum(1,0000)		
0,2239	0,7761		sum(1,0000)		0,3898	0,6102		sum(1,0000)		0,0000	0,8077	0,1923		sum(1,0000)		0,0000	0,6431	0,3569		sum(1,0000)		0,0000	1,0000	0,0000		sum(1,0000)		
1,0000	0,0000		sum(1,0000)		1,0000	0,0000		sum(1,0000)		0,3814	0,6186	0,0000		sum(1,0000)		0,3083	0,6917	0,0000		sum(1,0000)		0,0000	1,0000	0,0000		sum(1,0000)		
0,0075	0,9925		sum(1,0000)		0,9267	0,0733		sum(1,0000)		0,0000	0,8794	0,1206		sum(1,0000)		0,0339	0,9661	0,0000		sum(1,0000)		0,0000	1,0000	0,0000		sum(1,0000)		
1,0000	0,0000		sum(1,0000)		1,0000	0,0000		sum(1,0000)		0,1792	0,8208	0,0000		sum(1,0000)		0,0000	0,9146	0,0854		sum(1,0000)		0,0000	1,0000	0,0000		sum(1,0000)		
1,0000	0,0000		sum(1,0000)		1,0000	0,0000		sum(1,0000)		0,3140	0,6860	0,0000		sum(1,0000)		0,3083	0,6917	0,0000		sum(1,0000)		0,0000	1,0000	0,0000		sum(1,0000)		
0,5125	0,4875		sum(1,0000)		0,7925	0,2075		sum(1,0000)		0,0781	0,9219	0,0000		sum(1,0000)		0,0000	0,7788	0,2212		sum(1,0000)		0,0000	1,0000	0,0000		sum(1,0000)		
0,4403	0,5597		sum(1,0000)		1,0000	0,0000		sum(1,0000)		0,1455	0,8545	0,0000		sum(1,0000)		0,3083	0,6917	0,0000		sum(1,0000)		0,0000	1,0000	0,0000		sum(1,0000)		
0,3682	0,6318		sum(1,0000)		0,9267	0,0733		sum(1,0000)		0,0000	0,8077	0,1923		sum(1,0000)		0,0000	0,9146	0,0854		sum(1,0000)		0,0000	1,0000	0,0000		sum(1,0000)		
0,7289	0,2711		sum(1,0000)		0,9267	0,0733		sum(1,0000)		0,2803	0,7197	0,0000		sum(1,0000)		0,0339	0,9661	0,0000		sum(1,0000)		0,0000	1,0000	0,0000		sum(1,0000)		
0,0000	1,0000		sum(1,0000)		0,6583	0,3417		sum(1,0000)		0,0107	0,9893	0,0000		sum(1,0000)		0,0000	0,9146	0,0854		sum(1,0000)		0,0000	1,0000	0,0000		sum(1,0000)		
0,7289	0,2711		sum(1,0000)		0,7925	0,2075		sum(1,0000)		0,0000	0,9511	0,0489		sum(1,0000)		0,0000	0,7788	0,2212		sum(1,0000)		0,0000	1,0000	0,0000		sum(1,0000)		
0,5846	0,4154		sum(1,0000)		1,0000	0,0000		sum(1,0000)		0,1118	0,8882	0,0000		sum(1,0000)		0,3083	0,6917	0,0000		sum(1,0000)		0,0000	1,0000	0,0000		sum(1,0000)		
0,2961	0,7039		sum(1,0000)		1,0000	0,0000		sum(1,0000)		0,0000	0,9511	0,0489		sum(1,0000)		0,0000	0,7788	0,2212		sum(1,0000)		0,0000	1,0000	0,0000		sum(1,0000)		
0,7289	0,2711		sum(1,0000)		1,0000	0,0000		sum(1,0000)		0,1792	0,8208	0,0000		sum(1,0000)		0,2169	0,7831	0,0000		sum(1,0000)		0,0000	1,0000	0,0000		sum(1,0000)		
0,5125	0,4875		sum(1,0000)		0,5241	0,4759		sum(1,0000)		0,0000	0,7360	0,2640		sum(1,0000)		0,0000	0,3717	0,6283		sum(1,0000)		0,0000	1,0000	0,0000		sum(1,0000)		
0,3682	0,6318		sum(1,0000)		1,0000	0,0000		sum(1,0000)		0,1455	0,8545	0,0000		sum(1,0000)		0,0339	0,9661	0,0000		sum(1,0000)		0,0000	1,0000	0,0000		sum(1,0000)		
0,2239	0,7761		sum(1,0000)		1,0000	0,0000		sum(1,0000)		0,0000	0,6643	0,3357		sum(1,0000)		0,0000	0,7788	0,2212		sum(1,0000)		0,0000	1,0000	0,0000		sum(1,0000)		
0,3682	0,6318		sum(1,0000)		1,0000	0,0000		sum(1,0000)		0,0000	0,8077	0,1923		sum(1,0000)		0,1254	0,8746	0,0000		sum(1,0000)		0,0000	1,0000	0,0000		sum(1,0000)		
0,1518	0,8482		sum(1,0000)		0,9267	0,0733		sum(1,0000)		0,0444	0,9556	0,0000		sum(1,0000)		0,0339	0,9661	0,0000		sum(1,0000)		0,0000	1,0000	0,0000		sum(1,0000)		
0,0075	0,9925		sum(1,0000)		0,7925	0,2075		sum(1,0000)		0,0107	0,9893	0,0000		sum(1,0000)		0,0000	0,9146	0,0854		sum(1,0000)		0,0000	1,0000	0,0000		sum(1,0000)		
0,0000	1,0000		sum(1,0000)		1,0000	0,0000		sum(1,0000)		0,0000	0,7360	0,2640		sum(1,0000)		0,0000	0,9146	0,0854		sum(1,0000)		0,0000	1,0000	0,0000		sum(1,0000)		
0,0000	1,0000		sum(1,0000)		0,7925	0,2075		sum(1,0000)		0,0000	0,5926	0,4074		sum(1,0000)		0,0000	0,5074	0,4926		sum(1,0000)		0,0000	1,0000	0,0000		sum(1,0000)		
0,4403	0,5597		sum(1,0000)		0,9267	0,0733		sum(1,0000)		0,0000	0,9511	0,0489		sum(1,0000)		0,0000	0,7788	0,2212		sum(1,0000)		0,0000	1,0000	0,0000		sum(1,0000)		
0,6567	0,3433		sum(1,0000)		1,0000	0,0000		sum(1,0000)		0,3140	0,6860	0,0000		sum(1,0000)		0,3083	0,6917	0,0000		sum(1,0000)		0,0000	1,0000	0,0000		sum(1,0000)		
0,8010	0,1990		sum(1,0000)		1,0000	0,0000		sum(1,0000)		0,2129	0,7871	0,0000		sum(1,0000)		0,2169	0,7831	0,0000		sum(1,0000)		0,0000	1,0000	0,0000		sum(1,0000)		
0,8010	0,1990		sum(1,0000)		1,0000	0,0000		sum(1,0000)		0,2466	0,7534	0,0000		sum(1,0000)		0,3083	0,6917	0,0000		sum(1,0000)		0,0000	1,0000	0,0000		sum(1,0000)		
0,5846	0,4154		sum(1,0000)		1,0000	0,0000		sum(1,0000)		0,1792	0,8208	0,0000		sum(1,0000)		0,1254	0,8746	0,0000		sum(1,0000)		0,0000	1,0000	0,0000		sum(1,0000)		
0,4403	0,5597		sum(1,0000)		1,0000	0,0000		sum(1,0000)		0,0000	0,5209	0,4791		sum(1,0000)		0,0000	0,6431	0,3569		sum(1,0000)		0,0000	1,0000	0,0000		sum(1,0000)		
0,8731	0,1269		sum(1,0000)		0,7925	0,2075		sum(1,0000)		0,0000	0,9511	0,0489		sum(1,0000)		0,0000	0,7788	0,2212		sum(1,0000)		0,0000	1,0000	0,0000		sum(1,0000)		
0,4403	0,5597		sum(1,0000)		0,2556	0,7444		sum(1,0000)		0,0000	0,9511	0,0489		sum(1,0000)		0,0000	0,6431	0,3569		sum(1,0000)		0,0000	1,0000	0,0000		sum(1,0000)		
0,0000	1,0000		sum(1,0000)		0,6583	0,3417		sum(1,0000)		0,0000	0,8077	0,1923		sum(1,0000)		0,0000	0,7788	0,2212		sum(1,0000)		0,0000	1,0000	0,0000		sum(1,0000)		
0,2239	0,7761		sum(1,0000)		1,0000	0,0000		sum(1,0000)		0,0107	0,9893	0,0000		sum(1,0000)		0,0339	0,9661	0,0000		sum(1,0000)		0,0000	1,0000	0,0000		sum(1,0000)		
0,7289	0,2711		sum(1,0000)		0,7925	0,2075		sum(1,0000)		0,1118	0,8882	0,0000		sum(1,0000)		0,0339	0,9661	0,0000		sum(1,0000)		0,0000	1,0000	0,0000		sum(1,0000)		
0,8010	0,1990		sum(1,0000)		1,0000	0,0000		sum(1,0000)		0,1455	0,8545	0,0000		sum(1,0000)		0,0339	0,9661	0,0000		sum(1,0000)		0,0000	1,0000	0,0000		sum(1,0000)		
0,8010	0,1990		sum(1,0000)		1,0000	0,0000		sum(1,0000)		0,0107	0,9893	0,0000		sum(1,0000)		0,1254	0,8746	0,0000		sum(1,0000)		0,0000	1,0000	0,0000		sum(1,0000)		
0,3682	0,6318		sum(1,0000)		0,7925	0,2075		sum(1,0000)		0,0000	0,8794	0,1206		sum(1,0000)		0,0000	0,9146	0,0854		sum(1,0000)		0,0000	1,0000	0,0000		sum(1,0000)		
0,5846	0,4154		sum(1,0000)		1,0000	0,0000		sum(1,0000)		0,1455	0,8545	0,0000		sum(1,0000)		0,1254	0,8746	0,0000		sum(1,0000)		0,0000	1,0000	0,0000		sum(1,0000)		
1,0000	0,0000		sum(1,0000)		1,0000	0,0000		sum(1,0000)		0,3814	0,6186	0,0000		sum(1,0000)		0,3083	0,6917	0,0000		sum(1,0000)		0,0000	1,0000	0,0000		sum(1,0000)		
0,7289	0,2711		sum(1,0000)		1,0000	0,0000		sum(1,0000)		0,0781	0,9219	0,0000		sum(1,0000)		0,0339	0,9661	0,0000		sum(1,0000)		0,0000	1,0000	0,0000		sum(1,0000)		
0,6567	0,3433		sum(1,0000)		0,7925	0,2075		sum(1,0000)		0,0781	0,9219	0,0000		sum(1,0000)		0,1254	0,8746	0,0000		sum(1,0000)		0,0000	1,0000	0,0000		sum(1,0000)		
0,6567	0,3433		sum(1,0000)		0,9267	0,0733		sum(1,0000)		0,0781	0,9219	0,0000		sum(1,0000)		0,0339	0,9661	0,0000		sum(1,0000)		0,0000	1,0000	0,0000		sum(1,0000)		
0,2961	0,7039		sum(1,0000)		0,9267	0,0733		sum(1,0000)		0,0444	0,9556	0,0000		sum(1,0000)		0,0339	0,9661	0,0000		sum(1,0000)		0,0000	1,0000	0,0000		sum(1,0000)		
1,0000	0,0000		sum(1,0000)		1,0000	0,0000		sum(1,0000)		0,4824	0,5176	0,0000		sum(1,0000)		0,2169	0,7831	0,0000		sum(1,0000)		0,0000	1,0000	0,0000		sum(1,0000)		
0,6567	0,3433		sum(1,0000)		1,0000	0,0000		sum(1,0000)		0,1118	0,8882	0,0000		sum(1,0000)		0,0339	0,9661	0,0000		sum(1,0000)		0,0000	1,0000	0,0000		sum(1,0000)		
0,2239	0,7761		sum(1,0000)		0,3898	0,6102		sum(1,0000)		0,0000	0,0000	1,0000		sum(1,0000)		0,0000	0,0000	1,0000		sum(1,0000)		0,0000	0,0000	1,0000		sum(1,0000)		
0,5846	0,4154		sum(1,0000)		1,0000	0,0000		sum(1,0000)		0,0000	0,5209	0,4791		sum(1,0000)		0,0000	0,2360	0,7640		sum(1,0000)		0,0000	0,0000	1,0000		sum(1,0000)		
0,0000	1,0000		sum(1,0000)		0,7925	0,2075		sum(1,0000)		0,0000	0,0000	1,0000		sum(1,0000)		0,0000	0,0000	1,0000		sum(1,0000)		0,0000	0,0000	1,0000		sum(1,0000)		
0,2239	0,7761		sum(1,0000)		0,9267	0,0733		sum(1,0000)		0,0000	0,1624	0,8376		sum(1,0000)		0,0000	0,3717	0,6283		sum(1,0000)		0,0000	0,0000	1,0000		sum(1,0000)		
0,0797	0,9203		sum(1,0000)		0,7925	0,2075		sum(1,0000)		0,0000	0,0190	0,9810		sum(1,0000)		0,0000	0,0000	1,0000		sum(1,0000)		0,0000	0,0000	1,0000		sum(1,0000)		
0,0000	1,0000		sum(1,0000)		0,7925	0,2075		sum(1,0000)		0,0000	0,0000	1,0000		sum(1,0000)		0,0000	0,0000	1,0000		sum(1,0000)		0,0000	0,0000	1,0000		sum(1,0000)		
1,0000	0,0000		sum(1,0000)		1,0000	0,0000		sum(1,0000)		0,0000	0,9511	0,0489		sum(1,0000)		0,0000	0,5074	0,4926		sum(1,0000)		0,0000	0,0000	1,0000		sum(1,0000)		
0,0000	1,0000		sum(1,0000)		0,9267	0,0733		sum(1,0000)		0,0000	0,0000	1,0000		sum(1,0000)		0,0000	0,3717	0,6283		sum(1,0000)		0,0000	0,0000	1,0000		sum(1,0000)		
0,0000	1,0000		sum(1,0000)		1,0000	0,0000		sum(1,0000)		0,0000	0,0190	0,9810		sum(1,0000)		0,0000	0,3717	0,6283		sum(1,0000)		0,0000	0,0000	1,0000		sum(1,0000)		
0,0000	1,0000		sum(1,0000)		0,0000	1,0000		sum(1,0000)		0,0000	0,0000	1,0000		sum(1,0000)		0,0000	0,0000	1,0000		sum(1,0000)		0,0000	0,0000	1,0000		sum(1,0000)		
0,0797	0,9203		sum(1,0000)		0,5241	0,4759		sum(1,0000)		0,0000	0,5209	0,4791		sum(1,0000)		0,0000	0,1003	0,8997		sum(1,0000)		0,0000	0,0000	1,0000		sum(1,0000)		
0,1518	0,8482		sum(1,0000)		1,0000	0,0000		sum(1,0000)		0,0000	0,3775	0,6225		sum(1,0000)		0,0000	0,2360	0,7640		sum(1,0000)		0,0000	0,0000	1,0000		sum(1,0000)		
0,0000	1,0000		sum(1,0000)		0,7925	0,2075		sum(1,0000)		0,0000	0,2341	0,7659		sum(1,0000)		0,0000	0,0000	1,0000		sum(1,0000)		0,0000	0,0000	1,0000		sum(1,0000)		
0,6567	0,3433		sum(1,0000)		1,0000	0,0000		sum(1,0000)		0,0000	0,5926	0,4074		sum(1,0000)		0,0000	0,1003	0,8997		sum(1,0000)		0,0000	0,0000	1,0000		sum(1,0000)		
0,5846	0,4154		sum(1,0000)		1,0000	0,0000		sum(1,0000)		0,0000	0,5209	0,4791		sum(1,0000)		0,0000	0,0000	1,0000		sum(1,0000)		0,0000	0,0000	1,0000		sum(1,0000)		
0,1518	0,8482		sum(1,0000)		0,5241	0,4759		sum(1,0000)		0,0000	0,3775	0,6225		sum(1,0000)		0,0000	0,0000	1,0000		sum(1,0000)		0,0000	0,0000	1,0000		sum(1,0000)		
0,0797	0,9203		sum(1,0000)		0,7925	0,2075		sum(1,0000)		0,0000	0,2341	0,7659		sum(1,0000)		0,0000	0,3717	0,6283		sum(1,0000)		0,0000	0,0000	1,0000		sum(1,0000)		
0,0000	1,0000		sum(1,0000)		0,0000	1,0000		sum(1,0000)		0,0000	0,0000	1,0000		sum(1,0000)		0,0000	0,0000	1,0000		sum(1,0000)		0,0000	0,0000	1,0000		sum(1,0000)		
0,0000	1,0000		sum(1,0000)		1,0000	0,0000		sum(1,0000)		0,0000	0,0000	1,0000		sum(1,0000)		0,0000	0,0000	1,0000		sum(1,0000)		0,0000	0,0000	1,0000		sum(1,0000)		
0,4403	0,5597		sum(1,0000)		1,0000	0,0000		sum(1,0000)		0,0000	0,5926	0,4074		sum(1,0000)		0,0000	0,7788	0,2212		sum(1,0000)		0,0000	0,0000	1,0000		sum(1,0000)		
0,0000	1,0000		sum(1,0000)		0,5241	0,4759		sum(1,0000)		0,0000	0,0907	0,9093		sum(1,0000)		0,0000	0,0000	1,0000		sum(1,0000)		0,0000	0,0000	1,0000		sum(1,0000)		
0,7289	0,2711		sum(1,0000)		1,0000	0,0000		sum(1,0000)		0,0000	0,6643	0,3357		sum(1,0000)		0,0000	0,1003	0,8997		sum(1,0000)		0,0000	0,0000	1,0000		sum(1,0000)		
0,0000	1,0000		sum(1,0000)		1,0000	0,0000		sum(1,0000)		0,0000	0,0000	1,0000		sum(1,0000)		0,0000	0,1003	0,8997		sum(1,0000)		0,0000	0,0000	1,0000		sum(1,0000)		
0,2239	0,7761		sum(1,0000)		1,0000	0,0000		sum(1,0000)		0,0000	0,6643	0,3357		sum(1,0000)		0,0000	0,3717	0,6283		sum(1,0000)		0,0000	0,0000	1,0000		sum(1,0000)		
0,0000	1,0000		sum(1,0000)		0,3898	0,6102		sum(1,0000)		0,0000	0,0907	0,9093		sum(1,0000)		0,0000	0,0000	1,0000		sum(1,0000)		0,0000	0,0000	1,0000		sum(1,0000)		
0,0000	1,0000		sum(1,0000)		0,5241	0,4759		sum(1,0000)		0,0000	0,0000	1,0000		sum(1,0000)		0,0000	0,3717	0,6283		sum(1,0000)		0,0000	0,0000	1,0000		sum(1,0000)		
0,2961	0,7039		sum(1,0000)		1,0000	0,0000		sum(1,0000)		0,0000	0,7360	0,2640		sum(1,0000)		0,0000	0,3717	0,6283		sum(1,0000)		0,0000	0,0000	1,0000		sum(1,0000)		
0,3682	0,6318		sum(1,0000)		0,7925	0,2075		sum(1,0000)		0,0000	0,6643	0,3357		sum(1,0000)		0,0000	0,3717	0,6283		sum(1,0000)		0,0000	0,0000	1,0000		sum(1,0000)		
0,1518	0,8482		sum(1,0000)		1,0000	0,0000		sum(1,0000)		0,0000	0,1624	0,8376		sum(1,0000)		0,0000	0,0000	1,0000		sum(1,0000)		0,0000	0,0000	1,0000		sum(1,0000)		
0,0000	1,0000		sum(1,0000)		0,7925	0,2075		sum(1,0000)		0,0000	0,0190	0,9810		sum(1,0000)		0,0000	0,6431	0,3569		sum(1,0000)		0,0000	0,0000	1,0000		sum(1,0000)		
0,0000	1,0000		sum(1,0000)		1,0000	0,0000		sum(1,0000)		0,0000	0,0000	1,0000		sum(1,0000)		0,0000	0,2360	0,7640		sum(1,0000)		0,0000	0,0000	1,0000		sum(1,0000)		
0,0000	1,0000		sum(1,0000)		0,0000	1,0000		sum(1,0000)		0,0000	0,0000	1,0000		sum(1,0000)		0,0000	0,1003	0,8997		sum(1,0000)		0,0000	0,0000	1,0000		sum(1,0000)		
0,1518	0,8482		sum(1,0000)		1,0000	0,0000		sum(1,0000)		0,0000	0,1624	0,8376		sum(1,0000)		0,0000	0,0000	1,0000		sum(1,0000)		0,0000	0,0000	1,0000		sum(1,0000)		
0,2239	0,7761		sum(1,0000)		1,0000	0,0000		sum(1,0000)		0,0000	0,5209	0,4791		sum(1,0000)		0,0000	0,7788	0,2212		sum(1,0000)		0,0000	0,0000	1,0000		sum(1,0000)		
0,3682	0,6318		sum(1,0000)		1,0000	0,0000		sum(1,0000)		0,0000	0,1624	0,8376		sum(1,0000)		0,0000	0,9146	0,0854		sum(1,0000)		0,0000	0,0000	1,0000		sum(1,0000)		
0,0000	1,0000		sum(1,0000)		0,7925	0,2075		sum(1,0000)		0,0000	0,0000	1,0000		sum(1,0000)		0,0000	0,0000	1,0000		sum(1,0000)		0,0000	0,0000	1,0000		sum(1,0000)		
0,2239	0,7761		sum(1,0000)		0,2556	0,7444		sum(1,0000)		0,0000	0,1624	0,8376		sum(1,0000)		0,0000	0,0000	1,0000		sum(1,0000)		0,0000	0,0000	1,0000		sum(1,0000)		
0,1518	0,8482		sum(1,0000)		0,6583	0,3417		sum(1,0000)		0,0000	0,2341	0,7659		sum(1,0000)		0,0000	0,3717	0,6283		sum(1,0000)		0,0000	0,0000	1,0000		sum(1,0000)		
0,4403	0,5597		sum(1,0000)		0,7925	0,2075		sum(1,0000)		0,0000	0,7360	0,2640		sum(1,0000)		0,0000	0,3717	0,6283		sum(1,0000)		0,0000	0,0000	1,0000		sum(1,0000)		
0,0000	1,0000		sum(1,0000)		0,6583	0,3417		sum(1,0000)		0,0000	0,3058	0,6942		sum(1,0000)		0,0000	0,0000	1,0000		sum(1,0000)		0,0000	0,0000	1,0000		sum(1,0000)		
0,0000	1,0000		sum(1,0000)		0,6583	0,3417		sum(1,0000)		0,0000	0,1624	0,8376		sum(1,0000)		0,0000	0,0000	1,0000		sum(1,0000)		0,0000	0,0000	1,0000		sum(1,0000)		
0,0000	1,0000		sum(1,0000)		0,6583	0,3417		sum(1,0000)		0,0000	0,5209	0,4791		sum(1,0000)		0,0000	0,0000	1,0000		sum(1,0000)		0,0000	0,0000	1,0000		sum(1,0000)		
0,5846	0,4154		sum(1,0000)		1,0000	0,0000		sum(1,0000)		0,0000	0,5209	0,4791		sum(1,0000)		0,0000	0,2360	0,7640		sum(1,0000)		0,0000	0,0000	1,0000		sum(1,0000)		
0,0000	1,0000		sum(1,0000)		0,5241	0,4759		sum(1,0000)		0,0000	0,0000	1,0000		sum(1,0000)		0,0000	0,0000	1,0000		sum(1,0000)		0,0000	0,0000	1,0000		sum(1,0000)		
0,0000	1,0000		sum(1,0000)		0,3898	0,6102		sum(1,0000)		0,0000	0,0907	0,9093		sum(1,0000)		0,0000	0,0000	1,0000		sum(1,0000)		0,0000	0,0000	1,0000		sum(1,0000)		
0,0000	1,0000		sum(1,0000)		0,7925	0,2075		sum(1,0000)		0,0000	0,4492	0,5508		sum(1,0000)		0,0000	0,0000	1,0000		sum(1,0000)		0,0000	0,0000	1,0000		sum(1,0000)		
0,2239	0,7761		sum(1,0000)		1,0000	0,0000		sum(1,0000)		0,0000	0,5926	0,4074		sum(1,0000)		0,0000	0,2360	0,7640		sum(1,0000)		0,0000	0,0000	1,0000		sum(1,0000)		
0,0797	0,9203		sum(1,0000)		0,7925	0,2075		sum(1,0000)		0,0000	0,4492	0,5508		sum(1,0000)		0,0000	0,1003	0,8997		sum(1,0000)		0,0000	0,0000	1,0000		sum(1,0000)		
0,2961	0,7039		sum(1,0000)		0,2556	0,7444		sum(1,0000)		0,0000	0,3058	0,6942		sum(1,0000)		0,0000	0,0000	1,0000		sum(1,0000)		0,0000	0,0000	1,0000		sum(1,0000)		
0,5125	0,4875		sum(1,0000)		0,7925	0,2075		sum(1,0000)		0,0000	0,5209	0,4791		sum(1,0000)		0,0000	0,3717	0,6283		sum(1,0000)		0,0000	0,0000	1,0000		sum(1,0000)		

