0,00000000	0,00000000	1,00000000		0,91209505	0,08790495	0,00000000		0,00000000	0,70410666	0,29589334		1,00000000	0,00000000	0,00000000		0,00000000	0,22785488	0,77214512		0,00000000	0,43418904	0,56581096		0,00000000	0,02359289	0,97640711		0,76678445	0,23321555	0,00000000		0,00000000	0,32037325	0,67962675		0,00000000	0,96870881	0,03129119		0,00000000	0,80772648	0,19227352		0,00000000	0,00000000	1,00000000		0,00000000	0,60002735	0,39997265		1,00000000	0,00000000	0,00000000		
0,00000000	0,79365185	0,20634815		0,85994804	0,14005196	0,00000000		0,48379731	0,51620269	0,00000000		1,00000000	0,00000000	0,00000000		0,42461278	0,57538722	0,00000000		0,00000000	0,67596485	0,32403515		0,00000000	0,30934523	0,69065477		0,91519435	0,08480565	0,00000000		0,55473313	0,44526687	0,00000000		0,45204104	0,54795896	0,00000000		0,00000000	0,76930794	0,23069206		0,00000000	0,00000000	1,00000000		0,00000000	0,63694790	0,36305210		1,00000000	0,00000000	0,00000000		
0,00000000	0,83905655	0,16094345		0,42787286	0,57212714	0,00000000		0,00000000	0,03075408	0,96924592		0,30223485	0,69776515	0,00000000		0,36954082	0,63045918	0,00000000		0,00000000	0,43418904	0,56581096		0,00000000	0,00000000	1,00000000		0,61837456	0,38162544	0,00000000		0,00000000	0,00000000	1,00000000		0,00000000	0,95758635	0,04241365		0,00000000	0,84614503	0,15385497		0,00000000	0,29237798	0,70762202		0,00000000	0,30466293	0,69533707		1,00000000	0,00000000	0,00000000		
0,00000000	0,00000000	1,00000000		0,73330532	0,26669468	0,00000000		0,00000000	0,50771216	0,49228784		0,73764030	0,26235970	0,00000000		0,00000000	0,78825472	0,21174528		0,00000000	0,00000000	1,00000000		0,00000000	0,00000000	1,00000000		1,00000000	0,00000000	0,00000000		0,00000000	0,44256832	0,55743168		0,00000000	0,36809592	0,63190408		0,41060496	0,58939504	0,00000000		0,00000000	0,00000000	1,00000000		0,00000000	0,00000000	1,00000000		1,00000000	0,00000000	0,00000000		
0,00000000	0,74824715	0,25175285		0,25653270	0,74346730	0,00000000		0,00000000	0,00000000	1,00000000		0,00000000	0,74999469	0,25000531		0,00000000	0,58811192	0,41188808		0,00000000	0,43418904	0,56581096		0,00000000	0,37602078	0,62397922		0,00000000	0,95829095	0,04170905		0,00000000	0,84247945	0,15752055		0,47567785	0,52432215	0,00000000		0,00000000	0,80772648	0,19227352		0,00000000	0,66169752	0,33830248		0,43751212	0,56248788	0,00000000		1,00000000	0,00000000	0,00000000		
0,00000000	0,00000000	1,00000000		0,87484719	0,12515281	0,00000000		0,00000000	0,64799395	0,35200605		1,00000000	0,00000000	0,00000000		0,00000000	0,82828328	0,17171672		0,00000000	0,00000000	1,00000000		0,00000000	0,00000000	1,00000000		0,32155477	0,67844523	0,00000000		0,00000000	0,67584981	0,32415019		0,00000000	0,66006052	0,33993948		0,00000000	0,76930794	0,23069206		0,00000000	0,78480404	0,21519596		0,00000000	0,00000000	1,00000000		1,00000000	0,00000000	0,00000000		
0,00000000	0,00000000	1,00000000		0,79290189	0,20709811	0,00000000		0,00000000	0,64799395	0,35200605		1,00000000	0,00000000	0,00000000		0,64490061	0,35509939	0,00000000		0,00000000	0,91774065	0,08225935		0,00000000	0,53794711	0,46205289		0,61837456	0,38162544	0,00000000		0,00000000	0,66474117	0,33525883		0,10930716	0,89069284	0,00000000		0,00000000	0,88456357	0,11543643		0,00000000	0,00000000	1,00000000		0,00000000	0,04621906	0,95378094		1,00000000	0,00000000	0,00000000		
0,00000000	0,00000000	1,00000000		0,58431388	0,41568612	0,00000000		0,00000000	0,19909223	0,80090777		0,54412677	0,45587323	0,00000000		0,00000000	0,46802624	0,53197376		0,00000000	0,75655678	0,24344322		0,00000000	0,54747219	0,45252781		0,54416961	0,45583039	0,00000000		0,59652618	0,40347382	0,00000000		0,18809655	0,81190345	0,00000000		0,00000000	0,73088939	0,26911061		0,00000000	0,00000000	1,00000000		0,00000000	0,03391221	0,96608779		1,00000000	0,00000000	0,00000000		
0,00000000	0,00000000	1,00000000		0,96424205	0,03575795	0,00000000		0,40514646	0,59485354	0,00000000		1,00000000	0,00000000	0,00000000		0,58982865	0,41017135	0,00000000		0,00000000	0,43418904	0,56581096		0,00000000	0,09979351	0,90020649		0,69257951	0,30742049	0,00000000		0,00000000	0,66474117	0,33525883		0,12900451	0,87099549	0,00000000		0,00000000	0,65405230	0,34594770		0,00000000	0,78480404	0,21519596		0,00000000	0,64925475	0,35074525		1,00000000	0,00000000	0,00000000		
0,00000000	0,04447428	0,95552572		1,00000000	0,00000000	0,00000000		0,14297697	0,85702303	0,00000000		0,93115384	0,06884616	0,00000000		0,53475669	0,46524331	0,00000000		0,00000000	0,14405808	0,85594192		0,00000000	0,00000000	1,00000000		1,00000000	0,00000000	0,00000000		0,00000000	0,80915352	0,19084648		0,00000000	0,52937160	0,47062840		0,00000000	0,92298212	0,07701788		0,00000000	0,00000000	1,00000000		0,00000000	0,64925475	0,35074525		1,00000000	0,00000000	0,00000000		
0,00000000	0,00000000	1,00000000		0,57686430	0,42313570	0,00000000		0,06432612	0,93567388	0,00000000		0,44737000	0,55263000	0,00000000		0,14925299	0,85074701	0,00000000		0,00000000	0,19241324	0,80758676		0,00000000	0,00000000	1,00000000		1,00000000	0,00000000	0,00000000		0,00000000	0,22039547	0,77960453		0,00000000	0,93812204	0,06187796		0,00000000	0,00093704	0,99906296		0,00000000	0,29237798	0,70762202		0,00000000	0,00000000	1,00000000		1,00000000	0,00000000	0,00000000		
0,00000000	0,00000000	1,00000000		1,00000000	0,00000000	0,00000000		0,01189222	0,98810778	0,00000000		0,73764030	0,26235970	0,00000000		0,69997256	0,30002744	0,00000000		0,31357220	0,68642780	0,00000000		0,00000000	0,62367282	0,37632718		0,91519435	0,08480565	0,00000000		0,15073361	0,84926639	0,00000000		0,20779390	0,79220610	0,00000000		0,00000000	0,30828540	0,69171460		0,00000000	0,83096898	0,16903102		0,00000000	0,07083276	0,92916724		1,00000000	0,00000000	0,00000000		
0,00000000	0,16933721	0,83066279		0,89719590	0,10280410	0,00000000		0,00000000	0,76021938	0,23978062		0,93115384	0,06884616	0,00000000		1,00000000	0,00000000	0,00000000		0,00000000	0,75655678	0,24344322		0,00000000	0,30934523	0,69065477		0,69257951	0,30742049	0,00000000		0,00000000	0,85358809	0,14641191		0,00000000	0,97983127	0,02016873		0,00000000	0,38512249	0,61487751		0,00000000	0,70786247	0,29213753		0,00000000	0,00000000	1,00000000		1,00000000	0,00000000	0,00000000		
0,00000000	0,00000000	1,00000000		0,89719590	0,10280410	0,00000000		0,00000000	0,81633209	0,18366791		1,00000000	0,00000000	0,00000000		0,92026039	0,07973961	0,00000000		0,00000000	0,00000000	1,00000000		0,00000000	0,00000000	1,00000000		0,00000000	0,70803662	0,29196338		0,00000000	0,00000000	1,00000000		0,05021511	0,94978489	0,00000000		0,00000000	0,00093704	0,99906296		0,00000000	0,96946381	0,03053619		0,00000000	0,39081088	0,60918912		1,00000000	0,00000000	0,00000000		
0,00000000	0,00000000	1,00000000		0,79290189	0,20709811	0,00000000		0,00000000	0,84438845	0,15561155		1,00000000	0,00000000	0,00000000		0,31446886	0,68553114	0,00000000		0,00000000	0,00000000	1,00000000		0,00000000	0,00000000	1,00000000		0,69257951	0,30742049	0,00000000		0,00000000	0,00000000	1,00000000		0,00000000	0,45151438	0,54848562		0,00000000	0,19302976	0,80697024		0,00000000	0,55397932	0,44602068		0,00000000	0,00000000	1,00000000		1,00000000	0,00000000	0,00000000		
0,00000000	0,30555131	0,69444869		0,83759933	0,16240067	0,00000000		0,00000000	0,00000000	1,00000000		0,64088354	0,35911646	0,00000000		0,00000000	0,82828328	0,17171672		0,00000000	0,35359711	0,64640289		0,00000000	0,16646906	0,83353094		0,61837456	0,38162544	0,00000000		0,30397481	0,69602519	0,00000000		0,00000000	0,50712668	0,49287332		0,00000000	0,00000000	1,00000000		0,00000000	0,73863910	0,26136090		0,00000000	0,00000000	1,00000000		1,00000000	0,00000000	0,00000000		
0,00000000	0,00000000	1,00000000		0,75565403	0,24434597	0,00000000		0,00000000	0,00000000	1,00000000		0,00000000	0,96728902	0,03271098		0,00000000	0,50805480	0,49194520		0,00000000	0,43418904	0,56581096		0,00000000	0,00000000	1,00000000		0,39575972	0,60424028	0,00000000		0,00000000	0,67584981	0,32415019		0,00000000	0,81299436	0,18700564		0,00000000	0,69247085	0,30752915		0,05922100	0,94077900	0,00000000		0,00000000	0,07083276	0,92916724		1,00000000	0,00000000	0,00000000		
0,00000000	0,07852780	0,92147220		1,00000000	0,00000000	0,00000000		0,00000000	0,17103587	0,82896413		0,00000000	0,96728902	0,03271098		0,00000000	0,70819760	0,29180240		0,00000000	0,19241324	0,80758676		0,00000000	0,00000000	1,00000000		0,00000000	0,89572737	0,10427263		0,00000000	0,95356587	0,04643413		0,00000000	0,70176975	0,29823025		0,00000000	0,46195958	0,53804042		0,13797723	0,86202277	0,00000000		0,00000000	0,44003829	0,55996171		1,00000000	0,00000000	0,00000000		
0,00000000	0,00000000	1,00000000		1,00000000	0,00000000	0,00000000		0,00000000	0,56382488	0,43617512		0,81020788	0,18979212	0,00000000		0,00000000	0,98839752	0,01160248		0,00000000	0,00000000	1,00000000		0,00000000	0,00000000	1,00000000		0,46996466	0,53003534	0,00000000		0,00000000	0,79804488	0,20195512		0,00000000	0,11784055	0,88215945		0,00000000	0,07777413	0,92222587		0,00000000	0,83096898	0,16903102		0,00000000	0,00000000	1,00000000		1,00000000	0,00000000	0,00000000		
0,00000000	0,29420013	0,70579987		0,00000000	0,88344646	0,11655354		0,00000000	0,33937402	0,66062598		1,00000000	0,00000000	0,00000000		0,00000000	0,66816904	0,33183096		0,00000000	0,59537291	0,40462709		0,00000000	0,05216812	0,94783188		1,00000000	0,00000000	0,00000000		0,02535445	0,97464555	0,00000000		0,16839921	0,83160079	0,00000000		0,09464062	0,90535938	0,00000000		0,00000000	0,00000000	1,00000000		0,15019073	0,84980927	0,00000000		1,00000000	0,00000000	0,00000000		
0,00000000	0,00000000	1,00000000		0,97169163	0,02830837	0,00000000		0,11676002	0,88323998	0,00000000		0,93115384	0,06884616	0,00000000		0,00000000	0,26788344	0,73211656		0,00000000	0,11182131	0,88817869		0,00000000	0,00000000	1,00000000		1,00000000	0,00000000	0,00000000		0,00000000	0,53143746	0,46856254		0,00000000	0,96592819	0,03407181		0,00000000	0,61563376	0,38436624		0,00000000	0,00000000	1,00000000		0,31997155	0,68002845	0,00000000		1,00000000	0,00000000	0,00000000		
0,09461878	0,90538122	0,00000000		0,00000000	0,39089048	0,60910952		0,00000000	0,08686680	0,91313320		0,30223485	0,69776515	0,00000000		0,31446886	0,68553114	0,00000000		0,04907709	0,95092291	0,00000000		0,00000000	0,64272297	0,35727703		0,98939929	0,01060071	0,00000000		0,00000000	0,66474117	0,33525883		0,40476740	0,59523260	0,00000000		0,00000000	0,84614503	0,15385497		0,00000000	0,00000000	1,00000000		0,34609168	0,65390832	0,00000000		1,00000000	0,00000000	0,00000000		
0,00000000	0,21474191	0,78525809		0,80035147	0,19964853	0,00000000		0,00000000	0,90050117	0,09949883		0,78601869	0,21398131	0,00000000		0,36954082	0,63045918	0,00000000		0,00000000	0,74043839	0,25956161		0,00000000	0,19504429	0,80495571		0,84098940	0,15901060	0,00000000		0,00000000	0,98689180	0,01310820		0,68053029	0,31946971	0,00000000		0,00000000	0,53879667	0,46120333		0,00000000	0,00000000	1,00000000		0,00000000	0,67386845	0,32613155		1,00000000	0,00000000	0,00000000		
0,18042691	0,81957309	0,00000000		0,99404034	0,00595966	0,00000000		0,00000000	0,45159945	0,54840055		0,49574838	0,50425162	0,00000000		0,69997256	0,30002744	0,00000000		0,00000000	0,94997742	0,05002258		0,00000000	0,68082329	0,31917671		0,91519435	0,08480565	0,00000000		0,30397481	0,69602519	0,00000000		0,62931718	0,37068282	0,00000000		0,00000000	0,61563376	0,38436624		0,00000000	0,00000000	1,00000000		0,00000000	0,72309586	0,27690414		1,00000000	0,00000000	0,00000000		
0,00000000	0,45311659	0,54688341		0,83759933	0,16240067	0,00000000		0,00000000	0,19909223	0,80090777		0,00000000	0,96728902	0,03271098		0,64490061	0,35509939	0,00000000		0,00000000	0,86938549	0,13061451		0,00000000	0,45222141	0,54777859		0,76678445	0,23321555	0,00000000		0,02535445	0,97464555	0,00000000		0,79083544	0,20916456	0,00000000		0,00000000	0,50037812	0,49962188		0,00000000	0,00000000	1,00000000		0,15019073	0,84980927	0,00000000		1,00000000	0,00000000	0,00000000		
0,00000000	0,96391948	0,03608052		0,65880960	0,34119040	0,00000000		0,00000000	0,00000000	1,00000000		0,00000000	0,00000000	1,00000000		0,00000000	0,34794056	0,65205944		0,00000000	0,70820162	0,29179838		0,00000000	0,38554586	0,61445414		0,00000000	0,45778230	0,54221770		0,00000000	0,73139302	0,26860698		0,76719863	0,23280137	0,00000000		0,00000000	0,46195958	0,53804042		0,00000000	0,24621303	0,75378697		0,18937092	0,81062908	0,00000000		1,00000000	0,00000000	0,00000000		
0,00000000	0,57797952	0,42202048		0,86739762	0,13260238	0,00000000		0,00000000	0,17103587	0,82896413		0,90696465	0,09303535	0,00000000		0,81011648	0,18988352	0,00000000		0,00000000	0,35359711	0,64640289		0,00000000	0,13789383	0,86210617		0,32155477	0,67844523	0,00000000		0,31790583	0,68209417	0,00000000		0,28658330	0,71341670	0,00000000		0,22102636	0,77897364	0,00000000		0,00000000	0,21543640	0,78456360		0,00000000	0,28004923	0,71995077		1,00000000	0,00000000	0,00000000		
0,00000000	0,68014010	0,31985990		0,90464548	0,09535452	0,00000000		0,48379731	0,51620269	0,00000000		0,68926192	0,31073808	0,00000000		0,75504452	0,24495548	0,00000000		0,06167210	0,93832790	0,00000000		0,00000000	0,85227470	0,14772530		0,84098940	0,15901060	0,00000000		0,45721600	0,54278400	0,00000000		0,62143824	0,37856176	0,00000000		0,00000000	0,88456357	0,11543643		0,00000000	0,90791056	0,09208944		0,00000000	0,05852591	0,94147409		1,00000000	0,00000000	0,00000000		
0,00000000	0,03312310	0,96687690		0,77055318	0,22944682	0,00000000		0,00000000	0,00000000	1,00000000		0,10872131	0,89127869	0,00000000		0,03910907	0,96089093	0,00000000		0,00000000	0,19241324	0,80758676		0,00000000	0,10931859	0,89068141		0,09893993	0,90106007	0,00000000		0,00000000	0,90913130	0,09086870		0,40476740	0,59523260	0,00000000		0,00000000	0,00093704	0,99906296		0,00000000	0,00000000	1,00000000		0,00000000	0,96923287	0,03076713		1,00000000	0,00000000	0,00000000		
0,00000000	0,00000000	1,00000000		0,93444377	0,06555623	0,00000000		0,30027867	0,69972133	0,00000000		0,93115384	0,06884616	0,00000000		0,64490061	0,35509939	0,00000000		0,00000000	0,67596485	0,32403515		0,00000000	0,71892360	0,28107640		0,91519435	0,08480565	0,00000000		0,00000000	0,66474117	0,33525883		0,32597800	0,67402200	0,00000000		0,00000000	0,80772648	0,19227352		0,00000000	0,00000000	1,00000000		0,00000000	0,67386845	0,32613155		1,00000000	0,00000000	0,00000000		
0,00000000	0,19203956	0,80796044		1,00000000	0,00000000	0,00000000		0,00000000	0,00000000	1,00000000		0,00000000	0,42405319	0,57594681		0,36954082	0,63045918	0,00000000		0,00000000	0,11182131	0,88817869		0,00000000	0,00000000	1,00000000		0,69257951	0,30742049	0,00000000		0,00000000	0,22039547	0,77960453		0,00000000	0,95202512	0,04797488		0,00000000	0,23144831	0,76855169		0,00015382	0,99984618	0,00000000		0,00000000	0,05852591	0,94147409		1,00000000	0,00000000	0,00000000		
0,00000000	0,36230719	0,63769281		0,94934291	0,05065709	0,00000000		0,00000000	0,90050117	0,09949883		0,18128889	0,81871111	0,00000000		0,09418103	0,90581897	0,00000000		0,00000000	0,33747872	0,66252128		0,00000000	0,00000000	1,00000000		1,00000000	0,00000000	0,00000000		0,00000000	0,69806710	0,30193290		0,00000000	0,61835129	0,38164871		0,00000000	0,61563376	0,38436624		0,00000000	0,73863910	0,26136090		0,00000000	0,00000000	1,00000000		1,00000000	0,00000000	0,00000000		
0,00000000	0,24879543	0,75120457		0,82270018	0,17729982	0,00000000		0,00000000	0,90050117	0,09949883		0,64088354	0,35911646	0,00000000		0,20432494	0,79567506	0,00000000		0,03648208	0,96351792	0,00000000		0,00000000	0,37602078	0,62397922		0,00000000	0,77060020	0,22939980		0,00000000	0,67584981	0,32415019		0,66477241	0,33522759	0,00000000		0,00000000	0,07777413	0,92222587		0,00000000	0,75402741	0,24597259		0,00000000	0,78463011	0,21536989		1,00000000	0,00000000	0,00000000		
0,00000000	0,15798603	0,84201397		1,00000000	0,00000000	0,00000000		0,00000000	0,00000000	1,00000000		0,08453212	0,91546788	0,00000000		0,00000000	0,02771208	0,97228792		0,00000000	0,19241324	0,80758676		0,00000000	0,32839539	0,67160461		0,00000000	0,27009156	0,72990844		0,45721600	0,54278400	0,00000000		0,05021511	0,94978489	0,00000000		0,00000000	0,00093704	0,99906296		0,00000000	0,55397932	0,44602068		0,00000000	0,18159442	0,81840558		1,00000000	0,00000000	0,00000000		
0,00000000	0,44176541	0,55823459		0,84504890	0,15495110	0,00000000		0,00000000	0,08686680	0,91313320		0,20547808	0,79452192	0,00000000		0,00000000	0,90834040	0,09165960		0,12464712	0,87535288	0,00000000		0,00000000	0,52842203	0,47157797		0,69257951	0,30742049	0,00000000		0,19252667	0,80747333	0,00000000		0,52295149	0,47704851	0,00000000		0,00000000	0,57721521	0,42278479		0,00000000	0,75402741	0,24597259		0,00000000	0,52618624	0,47381376		1,00000000	0,00000000	0,00000000		
0,00000000	0,47581894	0,52418106		0,83759933	0,16240067	0,00000000		0,00000000	0,76021938	0,23978062		0,00000000	0,85864186	0,14135814		0,42461278	0,57538722	0,00000000		0,00000000	0,59537291	0,40462709		0,00000000	0,09979351	0,90020649		0,91519435	0,08480565	0,00000000		0,00000000	0,79804488	0,20195512		0,16839921	0,83160079	0,00000000		0,00000000	0,80772648	0,19227352		0,00000000	0,00000000	1,00000000		0,00000000	0,95692602	0,04307398		1,00000000	0,00000000	0,00000000		
0,00000000	0,70284245	0,29715755		0,96424205	0,03575795	0,00000000		0,00000000	0,00000000	1,00000000		1,00000000	0,00000000	0,00000000		0,00000000	0,90834040	0,09165960		0,00000000	0,75655678	0,24344322		0,00000000	0,38554586	0,61445414		0,32155477	0,67844523	0,00000000		0,44328499	0,55671501	0,00000000		0,36537270	0,63462730	0,00000000		0,00000000	0,61563376	0,38436624		0,00000000	0,89252224	0,10747776		0,05877029	0,94122971	0,00000000		1,00000000	0,00000000	0,00000000		
0,00000000	0,96391948	0,03608052		0,95679248	0,04320752	0,00000000		0,00000000	0,36743037	0,63256963		0,44737000	0,55263000	0,00000000		0,53475669	0,46524331	0,00000000		0,00000000	0,99833258	0,00166742		0,00000000	0,62367282	0,37632718		0,69257951	0,30742049	0,00000000		0,33183684	0,66816316	0,00000000		0,50325414	0,49674586	0,00000000		0,00000000	0,50037812	0,49962188		0,19704440	0,80295560	0,00000000		0,00000000	0,50157254	0,49842746		1,00000000	0,00000000	0,00000000		
0,00000000	0,94121713	0,05878287		1,00000000	0,00000000	0,00000000		0,58866511	0,41133489	0,00000000		1,00000000	0,00000000	0,00000000		0,53475669	0,46524331	0,00000000		0,06167210	0,93832790	0,00000000		0,00000000	0,42364617	0,57635383		0,76678445	0,23321555	0,00000000		0,42935397	0,57064603	0,00000000		0,71992499	0,28007501	0,00000000		0,00000000	0,26986685	0,73013315		0,01984288	0,98015712	0,00000000		0,00000000	0,71078901	0,28921099		1,00000000	0,00000000	0,00000000		
0,00000000	0,00000000	1,00000000		0,00000000	0,25719672	0,74280328		0,00000000	0,47965580	0,52034420		1,00000000	0,00000000	0,00000000		0,00000000	0,18782632	0,81217368		0,00000000	0,11182131	0,88817869		0,00000000	0,04264304	0,95735696		1,00000000	0,00000000	0,00000000		0,00000000	0,55365474	0,44634526		0,16839921	0,83160079	0,00000000		0,31581566	0,68418434	0,00000000		0,00000000	0,00000000	1,00000000		0,37221181	0,62778819	0,00000000		1,00000000	0,00000000	0,00000000		
0,00000000	0,38500954	0,61499046		0,91209505	0,08790495	0,00000000		0,03810917	0,96189083	0,00000000		0,88277545	0,11722455	0,00000000		0,00000000	0,62814048	0,37185952		0,00000000	0,00000000	1,00000000		0,00000000	0,00000000	1,00000000		0,32155477	0,67844523	0,00000000		0,00000000	0,26483004	0,73516996		0,00000000	0,83245866	0,16754134		0,12623705	0,87376295	0,00000000		0,00000000	0,00000000	1,00000000		0,28079136	0,71920864	0,00000000		1,00000000	0,00000000	0,00000000		
0,00000000	0,55527717	0,44472283		0,00000000	0,36274443	0,63725557		0,53623121	0,46376879	0,00000000		0,25385647	0,74614353	0,00000000		0,97533235	0,02466765	0,00000000		0,00000000	0,99833258	0,00166742		0,00000000	0,38554586	0,61445414		0,84098940	0,15901060	0,00000000		0,27611277	0,72388723	0,00000000		0,49143573	0,50856427	0,00000000		0,25262279	0,74737721	0,00000000		0,00000000	0,55397932	0,44602068		0,00000000	0,67386845	0,32613155		1,00000000	0,00000000	0,00000000		
0,00000000	0,02177193	0,97822807		0,77800275	0,22199725	0,00000000		0,00000000	0,25520494	0,74479506		1,00000000	0,00000000	0,00000000		0,36954082	0,63045918	0,00000000		0,00000000	0,00000000	1,00000000		0,00000000	0,00000000	1,00000000		1,00000000	0,00000000	0,00000000		0,00000000	0,97578316	0,02421684		0,03839670	0,96160330	0,00000000		0,34741209	0,65258791	0,00000000		0,00000000	0,00000000	1,00000000		0,00000000	0,52618624	0,47381376		1,00000000	0,00000000	0,00000000		
0,00000000	0,74824715	0,25175285		0,00000000	0,26423323	0,73576677		0,09054307	0,90945693	0,00000000		0,56831596	0,43168404	0,00000000		0,25939690	0,74060310	0,00000000		0,00000000	0,69208323	0,30791677		0,00000000	0,43317125	0,56682875		0,46996466	0,53003534	0,00000000		0,02535445	0,97464555	0,00000000		0,45991998	0,54008002	0,00000000		0,53699070	0,46300930	0,00000000		0,00000000	0,55397932	0,44602068		0,58117282	0,41882718	0,00000000		1,00000000	0,00000000	0,00000000		
0,00000000	0,96391948	0,03608052		0,86739762	0,13260238	0,00000000		0,58866511	0,41133489	0,00000000		0,68926192	0,31073808	0,00000000		0,03910907	0,96089093	0,00000000		0,00000000	0,11182131	0,88817869		0,00000000	0,08074336	0,91925664		0,76678445	0,23321555	0,00000000		0,00000000	0,60919796	0,39080204		0,19203602	0,80796398	0,00000000		0,34741209	0,65258791	0,00000000		0,00000000	0,01538831	0,98461169		0,04571022	0,95428978	0,00000000		1,00000000	0,00000000	0,00000000		
0,00000000	0,00000000	1,00000000		0,00000000	0,22201415	0,77798585		0,00000000	0,67605031	0,32394969		0,22966727	0,77033273	0,00000000		0,00000000	0,86831184	0,13168816		0,00000000	0,35359711	0,64640289		0,00000000	0,41412110	0,58587890		0,61837456	0,38162544	0,00000000		0,59652618	0,40347382	0,00000000		0,11324663	0,88675337	0,00000000		0,37900853	0,62099147	0,00000000		0,00000000	0,04616494	0,95383506		0,00000000	0,56310680	0,43689320		1,00000000	0,00000000	0,00000000		
0,00000000	0,00000000	1,00000000		0,00000000	0,53865728	0,46134272		0,11676002	0,88323998	0,00000000		0,93115384	0,06884616	0,00000000		0,31446886	0,68553114	0,00000000		0,00000000	0,00000000	1,00000000		0,00000000	0,00000000	1,00000000		0,84098940	0,15901060	0,00000000		0,00000000	0,43145968	0,56854032		0,24718860	0,75281140	0,00000000		0,00000000	0,80772648	0,19227352		0,00000000	0,00000000	1,00000000		0,00000000	0,60002735	0,39997265		1,00000000	0,00000000	0,00000000		
0,00000000	0,00000000	1,00000000		0,93444377	0,06555623	0,00000000		0,53623121	0,46376879	0,00000000		0,93115384	0,06884616	0,00000000		0,36954082	0,63045918	0,00000000		0,00000000	0,00000000	1,00000000		0,00000000	0,00000000	1,00000000		1,00000000	0,00000000	0,00000000		0,00000000	0,48700289	0,51299711		0,00000000	0,84080051	0,15919949		0,25262279	0,74737721	0,00000000		0,00000000	0,04616494	0,95383506		0,00000000	0,79693696	0,20306304		1,00000000	0,00000000	0,00000000		
0,00000000	0,00000000	1,00000000		0,68115831	0,31884169	0,00000000		0,00000000	0,78827574	0,21172426		0,25385647	0,74614353	0,00000000		0,25939690	0,74060310	0,00000000		0,00000000	0,51478098	0,48521902		0,00000000	0,15694398	0,84305602		0,46996466	0,53003534	0,00000000		0,00000000	0,22039547	0,77960453		0,00000000	0,81299436	0,18700564		0,00000000	0,69247085	0,30752915		0,00000000	0,93868718	0,06131282		0,00000000	0,61233420	0,38766580		1,00000000	0,00000000	0,00000000		
0,00000000	0,00000000	1,00000000		0,89719590	0,10280410	0,00000000		0,14297697	0,85702303	0,00000000		0,59250515	0,40749485	0,00000000		0,00000000	0,98839752	0,01160248		0,00000000	0,30524195	0,69475805		0,00000000	0,00000000	1,00000000		0,46996466	0,53003534	0,00000000		0,00000000	0,55365474	0,44634526		0,00000000	0,06222824	0,93777176		0,00000000	0,50037812	0,49962188		0,00000000	0,40009618	0,59990382		0,00000000	0,12006017	0,87993983		1,00000000	0,00000000	0,00000000		
0,00000000	0,96391948	0,03608052		0,89719590	0,10280410	0,00000000		0,74596680	0,25403320	0,00000000		1,00000000	0,00000000	0,00000000		0,86518844	0,13481156	0,00000000		0,00000000	0,56313614	0,43686386		0,00000000	0,00000000	1,00000000		1,00000000	0,00000000	0,00000000		0,00000000	0,00000000	1,00000000		0,00000000	0,53493283	0,46506717		0,00000000	0,50037812	0,49962188		0,00000000	0,69247415	0,30752585		0,00000000	0,39081088	0,60918912		1,00000000	0,00000000	0,00000000		
0,00000000	0,07852780	0,92147220		0,95679248	0,04320752	0,00000000		0,00000000	0,22714859	0,77285141		0,64088354	0,35911646	0,00000000		0,75504452	0,24495548	0,00000000		0,00000000	0,99833258	0,00166742		0,00000000	0,09026843	0,90973157		1,00000000	0,00000000	0,00000000		0,00000000	0,32037325	0,67962675		0,00000000	0,97983127	0,02016873		0,00000000	0,03935558	0,96064442		0,00000000	0,00000000	1,00000000		0,00000000	0,10775332	0,89224668		1,00000000	0,00000000	0,00000000		
0,00000000	0,08987898	0,91012102		0,88229676	0,11770324	0,00000000		0,00000000	0,73216302	0,26783698		1,00000000	0,00000000	0,00000000		0,00000000	0,86831184	0,13168816		0,00000000	0,00000000	1,00000000		0,00000000	0,00000000	1,00000000		0,46996466	0,53003534	0,00000000		0,00000000	0,78693624	0,21306376		0,00000000	0,57664206	0,42335794		0,00000000	0,92298212	0,07701788		0,00000000	0,15388314	0,84611686		0,00000000	0,29235608	0,70764392		1,00000000	0,00000000	0,00000000		
0,00000000	0,14663486	0,85336514		0,77055318	0,22944682	0,00000000		0,00000000	0,00269773	0,99730227		0,66507273	0,33492727	0,00000000		0,00000000	0,70819760	0,29180240		0,00000000	0,11182131	0,88817869		0,00000000	0,28077000	0,71923000		0,00000000	0,95829095	0,04170905		0,00000000	0,99800044	0,00199956		0,00000000	0,78518820	0,21481180		0,00000000	0,46195958	0,53804042		0,00000000	0,66169752	0,33830248		0,00000000	0,00000000	1,00000000		1,00000000	0,00000000	0,00000000		
0,00000000	0,18068838	0,81931162		0,94189334	0,05810666	0,00000000		0,19541087	0,80458913	0,00000000		0,83439707	0,16560293	0,00000000		0,00000000	0,58811192	0,41188808		0,00000000	0,75655678	0,24344322		0,00000000	0,17599414	0,82400586		1,00000000	0,00000000	0,00000000		0,08107852	0,91892148	0,00000000		0,00000000	0,91031589	0,08968411		0,22102636	0,77897364	0,00000000		0,00000000	0,24621303	0,75378697		0,00000000	0,61233420	0,38766580		1,00000000	0,00000000	0,00000000		
0,00000000	0,38500954	0,61499046		0,89719590	0,10280410	0,00000000		0,00000000	0,61993759	0,38006241		0,00000000	0,85864186	0,14135814		0,00000000	0,66816904	0,33183096		0,00000000	0,17629486	0,82370514		0,00000000	0,29029508	0,70970492		1,00000000	0,00000000	0,00000000		0,00000000	0,14263497	0,85736503		0,00000000	0,79909128	0,20090872		0,03144775	0,96855225	0,00000000		0,00000000	0,50781438	0,49218562		0,00000000	0,46465199	0,53534801		1,00000000	0,00000000	0,00000000		
0,00000000	0,00000000	1,00000000		0,91954462	0,08045538	0,00000000		0,06432612	0,93567388	0,00000000		0,85858626	0,14141374	0,00000000		0,00000000	0,58811192	0,41188808		0,00000000	0,00000000	1,00000000		0,00000000	0,08074336	0,91925664		0,91519435	0,08480565	0,00000000		0,00000000	0,60919796	0,39080204		0,00000000	0,76294328	0,23705672		0,15783349	0,84216651	0,00000000		0,00000000	0,07694157	0,92305843		0,00000000	0,83385751	0,16614249		1,00000000	0,00000000	0,00000000		
0,00000000	0,69149127	0,30850873		0,71840617	0,28159383	0,00000000		0,00000000	0,00269773	0,99730227		0,73764030	0,26235970	0,00000000		0,31446886	0,68553114	0,00000000		0,00000000	0,11182131	0,88817869		0,00000000	0,00000000	1,00000000		0,54416961	0,45583039	0,00000000		0,02535445	0,97464555	0,00000000		0,00000000	0,86860666	0,13139334		0,00000000	0,69247085	0,30752915		0,00000000	0,80019235	0,19980765		0,00000000	0,09544647	0,90455353		1,00000000	0,00000000	0,00000000		
0,00000000	0,20339073	0,79660927		1,00000000	0,00000000	0,00000000		0,00000000	0,50771216	0,49228784		0,76182950	0,23817050	0,00000000		0,00000000	0,98839752	0,01160248		0,00000000	0,00000000	1,00000000		0,00000000	0,00000000	1,00000000		1,00000000	0,00000000	0,00000000		0,00000000	0,59808931	0,40191069		0,00000000	0,64615744	0,35384256		0,31581566	0,68418434	0,00000000		0,00000000	0,75402741	0,24597259		0,00000000	0,05852591	0,94147409		1,00000000	0,00000000	0,00000000		
0,69527565	0,30472435	0,00000000		1,00000000	0,00000000	0,00000000		1,00000000	0,00000000	0,00000000		1,00000000	0,00000000	0,00000000		1,00000000	0,00000000	0,00000000		0,59066232	0,40933768	0,00000000		1,00000000	0,00000000	0,00000000		0,76678445	0,23321555	0,00000000		1,00000000	0,00000000	0,00000000		1,00000000	0,00000000	0,00000000		0,00000000	0,76930794	0,23069206		0,87631692	0,12368308	0,00000000		0,99909485	0,00090515	0,00000000		0,00000000	1,00000000	0,00000000		
0,73817972	0,26182028	0,00000000		1,00000000	0,00000000	0,00000000		0,11676002	0,88323998	0,00000000		0,93115384	0,06884616	0,00000000		0,36954082	0,63045918	0,00000000		0,50249729	0,49750271	0,00000000		0,79146427	0,20853573	0,00000000		0,00000000	0,00000000	1,00000000		1,00000000	0,00000000	0,00000000		0,88932219	0,11067781	0,00000000		0,00000000	0,00093704	0,99906296		1,00000000	0,00000000	0,00000000		0,58117282	0,41882718	0,00000000		0,00000000	1,00000000	0,00000000		
0,40567323	0,59432677	0,00000000		1,00000000	0,00000000	0,00000000		0,79840070	0,20159930	0,00000000		0,73764030	0,26235970	0,00000000		0,42461278	0,57538722	0,00000000		0,54028230	0,45971770	0,00000000		0,52342942	0,47657058	0,00000000		0,00000000	0,08240081	0,91759919		1,00000000	0,00000000	0,00000000		0,00000000	0,93812204	0,06187796		0,03144775	0,96855225	0,00000000		1,00000000	0,00000000	0,00000000		1,00000000	0,00000000	0,00000000		0,00000000	1,00000000	0,00000000		
0,00000000	0,26014661	0,73985339		1,00000000	0,00000000	0,00000000		1,00000000	0,00000000	0,00000000		0,44737000	0,55263000	0,00000000		0,75504452	0,24495548	0,00000000		0,43952226	0,56047774	0,00000000		0,20513803	0,79486197	0,00000000		0,46996466	0,53003534	0,00000000		1,00000000	0,00000000	0,00000000		0,68053029	0,31946971	0,00000000		0,00000000	0,07777413	0,92222587		0,24626705	0,75373295	0,00000000		0,71177345	0,28822655	0,00000000		0,00000000	1,00000000	0,00000000		
0,69527565	0,30472435	0,00000000		1,00000000	0,00000000	0,00000000		0,43136341	0,56863659	0,00000000		0,20547808	0,79452192	0,00000000		1,00000000	0,00000000	0,00000000		0,00000000	0,00000000	1,00000000		0,00000000	0,00000000	1,00000000		1,00000000	0,00000000	0,00000000		0,00000000	0,78693624	0,21306376		0,42446475	0,57553525	0,00000000		0,00000000	0,11619267	0,88380733		0,00000000	0,75402741	0,24597259		1,00000000	0,00000000	0,00000000		0,00000000	1,00000000	0,00000000		
0,90979597	0,09020403	0,00000000		1,00000000	0,00000000	0,00000000		0,00000000	0,42354309	0,57645691		0,20547808	0,79452192	0,00000000		0,20432494	0,79567506	0,00000000		0,70401737	0,29598263	0,00000000		0,23864239	0,76135761	0,00000000		0,00000000	0,58290946	0,41709054		0,90300857	0,09699143	0,00000000		1,00000000	0,00000000	0,00000000		0,00000000	0,00000000	1,00000000		0,47269122	0,52730878	0,00000000		1,00000000	0,00000000	0,00000000		0,00000000	1,00000000	0,00000000		
0,69527565	0,30472435	0,00000000		1,00000000	0,00000000	0,00000000		0,00000000	0,33937402	0,66062598		0,42318081	0,57681919	0,00000000		0,53475669	0,46524331	0,00000000		0,03648208	0,96351792	0,00000000		0,00000000	0,41412110	0,58587890		0,09893993	0,90106007	0,00000000		0,00000000	0,55365474	0,44634526		0,36537270	0,63462730	0,00000000		0,00000000	0,23144831	0,76855169		0,40377952	0,59622048	0,00000000		0,58639684	0,41360316	0,00000000		0,00000000	1,00000000	0,00000000		
0,00000000	0,89581243	0,10418757		1,00000000	0,00000000	0,00000000		1,00000000	0,00000000	0,00000000		1,00000000	0,00000000	0,00000000		1,00000000	0,00000000	0,00000000		0,00000000	0,14405808	0,85594192		0,00000000	0,00000000	1,00000000		0,91519435	0,08480565	0,00000000		0,00000000	0,33148189	0,66851811		0,08960981	0,91039019	0,00000000		0,00000000	0,50037812	0,49962188		0,00000000	0,27698966	0,72301034		1,00000000	0,00000000	0,00000000		0,00000000	1,00000000	0,00000000		
0,69527565	0,30472435	0,00000000		1,00000000	0,00000000	0,00000000		1,00000000	0,00000000	0,00000000		0,06034293	0,93965707	0,00000000		1,00000000	0,00000000	0,00000000		0,42692725	0,57307275	0,00000000		0,02924017	0,97075983	0,00000000		0,84098940	0,15901060	0,00000000		0,88907756	0,11092244	0,00000000		0,33385694	0,66614306	0,00000000		0,00000000	0,50037812	0,49962188		0,00000000	0,00000000	1,00000000		1,00000000	0,00000000	0,00000000		0,00000000	1,00000000	0,00000000		
0,00000000	0,63473539	0,36526461		1,00000000	0,00000000	0,00000000		0,00000000	0,90050117	0,09949883		0,68926192	0,31073808	0,00000000		0,00000000	0,90834040	0,09165960		0,00000000	0,86938549	0,13061451		0,61556640	0,38443360	0,00000000		0,00000000	0,00000000	1,00000000		1,00000000	0,00000000	0,00000000		0,92871689	0,07128311	0,00000000		0,00000000	0,88456357	0,11543643		0,76802709	0,23197291	0,00000000		0,39833193	0,60166807	0,00000000		0,00000000	1,00000000	0,00000000		
0,86689190	0,13310810	0,00000000		1,00000000	0,00000000	0,00000000		1,00000000	0,00000000	0,00000000		0,73764030	0,26235970	0,00000000		0,00000000	0,00000000	1,00000000		0,75439739	0,24560261	0,00000000		0,63231857	0,36768143	0,00000000		1,00000000	0,00000000	0,00000000		0,00000000	0,08709176	0,91290824		1,00000000	0,00000000	0,00000000		0,00000000	0,00000000	1,00000000		0,00000000	0,44626112	0,55373888		0,48191634	0,51808366	0,00000000		0,00000000	1,00000000	0,00000000		
0,78108378	0,21891622	0,00000000		0,98659077	0,01340923	0,00000000		0,30027867	0,69972133	0,00000000		0,00000000	0,88037129	0,11962871		0,25939690	0,74060310	0,00000000		1,00000000	0,00000000	0,00000000		0,85009689	0,14990311	0,00000000		0,09893993	0,90106007	0,00000000		0,30397481	0,69602519	0,00000000		0,97599053	0,02400947	0,00000000		0,26526136	0,73473864	0,00000000		0,87631692	0,12368308	0,00000000		0,08489041	0,91510959	0,00000000		0,00000000	1,00000000	0,00000000		
0,00000000	0,04447428	0,95552572		1,00000000	0,00000000	0,00000000		0,00000000	0,03075408	0,96924592		0,00000000	0,00000000	1,00000000		1,00000000	0,00000000	0,00000000		0,00000000	0,19241324	0,80758676		0,00000000	0,21409445	0,78590555		1,00000000	0,00000000	0,00000000		0,00000000	0,78693624	0,21306376		0,84598802	0,15401198	0,00000000		0,00000000	0,00000000	1,00000000		0,00000000	0,30776629	0,69223371		1,00000000	0,00000000	0,00000000		0,00000000	1,00000000	0,00000000		
0,00000000	0,46446776	0,53553224		0,94934291	0,05065709	0,00000000		0,22162782	0,77837218	0,00000000		0,00000000	0,09811168	0,90188832		1,00000000	0,00000000	0,00000000		0,71661238	0,28338762	0,00000000		0,16325759	0,83674241	0,00000000		0,84098940	0,15901060	0,00000000		0,90300857	0,09699143	0,00000000		0,70416711	0,29583289	0,00000000		0,03144775	0,96855225	0,00000000		0,00000000	0,89252224	0,10747776		1,00000000	0,00000000	0,00000000		0,00000000	1,00000000	0,00000000		
0,03026269	0,96973731	0,00000000		0,94189334	0,05810666	0,00000000		0,00000000	0,22714859	0,77285141		0,00000000	0,00000000	1,00000000		0,00000000	0,00000000	1,00000000		0,00000000	0,00000000	1,00000000		0,00000000	0,18551922	0,81448078		1,00000000	0,00000000	0,00000000		0,00000000	0,68695845	0,31304155		0,85780643	0,14219357	0,00000000		0,00000000	0,00000000	1,00000000		0,00000000	0,00000000	1,00000000		0,00000000	0,79693696	0,20306304		0,00000000	1,00000000	0,00000000		
1,00000000	0,00000000	0,00000000		1,00000000	0,00000000	0,00000000		0,06432612	0,93567388	0,00000000		0,00000000	0,74999469	0,25000531		0,36954082	0,63045918	0,00000000		0,00000000	0,00000000	1,00000000		0,00000000	0,89990009	0,10009991		1,00000000	0,00000000	0,00000000		0,03928547	0,96071453	0,00000000		0,91295901	0,08704099	0,00000000		0,00000000	0,99981921	0,00018079		0,00000000	0,35393123	0,64606877		0,04309821	0,95690179	0,00000000		0,00000000	1,00000000	0,00000000		
1,00000000	0,00000000	0,00000000		0,78545232	0,21454768	0,00000000		1,00000000	0,00000000	0,00000000		0,93115384	0,06884616	0,00000000		0,58982865	0,41017135	0,00000000		1,00000000	0,00000000	0,00000000		0,38941199	0,61058801	0,00000000		0,32155477	0,67844523	0,00000000		0,73583636	0,26416364	0,00000000		0,68053029	0,31946971	0,00000000		0,00000000	0,07777413	0,92222587		0,56129198	0,43870802	0,00000000		1,00000000	0,00000000	0,00000000		0,00000000	1,00000000	0,00000000		
0,00000000	0,98662183	0,01337817		1,00000000	0,00000000	0,00000000		1,00000000	0,00000000	0,00000000		0,93115384	0,06884616	0,00000000		1,00000000	0,00000000	0,00000000		0,62844734	0,37155266	0,00000000		0,00411190	0,99588810	0,00000000		1,00000000	0,00000000	0,00000000		0,30397481	0,69602519	0,00000000		0,36537270	0,63462730	0,00000000		0,00000000	0,23144831	0,76855169		0,22657799	0,77342201	0,00000000		1,00000000	0,00000000	0,00000000		0,00000000	1,00000000	0,00000000		
1,00000000	0,00000000	0,00000000		0,03304554	0,96695446	0,00000000		0,24784477	0,75215523	0,00000000		0,44737000	0,55263000	0,00000000		0,00000000	0,82828328	0,17171672		0,91813246	0,08186754	0,00000000		0,59881422	0,40118578	0,00000000		0,00000000	0,70803662	0,29196338		1,00000000	0,00000000	0,00000000		1,00000000	0,00000000	0,00000000		0,09464062	0,90535938	0,00000000		0,18719987	0,81280013	0,00000000		1,00000000	0,00000000	0,00000000		0,00000000	1,00000000	0,00000000		
0,73817972	0,26182028	0,00000000		1,00000000	0,00000000	0,00000000		0,98191935	0,01808065	0,00000000		1,00000000	0,00000000	0,00000000		0,00000000	0,00000000	1,00000000		0,69142237	0,30857763	0,00000000		0,15488150	0,84511850	0,00000000		0,24734982	0,75265018	0,00000000		0,00000000	0,00000000	1,00000000		0,83810908	0,16189092	0,00000000		0,00000000	0,73088939	0,26911061		0,39393499	0,60606501	0,00000000		0,39833193	0,60166807	0,00000000		0,00000000	1,00000000	0,00000000		
0,34131714	0,65868286	0,00000000		0,00000000	0,34163489	0,65836511		0,00000000	0,78827574	0,21172426		0,00000000	0,31540602	0,68459398		0,36954082	0,63045918	0,00000000		0,00000000	0,38583388	0,61416612		0,00000000	0,50937188	0,49062812		0,00000000	0,70803662	0,29196338		0,00000000	0,69806710	0,30193290		1,00000000	0,00000000	0,00000000		0,00000000	0,23144831	0,76855169		0,00000000	0,35393123	0,64606877		1,00000000	0,00000000	0,00000000		0,00000000	1,00000000	0,00000000		
1,00000000	0,00000000	0,00000000		1,00000000	0,00000000	0,00000000		0,85083460	0,14916540	0,00000000		0,20547808	0,79452192	0,00000000		1,00000000	0,00000000	0,00000000		0,03648208	0,96351792	0,00000000		0,00000000	0,78559915	0,21440085		0,61837456	0,38162544	0,00000000		0,34576786	0,65423214	0,00000000		1,00000000	0,00000000	0,00000000		0,00000000	0,00000000	1,00000000		0,00000000	0,36931955	0,63068045		1,00000000	0,00000000	0,00000000		0,00000000	1,00000000	0,00000000		
0,31986511	0,68013489	0,00000000		0,83759933	0,16240067	0,00000000		0,32649561	0,67350439	0,00000000		0,25385647	0,74614353	0,00000000		1,00000000	0,00000000	0,00000000		0,31357220	0,68642780	0,00000000		0,00000000	0,52842203	0,47157797		0,91519435	0,08480565	0,00000000		0,00000000	0,89802266	0,10197734		0,64113559	0,35886441	0,00000000		0,00000000	0,34670394	0,65329606		0,00000000	0,33854292	0,66145708		0,49236439	0,50763561	0,00000000		0,00000000	1,00000000	0,00000000		
1,00000000	0,00000000	0,00000000		1,00000000	0,00000000	0,00000000		0,00000000	0,47965580	0,52034420		0,00000000	0,09811168	0,90188832		1,00000000	0,00000000	0,00000000		0,56547231	0,43452769	0,00000000		0,38103590	0,61896410	0,00000000		0,00000000	0,89572737	0,10427263		0,38756092	0,61243908	0,00000000		1,00000000	0,00000000	0,00000000		0,00000000	0,00000000	1,00000000		0,00000000	0,98485213	0,01514787		0,71177345	0,28822655	0,00000000		0,00000000	1,00000000	0,00000000		
0,00000000	0,96391948	0,03608052		0,00000000	0,34867140	0,65132860		0,01189222	0,98810778	0,00000000		0,00000000	0,42405319	0,57594681		1,00000000	0,00000000	0,00000000		1,00000000	0,00000000	0,00000000		0,37265982	0,62734018	0,00000000		0,00000000	0,00000000	1,00000000		0,08107852	0,91892148	0,00000000		0,28658330	0,71341670	0,00000000		0,47379783	0,52620217	0,00000000		0,68927086	0,31072914	0,00000000		1,00000000	0,00000000	0,00000000		0,00000000	1,00000000	0,00000000		
1,00000000	0,00000000	0,00000000		1,00000000	0,00000000	0,00000000		0,00000000	0,28326130	0,71673870		0,44737000	0,55263000	0,00000000		0,75504452	0,24495548	0,00000000		0,31357220	0,68642780	0,00000000		0,00000000	0,83322454	0,16677546		1,00000000	0,00000000	0,00000000		0,00000000	0,25372140	0,74627860		0,97599053	0,02400947	0,00000000		0,63178001	0,36821999	0,00000000		0,00000000	0,43087281	0,56912719		0,99909485	0,00090515	0,00000000		0,00000000	1,00000000	0,00000000		
0,37349519	0,62650481	0,00000000		1,00000000	0,00000000	0,00000000		0,22162782	0,77837218	0,00000000		0,44737000	0,55263000	0,00000000		0,47968473	0,52031527	0,00000000		0,31357220	0,68642780	0,00000000		0,07949670	0,92050330	0,00000000		0,61837456	0,38162544	0,00000000		0,30397481	0,69602519	0,00000000		1,00000000	0,00000000	0,00000000		0,00000000	0,07777413	0,92222587		0,00000000	0,30776629	0,69223371		1,00000000	0,00000000	0,00000000		0,00000000	1,00000000	0,00000000		
0,92052198	0,07947802	0,00000000		0,98659077	0,01340923	0,00000000		0,03810917	0,96189083	0,00000000		0,00000000	0,35886489	0,64113511		0,97533235	0,02466765	0,00000000		0,84256243	0,15743757	0,00000000		0,28889893	0,71110107	0,00000000		0,00000000	0,70803662	0,29196338		0,16466463	0,83533537	0,00000000		1,00000000	0,00000000	0,00000000		0,00000000	0,00000000	1,00000000		0,44315763	0,55684237	0,00000000		1,00000000	0,00000000	0,00000000		0,00000000	1,00000000	0,00000000		
1,00000000	0,00000000	0,00000000		0,94189334	0,05810666	0,00000000		0,00000000	0,17103587	0,82896413		0,00000000	0,00000000	1,00000000		1,00000000	0,00000000	0,00000000		0,66623236	0,33376764	0,00000000		0,35590764	0,64409236	0,00000000		0,00000000	0,89572737	0,10427263		0,47114702	0,52885298	0,00000000		1,00000000	0,00000000	0,00000000		0,00000000	0,00000000	1,00000000		0,00000000	0,23082472	0,76917528		0,88939031	0,11060969	0,00000000		0,00000000	1,00000000	0,00000000		
1,00000000	0,00000000	0,00000000		0,65136002	0,34863998	0,00000000		0,00000000	0,61993759	0,38006241		0,00000000	0,61961809	0,38038191		1,00000000	0,00000000	0,00000000		0,62844734	0,37155266	0,00000000		0,28889893	0,71110107	0,00000000		0,00000000	0,39521872	0,60478128		0,45721600	0,54278400	0,00000000		1,00000000	0,00000000	0,00000000		0,00000000	0,96140066	0,03859934		0,00000000	0,93868718	0,06131282		0,58117282	0,41882718	0,00000000		0,00000000	1,00000000	0,00000000		
1,00000000	0,00000000	0,00000000		1,00000000	0,00000000	0,00000000		0,06432612	0,93567388	0,00000000		0,00000000	0,18502942	0,81497058		1,00000000	0,00000000	0,00000000		0,31357220	0,68642780	0,00000000		0,37265982	0,62734018	0,00000000		0,00000000	0,77060020	0,22939980		0,41542295	0,58457705	0,00000000		1,00000000	0,00000000	0,00000000		0,00000000	0,69247085	0,30752915		0,00000000	0,23082472	0,76917528		0,72483352	0,27516648	0,00000000		0,00000000	1,00000000	0,00000000		
1,00000000	0,00000000	0,00000000		0,82270018	0,17729982	0,00000000		0,01189222	0,98810778	0,00000000		0,32642404	0,67357596	0,00000000		1,00000000	0,00000000	0,00000000		1,00000000	0,00000000	0,00000000		0,44804462	0,55195538	0,00000000		0,00000000	0,14496439	0,85503561		0,05321649	0,94678351	0,00000000		1,00000000	0,00000000	0,00000000		0,00000000	0,65405230	0,34594770		0,43331310	0,56668690	0,00000000		1,00000000	0,00000000	0,00000000		0,00000000	1,00000000	0,00000000		
1,00000000	0,00000000	0,00000000		1,00000000	0,00000000	0,00000000		0,00000000	0,73216302	0,26783698		0,00000000	0,53270035	0,46729965		1,00000000	0,00000000	0,00000000		1,00000000	0,00000000	0,00000000		0,65744684	0,34255316	0,00000000		0,00000000	0,27009156	0,72990844		0,06714751	0,93285249	0,00000000		0,75931969	0,24068031	0,00000000		0,00000000	0,76930794	0,23069206		0,05922100	0,94077900	0,00000000		1,00000000	0,00000000	0,00000000		0,00000000	1,00000000	0,00000000		
0,35204316	0,64795684	0,00000000		1,00000000	0,00000000	0,00000000		0,16919392	0,83080608	0,00000000		0,00000000	0,81518299	0,18481701		1,00000000	0,00000000	0,00000000		1,00000000	0,00000000	0,00000000		0,48154897	0,51845103	0,00000000		0,00000000	0,00000000	1,00000000		0,08107852	0,91892148	0,00000000		0,97599053	0,02400947	0,00000000		0,09464062	0,90535938	0,00000000		0,64004822	0,35995178	0,00000000		1,00000000	0,00000000	0,00000000		0,00000000	1,00000000	0,00000000		
0,78108378	0,21891622	0,00000000		0,07774297	0,92225703	0,00000000		0,27406172	0,72593828	0,00000000		0,44737000	0,55263000	0,00000000		1,00000000	0,00000000	0,00000000		0,00000000	0,99833258	0,00166742		0,00000000	0,79512423	0,20487577		0,98939929	0,01060071	0,00000000		0,00000000	0,65363253	0,34636747		1,00000000	0,00000000	0,00000000		0,00000000	0,38512249	0,61487751		0,00000000	0,09232989	0,90767011		1,00000000	0,00000000	0,00000000		0,00000000	1,00000000	0,00000000		
1,00000000	0,00000000	0,00000000		0,70350703	0,29649297	0,00000000		0,11676002	0,88323998	0,00000000		0,44737000	0,55263000	0,00000000		0,53475669	0,46524331	0,00000000		0,00000000	0,07958453	0,92041547		0,00000000	0,78559915	0,21440085		1,00000000	0,00000000	0,00000000		0,45721600	0,54278400	0,00000000		0,89720113	0,10279887	0,00000000		0,00000000	0,34670394	0,65329606		0,00000000	0,61553258	0,38446742		1,00000000	0,00000000	0,00000000		0,00000000	1,00000000	0,00000000		
0,58801550	0,41198450	0,00000000		1,00000000	0,00000000	0,00000000		0,32649561	0,67350439	0,00000000		0,20547808	0,79452192	0,00000000		0,00000000	0,00000000	1,00000000		0,00000000	0,91774065	0,08225935		0,00000000	0,77607407	0,22392593		0,46996466	0,53003534	0,00000000		0,00000000	0,00000000	1,00000000		1,00000000	0,00000000	0,00000000		0,00000000	0,34670394	0,65329606		0,07891005	0,92108995	0,00000000		0,00000000	0,91508273	0,08491727		0,00000000	1,00000000	0,00000000		
1,00000000	0,00000000	0,00000000		0,60666259	0,39333741	0,00000000		0,00000000	0,00000000	1,00000000		0,00000000	0,64134752	0,35865248		0,00000000	0,00000000	1,00000000		1,00000000	0,00000000	0,00000000		0,87522516	0,12477484	0,00000000		1,00000000	0,00000000	0,00000000		0,16466463	0,83533537	0,00000000		1,00000000	0,00000000	0,00000000		0,12623705	0,87376295	0,00000000		0,44315763	0,55684237	0,00000000		0,72483352	0,27516648	0,00000000		0,00000000	1,00000000	0,00000000		
0,78108378	0,21891622	0,00000000		1,00000000	0,00000000	0,00000000		0,90326850	0,09673150	0,00000000		0,93115384	0,06884616	0,00000000		1,00000000	0,00000000	0,00000000		0,00000000	0,83714871	0,16285129		0,00000000	0,55699727	0,44300273		0,69257951	0,30742049	0,00000000		0,00000000	0,89802266	0,10197734		1,00000000	0,00000000	0,00000000		0,00000000	0,07777413	0,92222587		0,00000000	0,95407550	0,04592450		1,00000000	0,00000000	0,00000000		0,00000000	1,00000000	0,00000000		
0,69527565	0,30472435	0,00000000		1,00000000	0,00000000	0,00000000		0,58866511	0,41133489	0,00000000		0,32642404	0,67357596	0,00000000		1,00000000	0,00000000	0,00000000		0,00000000	0,00000000	1,00000000		0,00000000	0,00000000	1,00000000		1,00000000	0,00000000	0,00000000		0,00000000	0,69806710	0,30193290		0,40476740	0,59523260	0,00000000		0,00000000	0,80772648	0,19227352		0,00000000	0,90791056	0,09208944		0,63341307	0,36658693	0,00000000		0,00000000	1,00000000	0,00000000		
0,78108378	0,21891622	0,00000000		0,00000000	0,83419086	0,16580914		0,30027867	0,69972133	0,00000000		0,44737000	0,55263000	0,00000000		1,00000000	0,00000000	0,00000000		0,00000000	0,35359711	0,64640289		0,00000000	0,09026843	0,90973157		0,00000000	0,58290946	0,41709054		0,00000000	0,00000000	1,00000000		1,00000000	0,00000000	0,00000000		0,00000000	0,00000000	1,00000000		0,00000000	0,81558067	0,18441933		1,00000000	0,00000000	0,00000000		0,00000000	1,00000000	0,00000000		
1,00000000	0,00000000	0,00000000		0,63646088	0,36353912	0,00000000		1,00000000	0,00000000	0,00000000		0,56831596	0,43168404	0,00000000		0,58982865	0,41017135	0,00000000		0,27578719	0,72421281	0,00000000		0,00000000	0,87132485	0,12867515		0,91519435	0,08480565	0,00000000		0,38756092	0,61243908	0,00000000		0,87750378	0,12249622	0,00000000		0,00000000	0,00000000	1,00000000		0,00000000	0,61553258	0,38446742		0,50281244	0,49718756	0,00000000		0,00000000	1,00000000	0,00000000		
0,44857730	0,55142270	0,00000000		1,00000000	0,00000000	0,00000000		1,00000000	0,00000000	0,00000000		0,32642404	0,67357596	0,00000000		1,00000000	0,00000000	0,00000000		1,00000000	0,00000000	0,00000000		0,56530986	0,43469014	0,00000000		0,69257951	0,30742049	0,00000000		0,45721600	0,54278400	0,00000000		1,00000000	0,00000000	0,00000000		0,00000000	0,80772648	0,19227352		0,00000000	0,90791056	0,09208944		0,88939031	0,11060969	0,00000000		0,00000000	1,00000000	0,00000000		
0,72745370	0,27254630	0,00000000		0,36082671	0,63917329	0,00000000		0,00000000	0,61993759	0,38006241		0,00000000	0,74999469	0,25000531		0,53475669	0,46524331	0,00000000		0,00000000	0,82103033	0,17896967		0,00000000	0,92847532	0,07152468		0,32155477	0,67844523	0,00000000		0,51294008	0,48705992	0,00000000		1,00000000	0,00000000	0,00000000		0,60018357	0,39981643	0,00000000		0,00000000	0,00000000	1,00000000		1,00000000	0,00000000	0,00000000		0,00000000	1,00000000	0,00000000		
1,00000000	0,00000000	0,00000000		0,90464548	0,09535452	0,00000000		1,00000000	0,00000000	0,00000000		0,08453212	0,91546788	0,00000000		1,00000000	0,00000000	0,00000000		0,00000000	0,91774065	0,08225935		0,33077937	0,66922063	0,00000000		0,09893993	0,90106007	0,00000000		0,35969888	0,64030112	0,00000000		1,00000000	0,00000000	0,00000000		0,15783349	0,84216651	0,00000000		0,26595611	0,73404389	0,00000000		1,00000000	0,00000000	0,00000000		0,00000000	1,00000000	0,00000000		
0,54511144	0,45488856	0,00000000		0,89719590	0,10280410	0,00000000		0,90326850	0,09673150	0,00000000		0,00000000	0,85864186	0,14135814		1,00000000	0,00000000	0,00000000		0,31357220	0,68642780	0,00000000		0,09624888	0,90375112	0,00000000		0,46996466	0,53003534	0,00000000		0,27611277	0,72388723	0,00000000		1,00000000	0,00000000	0,00000000		0,00000000	0,80772648	0,19227352		0,00000000	0,00000000	1,00000000		0,60206892	0,39793108	0,00000000		0,00000000	1,00000000	0,00000000		
0,64164558	0,35835442	0,00000000		0,28633099	0,71366901	0,00000000		0,14297697	0,85702303	0,00000000		0,00000000	0,53270035	0,46729965		0,97533235	0,02466765	0,00000000		0,96851249	0,03148751	0,00000000		0,16325759	0,83674241	0,00000000		0,00000000	0,00000000	1,00000000		0,35969888	0,64030112	0,00000000		1,00000000	0,00000000	0,00000000		0,41060496	0,58939504	0,00000000		0,00000000	0,09232989	0,90767011		1,00000000	0,00000000	0,00000000		0,00000000	1,00000000	0,00000000		
0,82398784	0,17601216	0,00000000		0,89719590	0,10280410	0,00000000		0,53623121	0,46376879	0,00000000		0,20547808	0,79452192	0,00000000		1,00000000	0,00000000	0,00000000		1,00000000	0,00000000	0,00000000		0,00411190	0,99588810	0,00000000		0,09893993	0,90106007	0,00000000		0,06714751	0,93285249	0,00000000		0,83810908	0,16189092	0,00000000		0,00000000	0,96140066	0,03859934		0,00000000	0,29237798	0,70762202		1,00000000	0,00000000	0,00000000		0,00000000	1,00000000	0,00000000		
0,31986511	0,68013489	0,00000000		0,88229676	0,11770324	0,00000000		0,11676002	0,88323998	0,00000000		0,00000000	0,42405319	0,57594681		1,00000000	0,00000000	0,00000000		1,00000000	0,00000000	0,00000000		0,23026630	0,76973370	0,00000000		0,00000000	0,39521872	0,60478128		0,06714751	0,93285249	0,00000000		0,87750378	0,12249622	0,00000000		0,34741209	0,65258791	0,00000000		0,28564517	0,71435483	0,00000000		1,00000000	0,00000000	0,00000000		0,00000000	1,00000000	0,00000000		
0,85616589	0,14383411	0,00000000		1,00000000	0,00000000	0,00000000		1,00000000	0,00000000	0,00000000		0,20547808	0,79452192	0,00000000		0,86518844	0,13481156	0,00000000		0,11205212	0,88794788	0,00000000		0,00000000	0,99515087	0,00484913		0,00000000	0,95829095	0,04170905		0,00000000	0,55365474	0,44634526		1,00000000	0,00000000	0,00000000		0,41060496	0,58939504	0,00000000		0,00000000	0,52320269	0,47679731		1,00000000	0,00000000	0,00000000		0,00000000	1,00000000	0,00000000		
1,00000000	0,00000000	0,00000000		1,00000000	0,00000000	0,00000000		0,00000000	0,00000000	1,00000000		0,00000000	0,96728902	0,03271098		0,75504452	0,24495548	0,00000000		0,00000000	0,53089936	0,46910064		0,00000000	0,15694398	0,84305602		0,69257951	0,30742049	0,00000000		0,00000000	0,09820040	0,90179960		1,00000000	0,00000000	0,00000000		0,09464062	0,90535938	0,00000000		0,00000000	0,15388314	0,84611686		0,58117282	0,41882718	0,00000000		0,00000000	1,00000000	0,00000000		
1,00000000	0,00000000	0,00000000		0,00000000	0,43310957	0,56689043		1,00000000	0,00000000	0,00000000		0,08453212	0,91546788	0,00000000		0,03910907	0,96089093	0,00000000		0,00000000	0,00000000	1,00000000		0,00000000	0,48079664	0,51920336		1,00000000	0,00000000	0,00000000		0,00000000	0,00000000	1,00000000		1,00000000	0,00000000	0,00000000		0,75816575	0,24183425	0,00000000		0,00000000	0,84635730	0,15364270		0,88939031	0,11060969	0,00000000		0,00000000	1,00000000	0,00000000		
0,53438542	0,46561458	0,00000000		0,37572586	0,62427414	0,00000000		0,40514646	0,59485354	0,00000000		0,00000000	0,74999469	0,25000531		1,00000000	0,00000000	0,00000000		0,00000000	0,83714871	0,16285129		0,00000000	0,77607407	0,22392593		0,91519435	0,08480565	0,00000000		0,63831924	0,36168076	0,00000000		1,00000000	0,00000000	0,00000000		0,28421922	0,71578078	0,00000000		0,00000000	0,89252224	0,10747776		1,00000000	0,00000000	0,00000000		0,00000000	1,00000000	0,00000000		
1,00000000	0,00000000	0,00000000		0,18948655	0,81051345	0,00000000		0,00000000	0,00000000	1,00000000		0,00000000	0,96728902	0,03271098		0,25939690	0,74060310	0,00000000		0,88034745	0,11965255	0,00000000		0,00411190	0,99588810	0,00000000		0,00000000	0,00000000	1,00000000		0,87514654	0,12485346	0,00000000		0,68053029	0,31946971	0,00000000		0,00000000	0,07777413	0,92222587		0,20688893	0,79311107	0,00000000		0,77184974	0,22815026	0,00000000		0,00000000	1,00000000	0,00000000		
1,00000000	0,00000000	0,00000000		1,00000000	0,00000000	0,00000000		0,00000000	0,50771216	0,49228784		0,00000000	0,74999469	0,25000531		1,00000000	0,00000000	0,00000000		0,00000000	0,94997742	0,05002258		0,02086408	0,97913592	0,00000000		0,00000000	0,77060020	0,22939980		0,33183684	0,66816316	0,00000000		0,96417212	0,03582788	0,00000000		0,00000000	0,57721521	0,42278479		0,39393499	0,60606501	0,00000000		1,00000000	0,00000000	0,00000000		0,00000000	1,00000000	0,00000000		
1,00000000	0,00000000	0,00000000		1,00000000	0,00000000	0,00000000		0,00000000	0,50771216	0,49228784		0,00000000	0,42405319	0,57594681		1,00000000	0,00000000	0,00000000		0,00000000	0,82103033	0,17896967		0,00000000	0,75702391	0,24297609		0,00000000	0,70803662	0,29196338		0,88907756	0,11092244	0,00000000		1,00000000	0,00000000	0,00000000		0,18942992	0,81057008	0,00000000		0,00000000	0,26160135	0,73839865		1,00000000	0,00000000	0,00000000		0,00000000	1,00000000	0,00000000		
1,00000000	0,00000000	0,00000000		1,00000000	0,00000000	0,00000000		0,32649561	0,67350439	0,00000000		0,00000000	0,64134752	0,35865248		1,00000000	0,00000000	0,00000000		0,00000000	0,98221419	0,01778581		0,00000000	0,87132485	0,12867515		0,00000000	0,14496439	0,85503561		0,00000000	0,63141524	0,36858476		1,00000000	0,00000000	0,00000000		0,00000000	0,00000000	1,00000000		0,00000000	0,75402741	0,24597259		1,00000000	0,00000000	0,00000000		0,00000000	1,00000000	0,00000000		
1,00000000	0,00000000	0,00000000		1,00000000	0,00000000	0,00000000		0,87705155	0,12294845	0,00000000		0,00000000	0,79345356	0,20654644		1,00000000	0,00000000	0,00000000		0,59066232	0,40933768	0,00000000		0,36428373	0,63571627	0,00000000		0,61837456	0,38162544	0,00000000		0,20645768	0,79354232	0,00000000		1,00000000	0,00000000	0,00000000		0,12623705	0,87376295	0,00000000		0,00000000	0,04616494	0,95383506		1,00000000	0,00000000	0,00000000		0,00000000	1,00000000	0,00000000		
0,64164558	0,35835442	0,00000000		0,98659077	0,01340923	0,00000000		0,35271256	0,64728744	0,00000000		0,00000000	0,42405319	0,57594681		0,00000000	0,98839752	0,01160248		0,56547231	0,43452769	0,00000000		0,00000000	0,94752548	0,05247452		0,32155477	0,67844523	0,00000000		0,09500954	0,90499046	0,00000000		1,00000000	0,00000000	0,00000000		0,00000000	0,73088939	0,26911061		0,00000000	0,61553258	0,38446742		1,00000000	0,00000000	0,00000000		0,00000000	1,00000000	0,00000000		
0,26623503	0,73376497	0,00000000		0,00000000	0,65124150	0,34875850		0,90326850	0,09673150	0,00000000		0,93115384	0,06884616	0,00000000		1,00000000	0,00000000	0,00000000		1,00000000	0,00000000	0,00000000		0,65744684	0,34255316	0,00000000		0,00000000	0,70803662	0,29196338		1,00000000	0,00000000	0,00000000		0,83810908	0,16189092	0,00000000		0,91614792	0,08385208	0,00000000		0,58098104	0,41901896	0,00000000		1,00000000	0,00000000	0,00000000		0,00000000	1,00000000	0,00000000		
1,00000000	0,00000000	0,00000000		0,00000000	0,65124150	0,34875850		0,85083460	0,14916540	0,00000000		0,20547808	0,79452192	0,00000000		1,00000000	0,00000000	0,00000000		0,56547231	0,43452769	0,00000000		0,33077937	0,66922063	0,00000000		0,09893993	0,90106007	0,00000000		0,00000000	0,78693624	0,21306376		1,00000000	0,00000000	0,00000000		0,18942992	0,81057008	0,00000000		0,00000000	0,47703775	0,52296225		0,88416629	0,11583371	0,00000000		0,00000000	1,00000000	0,00000000		
1,00000000	0,00000000	0,00000000		0,39807457	0,60192543	0,00000000		0,00000000	0,73216302	0,26783698		0,00000000	0,96728902	0,03271098		0,64490061	0,35509939	0,00000000		0,00000000	0,27300518	0,72699482		0,00000000	0,28077000	0,71923000		0,46996466	0,53003534	0,00000000		0,00000000	0,83137081	0,16862919		0,89720113	0,10279887	0,00000000		0,60018357	0,39981643	0,00000000		0,00000000	0,00000000	1,00000000		0,72483352	0,27516648	0,00000000		0,00000000	1,00000000	0,00000000		
1,00000000	0,00000000	0,00000000		0,65880960	0,34119040	0,00000000		0,00000000	0,00000000	1,00000000		0,00000000	0,00000000	1,00000000		0,00000000	0,54808336	0,45191664		0,00000000	0,00000000	1,00000000		0,00000000	0,00000000	1,00000000		0,00000000	0,45778230	0,54221770		0,00000000	0,78693624	0,21306376		0,00000000	0,86860666	0,13139334		0,18942992	0,81057008	0,00000000		0,00000000	0,00000000	1,00000000		1,00000000	0,00000000	0,00000000		0,00000000	1,00000000	0,00000000		
0,64164558	0,35835442	0,00000000		0,00000000	0,00000000	1,00000000		0,00000000	0,00000000	1,00000000		0,00000000	0,00000000	1,00000000		0,31446886	0,68553114	0,00000000		0,31357220	0,68642780	0,00000000		0,00000000	0,90942516	0,09057484		0,00000000	0,70803662	0,29196338		0,00000000	0,96467452	0,03532548		1,00000000	0,00000000	0,00000000		0,22102636	0,77897364	0,00000000		0,00000000	0,36931955	0,63068045		1,00000000	0,00000000	0,00000000		0,00000000	1,00000000	0,00000000		
0,00000000	0,96391948	0,03608052		0,00000000	0,00000000	1,00000000		0,51001426	0,48998574	0,00000000		0,00000000	0,64134752	0,35865248		1,00000000	0,00000000	0,00000000		0,00000000	0,72432001	0,27567999		0,00000000	0,41412110	0,58587890		0,61837456	0,38162544	0,00000000		0,00000000	0,63141524	0,36858476		1,00000000	0,00000000	0,00000000		0,82135862	0,17864138	0,00000000		0,00000000	0,40009618	0,59990382		1,00000000	0,00000000	0,00000000		0,00000000	1,00000000	0,00000000		
1,00000000	0,00000000	0,00000000		0,00000000	0,03202827	0,96797173		0,00000000	0,81633209	0,18366791		0,00000000	0,74999469	0,25000531		1,00000000	0,00000000	0,00000000		0,00000000	0,33747872	0,66252128		0,00000000	0,05216812	0,94783188		1,00000000	0,00000000	0,00000000		0,00000000	0,00000000	1,00000000		1,00000000	0,00000000	0,00000000		0,75816575	0,24183425	0,00000000		0,00000000	0,00000000	1,00000000		1,00000000	0,00000000	0,00000000		0,00000000	1,00000000	0,00000000		
1,00000000	0,00000000	0,00000000		0,57686430	0,42313570	0,00000000		0,40514646	0,59485354	0,00000000		0,00000000	0,74999469	0,25000531		1,00000000	0,00000000	0,00000000		0,00000000	0,75655678	0,24344322		0,00000000	0,41412110	0,58587890		0,09893993	0,90106007	0,00000000		0,45721600	0,54278400	0,00000000		1,00000000	0,00000000	0,00000000		0,41060496	0,58939504	0,00000000		0,00000000	0,12310652	0,87689348		1,00000000	0,00000000	0,00000000		0,00000000	1,00000000	0,00000000		
0,63091956	0,36908044	0,00000000		1,00000000	0,00000000	0,00000000		0,09054307	0,90945693	0,00000000		0,00000000	0,64134752	0,35865248		1,00000000	0,00000000	0,00000000		0,00000000	0,53089936	0,46910064		0,00000000	0,00000000	1,00000000		0,00000000	0,95829095	0,04170905		0,00000000	0,89802266	0,10197734		0,62537771	0,37462229	0,00000000		0,94774436	0,05225564	0,00000000		0,00000000	0,80019235	0,19980765		1,00000000	0,00000000	0,00000000		0,00000000	1,00000000	0,00000000		
1,00000000	0,00000000	0,00000000		0,59921302	0,40078698	0,00000000		0,00000000	0,00000000	1,00000000		0,00000000	0,00000000	1,00000000		0,86518844	0,13481156	0,00000000		0,40173724	0,59826276	0,00000000		0,00000000	0,80464930	0,19535070		0,00000000	0,00000000	1,00000000		0,00000000	0,90913130	0,09086870		0,99568788	0,00431212	0,00000000		0,06304418	0,93695582	0,00000000		0,26595611	0,73404389	0,00000000		1,00000000	0,00000000	0,00000000		0,00000000	1,00000000	0,00000000		
0,69527565	0,30472435	0,00000000		0,97169163	0,02830837	0,00000000		0,06432612	0,93567388	0,00000000		0,00000000	0,00000000	1,00000000		1,00000000	0,00000000	0,00000000		0,28838219	0,71161781	0,00000000		0,00000000	0,60462266	0,39537734		0,00000000	0,89572737	0,10427263		0,00000000	0,75361031	0,24638969		1,00000000	0,00000000	0,00000000		0,31581566	0,68418434	0,00000000		0,00000000	0,89252224	0,10747776		1,00000000	0,00000000	0,00000000		0,00000000	1,00000000	0,00000000		
1,00000000	0,00000000	0,00000000		0,00000000	0,03906478	0,96093522		0,00000000	0,84438845	0,15561155		0,00000000	0,53270035	0,46729965		1,00000000	0,00000000	0,00000000		0,43952226	0,56047774	0,00000000		0,23864239	0,76135761	0,00000000		0,00000000	0,77060020	0,22939980		0,45721600	0,54278400	0,00000000		1,00000000	0,00000000	0,00000000		0,63178001	0,36821999	0,00000000		0,13797723	0,86202277	0,00000000		0,84237409	0,15762591	0,00000000		0,00000000	1,00000000	0,00000000		
0,16970089	0,83029911	0,00000000		1,00000000	0,00000000	0,00000000		0,01189222	0,98810778	0,00000000		0,44737000	0,55263000	0,00000000		0,00000000	0,42799768	0,57200232		1,00000000	0,00000000	0,00000000		0,65744684	0,34255316	0,00000000		1,00000000	0,00000000	0,00000000		1,00000000	0,00000000	0,00000000		0,56234619	0,43765381	0,00000000		0,72656931	0,27343069	0,00000000		1,00000000	0,00000000	0,00000000		0,71177345	0,28822655	0,00000000		0,00000000	0,00000000	1,00000000		
0,14824886	0,85175114	0,00000000		0,00000000	0,96084811	0,03915189		0,00000000	0,78827574	0,21172426		0,00000000	0,96728902	0,03271098		0,20432494	0,79567506	0,00000000		1,00000000	0,00000000	0,00000000		0,68257511	0,31742489	0,00000000		1,00000000	0,00000000	0,00000000		1,00000000	0,00000000	0,00000000		0,05021511	0,94978489	0,00000000		0,78976218	0,21023782	0,00000000		1,00000000	0,00000000	0,00000000		0,97297472	0,02702528	0,00000000		0,00000000	0,00000000	1,00000000		
0,22333097	0,77666903	0,00000000		0,46512072	0,53487928	0,00000000		0,00000000	0,78827574	0,21172426		0,00000000	0,09811168	0,90188832		0,53475669	0,46524331	0,00000000		1,00000000	0,00000000	0,00000000		0,79146427	0,20853573	0,00000000		0,84098940	0,15901060	0,00000000		1,00000000	0,00000000	0,00000000		0,00000000	0,95202512	0,04797488		1,00000000	0,00000000	0,00000000		1,00000000	0,00000000	0,00000000		0,89461434	0,10538566	0,00000000		0,00000000	0,00000000	1,00000000		
0,34131714	0,65868286	0,00000000		0,00000000	0,56680333	0,43319667		0,00000000	0,90050117	0,09949883		0,00000000	0,64134752	0,35865248		0,09418103	0,90581897	0,00000000		0,94332248	0,05667752	0,00000000		0,69932729	0,30067271	0,00000000		1,00000000	0,00000000	0,00000000		1,00000000	0,00000000	0,00000000		0,20779390	0,79220610	0,00000000		0,66337644	0,33662356	0,00000000		1,00000000	0,00000000	0,00000000		0,79013383	0,20986617	0,00000000		0,00000000	0,00000000	1,00000000		
0,54511144	0,45488856	0,00000000		1,00000000	0,00000000	0,00000000		0,19541087	0,80458913	0,00000000		0,56831596	0,43168404	0,00000000		1,00000000	0,00000000	0,00000000		0,56547231	0,43452769	0,00000000		1,00000000	0,00000000	0,00000000		0,00000000	0,00000000	1,00000000		0,59652618	0,40347382	0,00000000		0,03051776	0,96948224	0,00000000		0,75816575	0,24183425	0,00000000		1,00000000	0,00000000	0,00000000		0,65953320	0,34046680	0,00000000		0,00000000	0,00000000	1,00000000		
0,44857730	0,55142270	0,00000000		0,35337714	0,64662286	0,00000000		0,32649561	0,67350439	0,00000000		0,32642404	0,67357596	0,00000000		0,75504452	0,24495548	0,00000000		1,00000000	0,00000000	0,00000000		1,00000000	0,00000000	0,00000000		0,00000000	0,00000000	1,00000000		1,00000000	0,00000000	0,00000000		0,00000000	0,56273898	0,43726102		0,82135862	0,17864138	0,00000000		1,00000000	0,00000000	0,00000000		0,54199263	0,45800737	0,00000000		0,00000000	0,00000000	1,00000000		
0,82398784	0,17601216	0,00000000		0,00000000	0,00000000	1,00000000		0,00000000	0,39548673	0,60451327		0,00000000	0,74999469	0,25000531		1,00000000	0,00000000	0,00000000		1,00000000	0,00000000	0,00000000		1,00000000	0,00000000	0,00000000		0,00000000	0,08240081	0,91759919		1,00000000	0,00000000	0,00000000		0,66083294	0,33916706	0,00000000		0,75816575	0,24183425	0,00000000		1,00000000	0,00000000	0,00000000		0,47669231	0,52330769	0,00000000		0,00000000	0,00000000	1,00000000		
0,52365941	0,47634059	0,00000000		0,00000000	0,00000000	1,00000000		0,00000000	0,11492316	0,88507684		0,00000000	0,00000000	1,00000000		0,64490061	0,35509939	0,00000000		0,82996743	0,17003257	0,00000000		1,00000000	0,00000000	0,00000000		0,00000000	0,00000000	1,00000000		0,80549145	0,19450855	0,00000000		0,20779390	0,79220610	0,00000000		0,53699070	0,46300930	0,00000000		1,00000000	0,00000000	0,00000000		1,00000000	0,00000000	0,00000000		0,00000000	0,00000000	1,00000000		
0,00000000	0,46446776	0,53553224		0,00000000	0,53865728	0,46134272		0,35271256	0,64728744	0,00000000		0,08453212	0,91546788	0,00000000		1,00000000	0,00000000	0,00000000		1,00000000	0,00000000	0,00000000		1,00000000	0,00000000	0,00000000		0,00000000	0,00000000	1,00000000		1,00000000	0,00000000	0,00000000		0,00000000	0,95202512	0,04797488		0,56858714	0,43141286	0,00000000		0,87631692	0,12368308	0,00000000		0,84237409	0,15762591	0,00000000		0,00000000	0,00000000	1,00000000		
0,19115292	0,80884708	0,00000000		0,00000000	0,98195766	0,01804234		0,00000000	0,19909223	0,80090777		0,00000000	0,09811168	0,90188832		0,36954082	0,63045918	0,00000000		0,16243214	0,83756786	0,00000000		1,00000000	0,00000000	0,00000000		0,00000000	0,08240081	0,91759919		1,00000000	0,00000000	0,00000000		0,23930966	0,76069034	0,00000000		0,31581566	0,68418434	0,00000000		0,55144745	0,44855255	0,00000000		0,81625396	0,18374604	0,00000000		0,00000000	0,00000000	1,00000000		
0,09461878	0,90538122	0,00000000		0,09264211	0,90735789	0,00000000		0,00000000	0,00000000	1,00000000		0,00000000	0,74999469	0,25000531		0,64490061	0,35509939	0,00000000		1,00000000	0,00000000	0,00000000		1,00000000	0,00000000	0,00000000		0,00000000	0,08240081	0,91759919		1,00000000	0,00000000	0,00000000		0,36537270	0,63462730	0,00000000		0,69497288	0,30502712	0,00000000		0,39393499	0,60606501	0,00000000		0,79013383	0,20986617	0,00000000		0,00000000	0,00000000	1,00000000		
0,00000000	0,61203304	0,38796696		0,27888142	0,72111858	0,00000000		0,00000000	0,92855752	0,07144248		0,00000000	0,96728902	0,03271098		1,00000000	0,00000000	0,00000000		1,00000000	0,00000000	0,00000000		1,00000000	0,00000000	0,00000000		0,09893993	0,90106007	0,00000000		1,00000000	0,00000000	0,00000000		0,00000000	0,97983127	0,02016873		0,91614792	0,08385208	0,00000000		0,23642252	0,76357748	0,00000000		0,31997155	0,68002845	0,00000000		0,00000000	0,00000000	1,00000000		
0,00000000	0,43041424	0,56958576		0,00000000	0,83419086	0,16580914		0,00000000	0,00000000	1,00000000		0,00000000	0,20675885	0,79324115		0,58982865	0,41017135	0,00000000		1,00000000	0,00000000	0,00000000		1,00000000	0,00000000	0,00000000		0,00000000	0,27009156	0,72990844		1,00000000	0,00000000	0,00000000		0,46385945	0,53614055	0,00000000		0,31581566	0,68418434	0,00000000		0,64004822	0,35995178	0,00000000		0,99909485	0,00090515	0,00000000		0,00000000	0,00000000	1,00000000		
0,00000000	0,31690248	0,68309752		0,00000000	0,00000000	1,00000000		0,00000000	0,92855752	0,07144248		0,00000000	0,96728902	0,03271098		0,86518844	0,13481156	0,00000000		0,56547231	0,43452769	0,00000000		1,00000000	0,00000000	0,00000000		0,00000000	0,45778230	0,54221770		0,91693959	0,08306041	0,00000000		0,44416210	0,55583790	0,00000000		0,25262279	0,74737721	0,00000000		0,64989274	0,35010726	0,00000000		0,92073447	0,07926553	0,00000000		0,00000000	0,00000000	1,00000000		
0,82398784	0,17601216	0,00000000		0,00000000	0,33459837	0,66540163		0,32649561	0,67350439	0,00000000		0,32642404	0,67357596	0,00000000		0,00000000	0,82828328	0,17171672		1,00000000	0,00000000	0,00000000		1,00000000	0,00000000	0,00000000		0,69257951	0,30742049	0,00000000		0,74976738	0,25023262	0,00000000		0,00000000	0,25409069	0,74590931		1,00000000	0,00000000	0,00000000		0,69911539	0,30088461	0,00000000		0,12407060	0,87592940	0,00000000		0,00000000	0,00000000	1,00000000		
0,00000000	0,83905655	0,16094345		0,00000000	0,55273030	0,44726970		0,45758036	0,54241964	0,00000000		0,00000000	0,74999469	0,25000531		0,31446886	0,68553114	0,00000000		1,00000000	0,00000000	0,00000000		1,00000000	0,00000000	0,00000000		0,00000000	0,70803662	0,29196338		0,52687109	0,47312891	0,00000000		0,60174089	0,39825911	0,00000000		1,00000000	0,00000000	0,00000000		1,00000000	0,00000000	0,00000000		0,18937092	0,81062908	0,00000000		0,00000000	0,00000000	1,00000000		
0,00000000	0,02177193	0,97822807		0,00000000	0,00000000	1,00000000		0,24784477	0,75215523	0,00000000		0,00000000	0,96728902	0,03271098		1,00000000	0,00000000	0,00000000		1,00000000	0,00000000	0,00000000		1,00000000	0,00000000	0,00000000		0,00000000	0,89572737	0,10427263		1,00000000	0,00000000	0,00000000		0,24718860	0,75281140	0,00000000		1,00000000	0,00000000	0,00000000		1,00000000	0,00000000	0,00000000		1,00000000	0,00000000	0,00000000		0,00000000	0,00000000	1,00000000		
0,15897487	0,84102513	0,00000000		0,00000000	0,00000000	1,00000000		0,00000000	0,56382488	0,43617512		0,00000000	0,64134752	0,35865248		1,00000000	0,00000000	0,00000000		0,94332248	0,05667752	0,00000000		1,00000000	0,00000000	0,00000000		0,00000000	0,45778230	0,54221770		1,00000000	0,00000000	0,00000000		0,00000000	0,40980515	0,59019485		1,00000000	0,00000000	0,00000000		0,83693880	0,16306120	0,00000000		0,72483352	0,27516648	0,00000000		0,00000000	0,00000000	1,00000000		
0,00000000	0,65743774	0,34256226		0,00000000	0,78493527	0,21506473		0,00000000	0,84438845	0,15561155		0,00000000	0,64134752	0,35865248		0,86518844	0,13481156	0,00000000		0,65363735	0,34636265	0,00000000		1,00000000	0,00000000	0,00000000		0,00000000	0,58290946	0,41709054		0,59652618	0,40347382	0,00000000		0,00000000	0,19569777	0,80430223		1,00000000	0,00000000	0,00000000		1,00000000	0,00000000	0,00000000		0,65953320	0,34046680	0,00000000		0,00000000	0,00000000	1,00000000		
0,00000000	0,92986595	0,07013405		0,00000000	0,32052534	0,67947466		0,00000000	0,90050117	0,09949883		0,00000000	0,64134752	0,35865248		0,00000000	0,78825472	0,21174528		1,00000000	0,00000000	0,00000000		0,54018160	0,45981840	0,00000000		0,32155477	0,67844523	0,00000000		0,74976738	0,25023262	0,00000000		0,00000000	0,00000000	1,00000000		1,00000000	0,00000000	0,00000000		1,00000000	0,00000000	0,00000000		0,92073447	0,07926553	0,00000000		0,00000000	0,00000000	1,00000000		
0,00000000	0,45311659	0,54688341		0,00000000	0,86937343	0,13062657		0,00000000	0,17103587	0,82896413		0,00000000	0,09811168	0,90188832		0,00000000	0,38796912	0,61203088		1,00000000	0,00000000	0,00000000		0,38941199	0,61058801	0,00000000		1,00000000	0,00000000	0,00000000		0,59652618	0,40347382	0,00000000		0,00000000	0,14564670	0,85435330		1,00000000	0,00000000	0,00000000		1,00000000	0,00000000	0,00000000		1,00000000	0,00000000	0,00000000		0,00000000	0,00000000	1,00000000		
0,24478300	0,75521700	0,00000000		0,19693612	0,80306388	0,00000000		0,00000000	0,56382488	0,43617512		0,00000000	0,53270035	0,46729965		0,00000000	0,82828328	0,17171672		1,00000000	0,00000000	0,00000000		0,56530986	0,43469014	0,00000000		1,00000000	0,00000000	0,00000000		0,58259516	0,41740484	0,00000000		0,00000000	0,00000000	1,00000000		1,00000000	0,00000000	0,00000000		1,00000000	0,00000000	0,00000000		1,00000000	0,00000000	0,00000000		0,00000000	0,00000000	1,00000000		
0,00000000	0,89581243	0,10418757		0,77055318	0,22944682	0,00000000		0,00000000	0,00000000	1,00000000		0,00000000	0,00000000	1,00000000		0,00000000	0,66816904	0,33183096		0,31357220	0,68642780	0,00000000		0,63231857	0,36768143	0,00000000		0,91519435	0,08480565	0,00000000		0,16466463	0,83533537	0,00000000		0,00000000	0,56273898	0,43726102		1,00000000	0,00000000	0,00000000		1,00000000	0,00000000	0,00000000		1,00000000	0,00000000	0,00000000		0,00000000	0,00000000	1,00000000		
0,00000000	0,75959832	0,24040168		0,00000000	0,74271618	0,25728382		0,11676002	0,88323998	0,00000000		0,32642404	0,67357596	0,00000000		0,53475669	0,46524331	0,00000000		0,81737242	0,18262758	0,00000000		1,00000000	0,00000000	0,00000000		0,00000000	0,00000000	1,00000000		0,00000000	0,78693624	0,21306376		0,00000000	0,00000000	1,00000000		1,00000000	0,00000000	0,00000000		1,00000000	0,00000000	0,00000000		0,59423288	0,40576712	0,00000000		0,00000000	0,00000000	1,00000000		
0,47002933	0,52997067	0,00000000		1,00000000	0,00000000	0,00000000		0,58866511	0,41133489	0,00000000		0,00000000	0,96728902	0,03271098		0,25939690	0,74060310	0,00000000		1,00000000	0,00000000	0,00000000		1,00000000	0,00000000	0,00000000		0,00000000	0,08240081	0,91759919		0,38756092	0,61243908	0,00000000		0,00000000	0,42370822	0,57629178		1,00000000	0,00000000	0,00000000		1,00000000	0,00000000	0,00000000		0,68565333	0,31434667	0,00000000		0,00000000	0,00000000	1,00000000		
0,00000000	0,82770537	0,17229463		0,00000000	0,00000000	1,00000000		0,01189222	0,98810778	0,00000000		0,00000000	0,53270035	0,46729965		0,81011648	0,18988352	0,00000000		0,89294245	0,10705755	0,00000000		1,00000000	0,00000000	0,00000000		0,00000000	0,00000000	1,00000000		0,17859565	0,82140435	0,00000000		0,00000000	0,34028977	0,65971023		1,00000000	0,00000000	0,00000000		1,00000000	0,00000000	0,00000000		0,46363225	0,53636775	0,00000000		0,00000000	0,00000000	1,00000000		
0,00000000	0,06717663	0,93282337		0,00000000	0,16572204	0,83427796		0,00000000	0,84438845	0,15561155		0,08453212	0,91546788	0,00000000		1,00000000	0,00000000	0,00000000		0,81737242	0,18262758	0,00000000		1,00000000	0,00000000	0,00000000		0,00000000	0,39521872	0,60478128		0,16466463	0,83533537	0,00000000		0,00000000	0,03164147	0,96835853		1,00000000	0,00000000	0,00000000		1,00000000	0,00000000	0,00000000		1,00000000	0,00000000	0,00000000		0,00000000	0,00000000	1,00000000		
0,60946753	0,39053247	0,00000000		0,00000000	0,93270206	0,06729794		0,00000000	0,11492316	0,88507684		0,00000000	0,00000000	1,00000000		0,58982865	0,41017135	0,00000000		0,69142237	0,30857763	0,00000000		1,00000000	0,00000000	0,00000000		0,00000000	0,00000000	1,00000000		0,74976738	0,25023262	0,00000000		0,00000000	0,45151438	0,54848562		1,00000000	0,00000000	0,00000000		0,96491768	0,03508232	0,00000000		0,05877029	0,94122971	0,00000000		0,00000000	0,00000000	1,00000000		
0,00000000	0,00000000	1,00000000		0,93444377	0,06555623	0,00000000		0,00000000	0,00000000	1,00000000		0,00000000	0,00000000	1,00000000		0,53475669	0,46524331	0,00000000		0,00000000	0,43418904	0,56581096		0,60719031	0,39280969	0,00000000		0,00000000	0,08240081	0,91759919		0,00000000	0,00000000	1,00000000		0,00000000	0,00000000	1,00000000		1,00000000	0,00000000	0,00000000		0,73849351	0,26150649	0,00000000		0,63341307	0,36658693	0,00000000		0,00000000	0,00000000	1,00000000		
0,00000000	0,47581894	0,52418106		0,94189334	0,05810666	0,00000000		0,00000000	0,11492316	0,88507684		0,00000000	0,42405319	0,57594681		1,00000000	0,00000000	0,00000000		0,00000000	0,75655678	0,24344322		0,78308818	0,21691182	0,00000000		0,00000000	0,14496439	0,85503561		0,00000000	0,32037325	0,67962675		0,00000000	0,00000000	1,00000000		1,00000000	0,00000000	0,00000000		0,91569503	0,08430497	0,00000000		0,73789358	0,26210642	0,00000000		0,00000000	0,00000000	1,00000000		
0,70600167	0,29399833	0,00000000		0,00000000	0,36978094	0,63021906		0,00000000	0,84438845	0,15561155		0,00000000	0,74999469	0,25000531		1,00000000	0,00000000	0,00000000		0,18762215	0,81237785	0,00000000		0,93385778	0,06614222	0,00000000		0,00000000	0,27009156	0,72990844		0,88907756	0,11092244	0,00000000		0,00000000	0,40980515	0,59019485		1,00000000	0,00000000	0,00000000		1,00000000	0,00000000	0,00000000		0,99909485	0,00090515	0,00000000		0,00000000	0,00000000	1,00000000		
0,00000000	0,23744426	0,76255574		0,00000000	0,77086224	0,22913776		0,00000000	0,39548673	0,60451327		0,00000000	0,96728902	0,03271098		0,03910907	0,96089093	0,00000000		0,77958740	0,22041260	0,00000000		1,00000000	0,00000000	0,00000000		0,00000000	0,27009156	0,72990844		1,00000000	0,00000000	0,00000000		0,00000000	0,90197404	0,09802596		0,09464062	0,90535938	0,00000000		0,87631692	0,12368308	0,00000000		0,58117282	0,41882718	0,00000000		0,00000000	0,00000000	1,00000000		
0,18042691	0,81957309	0,00000000		0,00000000	0,76382572	0,23617428		0,00000000	0,28326130	0,71673870		0,00000000	0,53270035	0,46729965		0,09418103	0,90581897	0,00000000		1,00000000	0,00000000	0,00000000		1,00000000	0,00000000	0,00000000		0,00000000	0,00000000	1,00000000		1,00000000	0,00000000	0,00000000		0,00000000	0,98539250	0,01460750		0,37900853	0,62099147	0,00000000		0,59082557	0,40917443	0,00000000		0,86849421	0,13150579	0,00000000		0,00000000	0,00000000	1,00000000		
0,06244073	0,93755927	0,00000000		0,00000000	0,63716847	0,36283153		0,00000000	0,92855752	0,07144248		0,32642404	0,67357596	0,00000000		0,09418103	0,90581897	0,00000000		1,00000000	0,00000000	0,00000000		1,00000000	0,00000000	0,00000000		0,00000000	0,89572737	0,10427263		1,00000000	0,00000000	0,00000000		0,09748875	0,90251125	0,00000000		0,97934079	0,02065921	0,00000000		0,94522862	0,05477138	0,00000000		0,59423288	0,40576712	0,00000000		0,00000000	0,00000000	1,00000000		
0,00000000	0,13528368	0,86471632		0,12988998	0,87011002	0,00000000		0,06432612	0,93567388	0,00000000		0,00000000	0,53270035	0,46729965		0,97533235	0,02466765	0,00000000		1,00000000	0,00000000	0,00000000		1,00000000	0,00000000	0,00000000		0,00000000	0,83316378	0,16683622		0,90300857	0,09699143	0,00000000		0,00000000	0,00000000	1,00000000		0,91614792	0,08385208	0,00000000		1,00000000	0,00000000	0,00000000		0,75095364	0,24904636	0,00000000		0,00000000	0,00000000	1,00000000		
0,00000000	0,19203956	0,80796044		0,00000000	0,00000000	1,00000000		0,16919392	0,83080608	0,00000000		0,00000000	0,42405319	0,57594681		1,00000000	0,00000000	0,00000000		1,00000000	0,00000000	0,00000000		1,00000000	0,00000000	0,00000000		0,00000000	0,14496439	0,85503561		0,73583636	0,26416364	0,00000000		0,00000000	0,69620852	0,30379148		0,66337644	0,33662356	0,00000000		0,94522862	0,05477138	0,00000000		0,99909485	0,00090515	0,00000000		0,00000000	0,00000000	1,00000000		
0,00000000	0,50987247	0,49012753		0,00000000	0,46125562	0,53874438		0,00000000	0,22714859	0,77285141		0,00000000	0,31540602	0,68459398		0,00000000	0,86831184	0,13168816		0,94332248	0,05667752	0,00000000		0,93385778	0,06614222	0,00000000		0,00000000	0,70803662	0,29196338		0,30397481	0,69602519	0,00000000		0,00000000	0,00000000	1,00000000		0,44220140	0,55779860	0,00000000		1,00000000	0,00000000	0,00000000		0,54199263	0,45800737	0,00000000		0,00000000	0,00000000	1,00000000		
0,21260495	0,78739505	0,00000000		0,00000000	0,69346058	0,30653942		0,06432612	0,93567388	0,00000000		0,08453212	0,91546788	0,00000000		1,00000000	0,00000000	0,00000000		1,00000000	0,00000000	0,00000000		1,00000000	0,00000000	0,00000000		0,00000000	0,89572737	0,10427263		0,98659468	0,01340532	0,00000000		0,00000000	0,00000000	1,00000000		0,85295505	0,14704495	0,00000000		0,94522862	0,05477138	0,00000000		0,56811276	0,43188724	0,00000000		0,00000000	0,00000000	1,00000000		
0,00000000	0,36230719	0,63769281		0,26398227	0,73601773	0,00000000		0,00000000	0,00000000	1,00000000		0,00000000	0,00000000	1,00000000		0,14925299	0,85074701	0,00000000		1,00000000	0,00000000	0,00000000		1,00000000	0,00000000	0,00000000		0,00000000	0,95829095	0,04170905		0,19252667	0,80747333	0,00000000		0,00000000	0,12896301	0,87103699		0,78976218	0,21023782	0,00000000		0,89600597	0,10399403	0,00000000		0,39833193	0,60166807	0,00000000		0,00000000	0,00000000	1,00000000		
0,00000000	0,56662834	0,43337166		0,00000000	0,00000000	1,00000000		0,00000000	0,00000000	1,00000000		0,00000000	0,00000000	1,00000000		0,00000000	0,82828328	0,17171672		0,59066232	0,40933768	0,00000000		0,90035342	0,09964658	0,00000000		0,84098940	0,15901060	0,00000000		0,79156043	0,20843957	0,00000000		0,00000000	0,17345285	0,82654715		1,00000000	0,00000000	0,00000000		0,77787162	0,22212838	0,00000000		0,71177345	0,28822655	0,00000000		0,00000000	0,00000000	1,00000000		
0,87761792	0,12238208	0,00000000		0,00000000	0,93270206	0,06729794		0,01189222	0,98810778	0,00000000		0,20547808	0,79452192	0,00000000		0,64490061	0,35509939	0,00000000		1,00000000	0,00000000	0,00000000		1,00000000	0,00000000	0,00000000		0,00000000	0,89572737	0,10427263		1,00000000	0,00000000	0,00000000		0,01082041	0,98917959	0,00000000		1,00000000	0,00000000	0,00000000		0,86647239	0,13352761	0,00000000		1,00000000	0,00000000	0,00000000		0,00000000	0,00000000	1,00000000		
0,26623503	0,73376497	0,00000000		0,40552414	0,59447586	0,00000000		0,11676002	0,88323998	0,00000000		0,08453212	0,91546788	0,00000000		1,00000000	0,00000000	0,00000000		1,00000000	0,00000000	0,00000000		1,00000000	0,00000000	0,00000000		0,00000000	0,39521872	0,60478128		1,00000000	0,00000000	0,00000000		0,00000000	0,00000000	1,00000000		1,00000000	0,00000000	0,00000000		1,00000000	0,00000000	0,00000000		1,00000000	0,00000000	0,00000000		0,00000000	0,00000000	1,00000000		
0,00000000	0,00000000	1,00000000		0,31612928	0,68387072	0,00000000		0,00000000	0,56382488	0,43617512		0,00000000	0,96728902	0,03271098		0,92026039	0,07973961	0,00000000		0,96851249	0,03148751	0,00000000		1,00000000	0,00000000	0,00000000		0,00000000	0,64547304	0,35452696		0,61045720	0,38954280	0,00000000		0,00000000	0,00000000	1,00000000		1,00000000	0,00000000	0,00000000		0,98460674	0,01539326	0,00000000		0,63341307	0,36658693	0,00000000		0,00000000	0,00000000	1,00000000		
0,00000000	0,21474191	0,78525809		0,00000000	0,00000000	1,00000000		0,00000000	0,64799395	0,35200605		0,00000000	0,85864186	0,14135814		0,69997256	0,30002744	0,00000000		0,96851249	0,03148751	0,00000000		1,00000000	0,00000000	0,00000000		0,00000000	0,14496439	0,85503561		0,86121552	0,13878448	0,00000000		0,00000000	0,39590207	0,60409793		1,00000000	0,00000000	0,00000000		0,95507315	0,04492685	0,00000000		0,42445206	0,57554794	0,00000000		0,00000000	0,00000000	1,00000000		
0,00000000	0,56662834	0,43337166		0,00000000	0,31348883	0,68651117		0,00000000	0,56382488	0,43617512		0,00000000	0,31540602	0,68459398		0,31446886	0,68553114	0,00000000		0,81737242	0,18262758	0,00000000		1,00000000	0,00000000	0,00000000		0,00000000	0,70803662	0,29196338		0,37362990	0,62637010	0,00000000		0,00000000	0,50712668	0,49287332		0,91614792	0,08385208	0,00000000		1,00000000	0,00000000	0,00000000		0,39833193	0,60166807	0,00000000		0,00000000	0,00000000	1,00000000		
0,00000000	0,71419362	0,28580638		0,00000000	0,05313781	0,94686219		0,16919392	0,83080608	0,00000000		0,00000000	0,96728902	0,03271098		0,00000000	0,50805480	0,49194520		1,00000000	0,00000000	0,00000000		1,00000000	0,00000000	0,00000000		0,00000000	0,70803662	0,29196338		0,45721600	0,54278400	0,00000000		0,00000000	0,00000000	1,00000000		1,00000000	0,00000000	0,00000000		1,00000000	0,00000000	0,00000000		0,17631086	0,82368914	0,00000000		0,00000000	0,00000000	1,00000000		
0,00000000	0,82770537	0,17229463		0,25653270	0,74346730	0,00000000		0,00000000	0,87244481	0,12755519		0,00000000	0,96728902	0,03271098		0,00000000	0,50805480	0,49194520		1,00000000	0,00000000	0,00000000		1,00000000	0,00000000	0,00000000		0,00000000	0,08240081	0,91759919		0,30397481	0,69602519	0,00000000		0,00000000	0,00000000	1,00000000		1,00000000	0,00000000	0,00000000		1,00000000	0,00000000	0,00000000		0,16325079	0,83674921	0,00000000		0,00000000	0,00000000	1,00000000		
0,00000000	0,00000000	1,00000000		0,00000000	0,17979506	0,82020494		0,00000000	0,00000000	1,00000000		0,00000000	0,00000000	1,00000000		0,64490061	0,35509939	0,00000000		0,50249729	0,49750271	0,00000000		1,00000000	0,00000000	0,00000000		0,00000000	0,00000000	1,00000000		0,45721600	0,54278400	0,00000000		0,00000000	0,00000000	1,00000000		1,00000000	0,00000000	0,00000000		1,00000000	0,00000000	0,00000000		0,89461434	0,10538566	0,00000000		0,00000000	0,00000000	1,00000000		

