Total Entropy of dimension on intervals
Dimension:  	0, Interval: 	1, Total Entropy = 	99999999999
Dimension:  	0, Interval: 	2, Total Entropy = 	1,69497918525181
Dimension:  	0, Interval: 	3, Total Entropy = 	1,36554993481149
Dimension:  	0, Interval: 	4, Total Entropy = 	1,25448379824917
Dimension:  	0, Interval: 	5, Total Entropy = 	1,26847038176144

Dimension:  	1, Interval: 	1, Total Entropy = 	99999999999
Dimension:  	1, Interval: 	2, Total Entropy = 	1,46832103652815
Dimension:  	1, Interval: 	3, Total Entropy = 	1,18630271515486
Dimension:  	1, Interval: 	4, Total Entropy = 	1,25959722198436

Dimension:  	2, Interval: 	1, Total Entropy = 	99999999999
Dimension:  	2, Interval: 	2, Total Entropy = 	2,71443999725421
Dimension:  	2, Interval: 	3, Total Entropy = 	3,14651322044723

Dimension:  	3, Interval: 	1, Total Entropy = 	99999999999
Dimension:  	3, Interval: 	2, Total Entropy = 	1,70791270638958
Dimension:  	3, Interval: 	3, Total Entropy = 	1,80247340005613

Dimension:  	4, Interval: 	1, Total Entropy = 	99999999999
Dimension:  	4, Interval: 	2, Total Entropy = 	1,86270774513033
Dimension:  	4, Interval: 	3, Total Entropy = 	1,85515997450148
Dimension:  	4, Interval: 	4, Total Entropy = 	1,79752231604928
Dimension:  	4, Interval: 	5, Total Entropy = 	1,76139169454753
Dimension:  	4, Interval: 	6, Total Entropy = 	1,64196793524314
Dimension:  	4, Interval: 	7, Total Entropy = 	1,57451196845083
Dimension:  	4, Interval: 	8, Total Entropy = 	1,59263676066119

Dimension:  	5, Interval: 	1, Total Entropy = 	99999999999
Dimension:  	5, Interval: 	2, Total Entropy = 	2,8462545671293
Dimension:  	5, Interval: 	3, Total Entropy = 	3,21767413461774

Dimension:  	6, Interval: 	1, Total Entropy = 	99999999999
Dimension:  	6, Interval: 	2, Total Entropy = 	1,60508357834528
Dimension:  	6, Interval: 	3, Total Entropy = 	2,08043889157474



Intervals: 
4	3	2	2	7	2	2	3	
Centers
Dimension: 1
0,1194
0,3404
0,5424
0,8084
		Dimension: 2
0,1858
0,4623
0,8097
		Dimension: 3
0,3538
0,7098
		Dimension: 4
0,2467
0,6942
		Dimension: 5
0,0678
0,1973
0,3508
0,5002
0,6280
0,7943
0,9187
		Dimension: 6
0,2375
0,5595
		Dimension: 7
0,2856
0,7487
		
Number of classes: 
Dimension 0
0 = 62
1 = 50
2 = 42
3 = 42
4 = 14

Dimension 1
0 = 69
1 = 51
2 = 39
3 = 51

Dimension 2
0 = 39
1 = 90
2 = 81

Dimension 3
0 = 101
1 = 57
2 = 52

Dimension 4
0 = 23
1 = 28
2 = 27
3 = 40
4 = 37
5 = 21
6 = 26
7 = 8

Dimension 5
0 = 84
1 = 88
2 = 38

Dimension 6
0 = 72
1 = 71
2 = 67

*****************************************RESULTS***************************************************************
0,0000	0,5022	0,4978	0,0000		sum(1,0000)		0,0000	0,8856	0,1144		sum(1,0000)		0,3904	0,6096		sum(1,0000)		0,4642	0,5358		sum(1,0000)		0,0000	0,0000	0,0942	0,9058	0,0000	0,0000	0,0000		sum(1,0000)		1,0000	0,0000		sum(1,0000)		0,8714	0,1286		sum(1,0000)		1,0000	0,0000	0,0000		sum(1,0000)		
0,0000	0,6798	0,3202	0,0000		sum(1,0000)		0,0580	0,9420	0,0000		sum(1,0000)		0,1330	0,8670		sum(1,0000)		0,7271	0,2729		sum(1,0000)		0,0000	0,0000	0,0000	0,9931	0,0069	0,0000	0,0000		sum(1,0000)		1,0000	0,0000		sum(1,0000)		1,0000	0,0000		sum(1,0000)		1,0000	0,0000	0,0000		sum(1,0000)		
0,0000	0,9557	0,0443	0,0000		sum(1,0000)		0,4167	0,5833	0,0000		sum(1,0000)		0,0000	1,0000		sum(1,0000)		1,0000	0,0000		sum(1,0000)		0,0000	0,0000	0,0000	0,9708	0,0292	0,0000	0,0000		sum(1,0000)		0,9567	0,0433		sum(1,0000)		1,0000	0,0000		sum(1,0000)		1,0000	0,0000	0,0000		sum(1,0000)		
0,1517	0,8483	0,0000	0,0000		sum(1,0000)		0,5288	0,4712	0,0000		sum(1,0000)		0,0000	1,0000		sum(1,0000)		1,0000	0,0000		sum(1,0000)		0,0000	0,0000	0,0000	0,7365	0,2635	0,0000	0,0000		sum(1,0000)		1,0000	0,0000		sum(1,0000)		1,0000	0,0000		sum(1,0000)		1,0000	0,0000	0,0000		sum(1,0000)		
0,0000	0,0908	0,9092	0,0000		sum(1,0000)		0,0000	0,7964	0,2036		sum(1,0000)		0,0000	1,0000		sum(1,0000)		0,5963	0,4037		sum(1,0000)		0,0000	0,0000	0,0000	0,0000	0,7816	0,2184	0,0000		sum(1,0000)		1,0000	0,0000		sum(1,0000)		0,9192	0,0808		sum(1,0000)		1,0000	0,0000	0,0000		sum(1,0000)		
0,0000	0,9136	0,0864	0,0000		sum(1,0000)		0,3270	0,6730	0,0000		sum(1,0000)		0,0000	1,0000		sum(1,0000)		0,9385	0,0615		sum(1,0000)		0,0000	0,0000	0,0942	0,9058	0,0000	0,0000	0,0000		sum(1,0000)		1,0000	0,0000		sum(1,0000)		1,0000	0,0000		sum(1,0000)		1,0000	0,0000	0,0000		sum(1,0000)		
0,0000	0,7687	0,2313	0,0000		sum(1,0000)		0,1178	0,8822	0,0000		sum(1,0000)		0,1636	0,8364		sum(1,0000)		0,7158	0,2842		sum(1,0000)		0,0000	0,0000	0,3470	0,6530	0,0000	0,0000	0,0000		sum(1,0000)		0,5985	0,4015		sum(1,0000)		0,8724	0,1276		sum(1,0000)		1,0000	0,0000	0,0000		sum(1,0000)		
0,0364	0,9636	0,0000	0,0000		sum(1,0000)		0,4092	0,5908	0,0000		sum(1,0000)		0,0000	1,0000		sum(1,0000)		0,8957	0,1043		sum(1,0000)		0,0000	0,0000	0,1419	0,8581	0,0000	0,0000	0,0000		sum(1,0000)		0,9563	0,0437		sum(1,0000)		1,0000	0,0000		sum(1,0000)		1,0000	0,0000	0,0000		sum(1,0000)		
0,0000	0,0000	0,8950	0,1050		sum(1,0000)		0,0000	0,5169	0,4831		sum(1,0000)		0,2961	0,7039		sum(1,0000)		0,0993	0,9007		sum(1,0000)		0,0000	0,0000	0,0000	0,2568	0,7432	0,0000	0,0000		sum(1,0000)		1,0000	0,0000		sum(1,0000)		0,1729	0,8271		sum(1,0000)		1,0000	0,0000	0,0000		sum(1,0000)		
0,0000	0,0000	0,9624	0,0376		sum(1,0000)		0,0000	0,6418	0,3582		sum(1,0000)		0,0000	1,0000		sum(1,0000)		0,3119	0,6881		sum(1,0000)		0,0000	0,0000	0,0000	0,0337	0,9663	0,0000	0,0000		sum(1,0000)		1,0000	0,0000		sum(1,0000)		0,5386	0,4614		sum(1,0000)		1,0000	0,0000	0,0000		sum(1,0000)		
0,0000	0,5022	0,4978	0,0000		sum(1,0000)		0,0000	0,8796	0,1204		sum(1,0000)		0,4261	0,5739		sum(1,0000)		0,5258	0,4742		sum(1,0000)		0,0000	0,0000	0,4281	0,5719	0,0000	0,0000	0,0000		sum(1,0000)		0,2121	0,7879		sum(1,0000)		0,7714	0,2286		sum(1,0000)		1,0000	0,0000	0,0000		sum(1,0000)		
0,0706	0,9294	0,0000	0,0000		sum(1,0000)		0,3644	0,6356	0,0000		sum(1,0000)		0,1712	0,8288		sum(1,0000)		0,8730	0,1270		sum(1,0000)		0,0000	0,0000	0,6237	0,3763	0,0000	0,0000	0,0000		sum(1,0000)		1,0000	0,0000		sum(1,0000)		1,0000	0,0000		sum(1,0000)		1,0000	0,0000	0,0000		sum(1,0000)		
0,1304	0,8696	0,0000	0,0000		sum(1,0000)		0,4690	0,5310	0,0000		sum(1,0000)		0,0000	1,0000		sum(1,0000)		0,8718	0,1282		sum(1,0000)		0,0000	0,0000	0,6332	0,3668	0,0000	0,0000	0,0000		sum(1,0000)		0,4370	0,5630		sum(1,0000)		1,0000	0,0000		sum(1,0000)		1,0000	0,0000	0,0000		sum(1,0000)		
0,1774	0,8226	0,0000	0,0000		sum(1,0000)		0,4391	0,5609	0,0000		sum(1,0000)		0,2655	0,7345		sum(1,0000)		0,8215	0,1785		sum(1,0000)		0,0000	0,0000	0,8383	0,1617	0,0000	0,0000	0,0000		sum(1,0000)		0,7802	0,2198		sum(1,0000)		1,0000	0,0000		sum(1,0000)		1,0000	0,0000	0,0000		sum(1,0000)		
0,1945	0,8055	0,0000	0,0000		sum(1,0000)		0,4466	0,5534	0,0000		sum(1,0000)		0,3038	0,6962		sum(1,0000)		0,8177	0,1823		sum(1,0000)		0,0000	0,0377	0,9623	0,0000	0,0000	0,0000	0,0000		sum(1,0000)		0,8626	0,1374		sum(1,0000)		1,0000	0,0000		sum(1,0000)		1,0000	0,0000	0,0000		sum(1,0000)		
0,0000	0,8154	0,1846	0,0000		sum(1,0000)		0,2747	0,7253	0,0000		sum(1,0000)		0,0000	1,0000		sum(1,0000)		0,9825	0,0175		sum(1,0000)		0,0000	0,0000	0,0000	0,9931	0,0069	0,0000	0,0000		sum(1,0000)		0,3566	0,6434		sum(1,0000)		1,0000	0,0000		sum(1,0000)		1,0000	0,0000	0,0000		sum(1,0000)		
0,0877	0,9123	0,0000	0,0000		sum(1,0000)		0,6110	0,3890	0,0000		sum(1,0000)		0,0000	1,0000		sum(1,0000)		1,0000	0,0000		sum(1,0000)		0,0000	0,0000	0,0000	0,7142	0,2858	0,0000	0,0000		sum(1,0000)		0,0000	1,0000		sum(1,0000)		1,0000	0,0000		sum(1,0000)		1,0000	0,0000	0,0000		sum(1,0000)		
0,0000	0,3012	0,6988	0,0000		sum(1,0000)		0,0000	0,9391	0,0609		sum(1,0000)		0,0000	1,0000		sum(1,0000)		0,7611	0,2389		sum(1,0000)		0,0000	0,0000	0,0000	0,0000	0,9873	0,0127	0,0000		sum(1,0000)		1,0000	0,0000		sum(1,0000)		1,0000	0,0000		sum(1,0000)		1,0000	0,0000	0,0000		sum(1,0000)		
0,0000	0,7640	0,2360	0,0000		sum(1,0000)		0,3270	0,6730	0,0000		sum(1,0000)		0,0000	1,0000		sum(1,0000)		1,0000	0,0000		sum(1,0000)		0,0000	0,0000	0,0000	0,2512	0,7488	0,0000	0,0000		sum(1,0000)		1,0000	0,0000		sum(1,0000)		1,0000	0,0000		sum(1,0000)		1,0000	0,0000	0,0000		sum(1,0000)		
0,6302	0,3698	0,0000	0,0000		sum(1,0000)		0,8053	0,1947	0,0000		sum(1,0000)		0,4516	0,5484		sum(1,0000)		1,0000	0,0000		sum(1,0000)		0,0000	0,3396	0,6604	0,0000	0,0000	0,0000	0,0000		sum(1,0000)		0,3901	0,6099		sum(1,0000)		1,0000	0,0000		sum(1,0000)		1,0000	0,0000	0,0000		sum(1,0000)		
0,0150	0,9850	0,0000	0,0000		sum(1,0000)		0,1850	0,8150	0,0000		sum(1,0000)		0,7116	0,2884		sum(1,0000)		0,5963	0,4037		sum(1,0000)		0,0000	0,0000	0,9671	0,0329	0,0000	0,0000	0,0000		sum(1,0000)		0,8060	0,1940		sum(1,0000)		0,9181	0,0819		sum(1,0000)		1,0000	0,0000	0,0000		sum(1,0000)		
0,0364	0,9636	0,0000	0,0000		sum(1,0000)		0,2897	0,7103	0,0000		sum(1,0000)		0,3599	0,6401		sum(1,0000)		0,7699	0,2301		sum(1,0000)		0,0000	0,0000	0,7811	0,2189	0,0000	0,0000	0,0000		sum(1,0000)		0,9611	0,0389		sum(1,0000)		0,8724	0,1276		sum(1,0000)		1,0000	0,0000	0,0000		sum(1,0000)		
0,0000	0,2123	0,7877	0,0000		sum(1,0000)		0,0000	0,8499	0,1501		sum(1,0000)		0,0000	1,0000		sum(1,0000)		0,6466	0,3534		sum(1,0000)		0,0000	0,0000	0,0000	0,0225	0,9775	0,0000	0,0000		sum(1,0000)		1,0000	0,0000		sum(1,0000)		1,0000	0,0000		sum(1,0000)		1,0000	0,0000	0,0000		sum(1,0000)		
0,9037	0,0963	0,0000	0,0000		sum(1,0000)		1,0000	0,0000	0,0000		sum(1,0000)		0,5077	0,4923		sum(1,0000)		1,0000	0,0000		sum(1,0000)		0,0000	0,8646	0,1354	0,0000	0,0000	0,0000	0,0000		sum(1,0000)		1,0000	0,0000		sum(1,0000)		1,0000	0,0000		sum(1,0000)		1,0000	0,0000	0,0000		sum(1,0000)		
0,0000	0,6191	0,3809	0,0000		sum(1,0000)		0,0000	0,9332	0,0668		sum(1,0000)		0,5255	0,4745		sum(1,0000)		0,4314	0,5686		sum(1,0000)		0,0000	0,0000	0,4138	0,5862	0,0000	0,0000	0,0000		sum(1,0000)		1,0000	0,0000		sum(1,0000)		1,0000	0,0000		sum(1,0000)		1,0000	0,0000	0,0000		sum(1,0000)		
0,0000	0,0674	0,9326	0,0000		sum(1,0000)		0,0000	0,6953	0,3047		sum(1,0000)		0,0361	0,9639		sum(1,0000)		0,3761	0,6239		sum(1,0000)		0,0000	0,0000	0,0000	0,5022	0,4978	0,0000	0,0000		sum(1,0000)		1,0000	0,0000		sum(1,0000)		0,7789	0,2211		sum(1,0000)		1,0000	0,0000	0,0000		sum(1,0000)		
0,5021	0,4979	0,0000	0,0000		sum(1,0000)		0,6633	0,3367	0,0000		sum(1,0000)		0,5663	0,4337		sum(1,0000)		0,9271	0,0729		sum(1,0000)		0,0000	0,4465	0,5535	0,0000	0,0000	0,0000	0,0000		sum(1,0000)		0,6845	0,3155		sum(1,0000)		1,0000	0,0000		sum(1,0000)		1,0000	0,0000	0,0000		sum(1,0000)		
0,6217	0,3783	0,0000	0,0000		sum(1,0000)		0,7306	0,2694	0,0000		sum(1,0000)		0,7626	0,2374		sum(1,0000)		0,9271	0,0729		sum(1,0000)		0,0000	0,7717	0,2283	0,0000	0,0000	0,0000	0,0000		sum(1,0000)		1,0000	0,0000		sum(1,0000)		1,0000	0,0000		sum(1,0000)		1,0000	0,0000	0,0000		sum(1,0000)		
0,0364	0,9636	0,0000	0,0000		sum(1,0000)		0,3494	0,6506	0,0000		sum(1,0000)		0,1100	0,8900		sum(1,0000)		0,7435	0,2565		sum(1,0000)		0,0000	0,0000	0,5283	0,4717	0,0000	0,0000	0,0000		sum(1,0000)		0,9344	0,0656		sum(1,0000)		1,0000	0,0000		sum(1,0000)		1,0000	0,0000	0,0000		sum(1,0000)		
0,3184	0,6816	0,0000	0,0000		sum(1,0000)		0,4690	0,5310	0,0000		sum(1,0000)		0,6606	0,3394		sum(1,0000)		0,7749	0,2251		sum(1,0000)		0,0000	0,2653	0,7347	0,0000	0,0000	0,0000	0,0000		sum(1,0000)		0,6207	0,3793		sum(1,0000)		1,0000	0,0000		sum(1,0000)		1,0000	0,0000	0,0000		sum(1,0000)		
0,4423	0,5577	0,0000	0,0000		sum(1,0000)		0,6185	0,3815	0,0000		sum(1,0000)		0,5128	0,4872		sum(1,0000)		0,8529	0,1471		sum(1,0000)		0,0000	0,6834	0,3166	0,0000	0,0000	0,0000	0,0000		sum(1,0000)		1,0000	0,0000		sum(1,0000)		1,0000	0,0000		sum(1,0000)		1,0000	0,0000	0,0000		sum(1,0000)		
0,0000	0,3947	0,6053	0,0000		sum(1,0000)		0,0000	0,8261	0,1739		sum(1,0000)		0,3548	0,6452		sum(1,0000)		0,4717	0,5283		sum(1,0000)		0,0000	0,0000	0,0000	0,7811	0,2189	0,0000	0,0000		sum(1,0000)		0,6688	0,3312		sum(1,0000)		0,8629	0,1371		sum(1,0000)		1,0000	0,0000	0,0000		sum(1,0000)		
0,0449	0,9551	0,0000	0,0000		sum(1,0000)		0,1776	0,8224	0,0000		sum(1,0000)		0,8518	0,1482		sum(1,0000)		0,5220	0,4780		sum(1,0000)		0,0000	0,0000	0,6952	0,3048	0,0000	0,0000	0,0000		sum(1,0000)		0,4636	0,5364		sum(1,0000)		0,7874	0,2126		sum(1,0000)		1,0000	0,0000	0,0000		sum(1,0000)		
0,1090	0,8910	0,0000	0,0000		sum(1,0000)		0,3569	0,6431	0,0000		sum(1,0000)		0,3446	0,6554		sum(1,0000)		0,6881	0,3119		sum(1,0000)		0,0000	0,0000	0,8669	0,1331	0,0000	0,0000	0,0000		sum(1,0000)		1,0000	0,0000		sum(1,0000)		1,0000	0,0000		sum(1,0000)		1,0000	0,0000	0,0000		sum(1,0000)		
0,0000	0,6004	0,3996	0,0000		sum(1,0000)		0,0000	0,9807	0,0193		sum(1,0000)		0,2146	0,7854		sum(1,0000)		0,5283	0,4717		sum(1,0000)		0,0000	0,0000	0,0179	0,9821	0,0000	0,0000	0,0000		sum(1,0000)		1,0000	0,0000		sum(1,0000)		0,7225	0,2775		sum(1,0000)		1,0000	0,0000	0,0000		sum(1,0000)		
0,0000	0,1001	0,8999	0,0000		sum(1,0000)		0,0000	0,7904	0,2096		sum(1,0000)		0,0000	1,0000		sum(1,0000)		0,5321	0,4679		sum(1,0000)		0,0000	0,0000	0,0000	0,1452	0,8548	0,0000	0,0000		sum(1,0000)		1,0000	0,0000		sum(1,0000)		0,6343	0,3657		sum(1,0000)		1,0000	0,0000	0,0000		sum(1,0000)		
0,0000	0,0627	0,9373	0,0000		sum(1,0000)		0,0000	0,6299	0,3701		sum(1,0000)		0,3293	0,6707		sum(1,0000)		0,3849	0,6151		sum(1,0000)		0,0000	0,0000	0,0000	0,2624	0,7376	0,0000	0,0000		sum(1,0000)		0,9066	0,0934		sum(1,0000)		0,5450	0,4550		sum(1,0000)		1,0000	0,0000	0,0000		sum(1,0000)		
0,0000	0,0000	0,7352	0,2648		sum(1,0000)		0,0000	0,5645	0,4355		sum(1,0000)		0,0000	1,0000		sum(1,0000)		0,3774	0,6226		sum(1,0000)		0,0000	0,0000	0,0000	0,0000	0,2632	0,7368	0,0000		sum(1,0000)		0,8529	0,1471		sum(1,0000)		0,5907	0,4093		sum(1,0000)		1,0000	0,0000	0,0000		sum(1,0000)		
0,0000	0,7172	0,2828	0,0000		sum(1,0000)		0,0954	0,9046	0,0000		sum(1,0000)		0,1024	0,8976		sum(1,0000)		0,5988	0,4012		sum(1,0000)		0,0000	0,0000	0,2087	0,7913	0,0000	0,0000	0,0000		sum(1,0000)		0,7899	0,2101		sum(1,0000)		0,7768	0,2232		sum(1,0000)		1,0000	0,0000	0,0000		sum(1,0000)		
0,0000	0,9604	0,0396	0,0000		sum(1,0000)		0,3569	0,6431	0,0000		sum(1,0000)		0,0000	1,0000		sum(1,0000)		0,9246	0,0754		sum(1,0000)		0,0000	0,0000	0,1610	0,8390	0,0000	0,0000	0,0000		sum(1,0000)		0,0000	1,0000		sum(1,0000)		1,0000	0,0000		sum(1,0000)		1,0000	0,0000	0,0000		sum(1,0000)		
0,2799	0,7201	0,0000	0,0000		sum(1,0000)		0,5960	0,4040	0,0000		sum(1,0000)		0,0000	1,0000		sum(1,0000)		0,9863	0,0137		sum(1,0000)		0,0000	0,0000	0,8383	0,1617	0,0000	0,0000	0,0000		sum(1,0000)		1,0000	0,0000		sum(1,0000)		0,9160	0,0840		sum(1,0000)		1,0000	0,0000	0,0000		sum(1,0000)		
0,2970	0,7030	0,0000	0,0000		sum(1,0000)		0,5960	0,4040	0,0000		sum(1,0000)		0,0285	0,9715		sum(1,0000)		0,9825	0,0175		sum(1,0000)		0,0000	0,0000	0,8288	0,1712	0,0000	0,0000	0,0000		sum(1,0000)		1,0000	0,0000		sum(1,0000)		0,9181	0,0819		sum(1,0000)		1,0000	0,0000	0,0000		sum(1,0000)		
0,4423	0,5577	0,0000	0,0000		sum(1,0000)		0,8202	0,1798	0,0000		sum(1,0000)		0,0000	1,0000		sum(1,0000)		1,0000	0,0000		sum(1,0000)		0,0000	0,0000	0,6237	0,3763	0,0000	0,0000	0,0000		sum(1,0000)		1,0000	0,0000		sum(1,0000)		1,0000	0,0000		sum(1,0000)		1,0000	0,0000	0,0000		sum(1,0000)		
0,0000	0,3900	0,6100	0,0000		sum(1,0000)		0,0000	0,8737	0,1263		sum(1,0000)		0,1100	0,8900		sum(1,0000)		0,3207	0,6793		sum(1,0000)		0,0000	0,0000	0,0000	0,6417	0,3583	0,0000	0,0000		sum(1,0000)		0,1442	0,8558		sum(1,0000)		0,5439	0,4561		sum(1,0000)		1,0000	0,0000	0,0000		sum(1,0000)		
0,0000	0,5723	0,4277	0,0000		sum(1,0000)		0,0804	0,9196	0,0000		sum(1,0000)		0,0000	1,0000		sum(1,0000)		0,6957	0,3043		sum(1,0000)		0,0000	0,0000	0,0000	0,2735	0,7265	0,0000	0,0000		sum(1,0000)		0,7834	0,2166		sum(1,0000)		0,9139	0,0861		sum(1,0000)		1,0000	0,0000	0,0000		sum(1,0000)		
0,1688	0,8312	0,0000	0,0000		sum(1,0000)		0,4541	0,5459	0,0000		sum(1,0000)		0,1763	0,8237		sum(1,0000)		0,9510	0,0490		sum(1,0000)		0,0000	0,0000	0,8431	0,1569	0,0000	0,0000	0,0000		sum(1,0000)		1,0000	0,0000		sum(1,0000)		1,0000	0,0000		sum(1,0000)		1,0000	0,0000	0,0000		sum(1,0000)		
0,0000	0,4554	0,5446	0,0000		sum(1,0000)		0,0000	0,9332	0,0668		sum(1,0000)		0,0055	0,9945		sum(1,0000)		0,5422	0,4578		sum(1,0000)		0,0000	0,0000	0,0000	0,6584	0,3416	0,0000	0,0000		sum(1,0000)		1,0000	0,0000		sum(1,0000)		0,9649	0,0351		sum(1,0000)		1,0000	0,0000	0,0000		sum(1,0000)		
0,0000	0,6284	0,3716	0,0000		sum(1,0000)		0,0655	0,9345	0,0000		sum(1,0000)		0,0000	1,0000		sum(1,0000)		0,7070	0,2930		sum(1,0000)		0,0000	0,0000	0,0000	0,7476	0,2524	0,0000	0,0000		sum(1,0000)		0,8521	0,1479		sum(1,0000)		0,9192	0,0808		sum(1,0000)		1,0000	0,0000	0,0000		sum(1,0000)		
0,0000	0,7219	0,2781	0,0000		sum(1,0000)		0,0954	0,9046	0,0000		sum(1,0000)		0,1126	0,8874		sum(1,0000)		0,7384	0,2616		sum(1,0000)		0,0000	0,0000	0,1944	0,8056	0,0000	0,0000	0,0000		sum(1,0000)		0,9546	0,0454		sum(1,0000)		0,9872	0,0128		sum(1,0000)		1,0000	0,0000	0,0000		sum(1,0000)		
0,0000	0,6892	0,3108	0,0000		sum(1,0000)		0,0000	0,9867	0,0133		sum(1,0000)		0,4771	0,5229		sum(1,0000)		0,5711	0,4289		sum(1,0000)		0,0000	0,0000	0,3518	0,6482	0,0000	0,0000	0,0000		sum(1,0000)		1,0000	0,0000		sum(1,0000)		0,7321	0,2679		sum(1,0000)		1,0000	0,0000	0,0000		sum(1,0000)		
0,0000	0,8902	0,1098	0,0000		sum(1,0000)		0,1850	0,8150	0,0000		sum(1,0000)		0,2859	0,7141		sum(1,0000)		0,6881	0,3119		sum(1,0000)		0,0000	0,0000	0,2850	0,7150	0,0000	0,0000	0,0000		sum(1,0000)		0,4414	0,5586		sum(1,0000)		0,9522	0,0478		sum(1,0000)		1,0000	0,0000	0,0000		sum(1,0000)		
0,0000	0,2591	0,7409	0,0000		sum(1,0000)		0,0000	0,8440	0,1560		sum(1,0000)		0,0000	1,0000		sum(1,0000)		0,5761	0,4239		sum(1,0000)		0,0000	0,0000	0,0000	0,4297	0,5703	0,0000	0,0000		sum(1,0000)		0,0000	1,0000		sum(1,0000)		0,9607	0,0393		sum(1,0000)		1,0000	0,0000	0,0000		sum(1,0000)		
0,0000	0,8622	0,1378	0,0000		sum(1,0000)		0,0281	0,9719	0,0000		sum(1,0000)		0,8289	0,1711		sum(1,0000)		0,5245	0,4755		sum(1,0000)		0,0000	0,0423	0,9577	0,0000	0,0000	0,0000	0,0000		sum(1,0000)		0,3845	0,6155		sum(1,0000)		0,6843	0,3157		sum(1,0000)		1,0000	0,0000	0,0000		sum(1,0000)		
0,0000	0,9370	0,0630	0,0000		sum(1,0000)		0,2747	0,7253	0,0000		sum(1,0000)		0,0820	0,9180		sum(1,0000)		0,7900	0,2100		sum(1,0000)		0,0000	0,0000	0,6332	0,3668	0,0000	0,0000	0,0000		sum(1,0000)		0,7027	0,2973		sum(1,0000)		0,8671	0,1329		sum(1,0000)		1,0000	0,0000	0,0000		sum(1,0000)		
0,0000	0,8482	0,1518	0,0000		sum(1,0000)		0,0356	0,9644	0,0000		sum(1,0000)		0,7804	0,2196		sum(1,0000)		0,4918	0,5082		sum(1,0000)		0,0000	0,0423	0,9577	0,0000	0,0000	0,0000	0,0000		sum(1,0000)		1,0000	0,0000		sum(1,0000)		0,5875	0,4125		sum(1,0000)		1,0000	0,0000	0,0000		sum(1,0000)		
0,0000	0,6097	0,3903	0,0000		sum(1,0000)		0,0000	0,9272	0,0728		sum(1,0000)		0,5230	0,4770		sum(1,0000)		0,5409	0,4591		sum(1,0000)		0,0000	0,0000	0,5712	0,4288	0,0000	0,0000	0,0000		sum(1,0000)		1,0000	0,0000		sum(1,0000)		0,6385	0,3615		sum(1,0000)		1,0000	0,0000	0,0000		sum(1,0000)		
0,0000	0,8762	0,1238	0,0000		sum(1,0000)		0,2224	0,7776	0,0000		sum(1,0000)		0,1151	0,8849		sum(1,0000)		0,9360	0,0640		sum(1,0000)		0,0000	0,0000	0,0000	0,7476	0,2524	0,0000	0,0000		sum(1,0000)		0,9151	0,0849		sum(1,0000)		1,0000	0,0000		sum(1,0000)		1,0000	0,0000	0,0000		sum(1,0000)		
0,0000	0,6611	0,3389	0,0000		sum(1,0000)		0,1626	0,8374	0,0000		sum(1,0000)		0,0000	1,0000		sum(1,0000)		0,9410	0,0590		sum(1,0000)		0,0000	0,0000	0,0000	0,5524	0,4476	0,0000	0,0000		sum(1,0000)		1,0000	0,0000		sum(1,0000)		1,0000	0,0000		sum(1,0000)		1,0000	0,0000	0,0000		sum(1,0000)		
0,0000	0,4461	0,5539	0,0000		sum(1,0000)		0,0000	0,9272	0,0728		sum(1,0000)		0,0157	0,9843		sum(1,0000)		0,5912	0,4088		sum(1,0000)		0,0000	0,0000	0,0000	0,5134	0,4866	0,0000	0,0000		sum(1,0000)		1,0000	0,0000		sum(1,0000)		0,8692	0,1308		sum(1,0000)		1,0000	0,0000	0,0000		sum(1,0000)		
0,8908	0,1092	0,0000	0,0000		sum(1,0000)		0,8800	0,1200	0,0000		sum(1,0000)		1,0000	0,0000		sum(1,0000)		1,0000	0,0000		sum(1,0000)		0,0000	0,4186	0,5814	0,0000	0,0000	0,0000	0,0000		sum(1,0000)		1,0000	0,0000		sum(1,0000)		1,0000	0,0000		sum(1,0000)		1,0000	0,0000	0,0000		sum(1,0000)		
1,0000	0,0000	0,0000	0,0000		sum(1,0000)		1,0000	0,0000	0,0000		sum(1,0000)		0,4593	0,5407		sum(1,0000)		1,0000	0,0000		sum(1,0000)		0,3129	0,6871	0,0000	0,0000	0,0000	0,0000	0,0000		sum(1,0000)		0,9563	0,0437		sum(1,0000)		1,0000	0,0000		sum(1,0000)		1,0000	0,0000	0,0000		sum(1,0000)		
1,0000	0,0000	0,0000	0,0000		sum(1,0000)		1,0000	0,0000	0,0000		sum(1,0000)		0,0591	0,9409		sum(1,0000)		1,0000	0,0000		sum(1,0000)		0,1533	0,8467	0,0000	0,0000	0,0000	0,0000	0,0000		sum(1,0000)		1,0000	0,0000		sum(1,0000)		1,0000	0,0000		sum(1,0000)		1,0000	0,0000	0,0000		sum(1,0000)		
0,7840	0,2160	0,0000	0,0000		sum(1,0000)		1,0000	0,0000	0,0000		sum(1,0000)		0,0000	1,0000		sum(1,0000)		1,0000	0,0000		sum(1,0000)		0,0000	0,3721	0,6279	0,0000	0,0000	0,0000	0,0000		sum(1,0000)		0,7463	0,2537		sum(1,0000)		1,0000	0,0000		sum(1,0000)		1,0000	0,0000	0,0000		sum(1,0000)		
0,4166	0,5834	0,0000	0,0000		sum(1,0000)		0,6035	0,3965	0,0000		sum(1,0000)		0,4669	0,5331		sum(1,0000)		0,9271	0,0729		sum(1,0000)		0,0000	0,2421	0,7579	0,0000	0,0000	0,0000	0,0000		sum(1,0000)		0,3679	0,6321		sum(1,0000)		1,0000	0,0000		sum(1,0000)		1,0000	0,0000	0,0000		sum(1,0000)		
0,6046	0,3954	0,0000	0,0000		sum(1,0000)		0,8053	0,1947	0,0000		sum(1,0000)		0,3751	0,6249		sum(1,0000)		1,0000	0,0000		sum(1,0000)		0,0000	0,4465	0,5535	0,0000	0,0000	0,0000	0,0000		sum(1,0000)		1,0000	0,0000		sum(1,0000)		1,0000	0,0000		sum(1,0000)		1,0000	0,0000	0,0000		sum(1,0000)		
0,5619	0,4381	0,0000	0,0000		sum(1,0000)		0,8576	0,1424	0,0000		sum(1,0000)		0,0000	1,0000		sum(1,0000)		1,0000	0,0000		sum(1,0000)		0,0000	0,0144	0,9856	0,0000	0,0000	0,0000	0,0000		sum(1,0000)		1,0000	0,0000		sum(1,0000)		1,0000	0,0000		sum(1,0000)		1,0000	0,0000	0,0000		sum(1,0000)		
0,0000	0,9323	0,0677	0,0000		sum(1,0000)		0,2075	0,7925	0,0000		sum(1,0000)		0,3497	0,6503		sum(1,0000)		0,6315	0,3685		sum(1,0000)		0,0000	0,0000	0,6762	0,3238	0,0000	0,0000	0,0000		sum(1,0000)		1,0000	0,0000		sum(1,0000)		0,9458	0,0542		sum(1,0000)		1,0000	0,0000	0,0000		sum(1,0000)		
0,0791	0,9209	0,0000	0,0000		sum(1,0000)		0,2672	0,7328	0,0000		sum(1,0000)		0,6071	0,3929		sum(1,0000)		0,6579	0,3421		sum(1,0000)		0,0000	0,0000	0,8288	0,1712	0,0000	0,0000	0,0000		sum(1,0000)		1,0000	0,0000		sum(1,0000)		0,9649	0,0351		sum(1,0000)		1,0000	0,0000	0,0000		sum(1,0000)		
0,0000	0,9183	0,0817	0,0000		sum(1,0000)		0,1925	0,8075	0,0000		sum(1,0000)		0,3497	0,6503		sum(1,0000)		0,7082	0,2918		sum(1,0000)		0,0000	0,0000	0,8526	0,1474	0,0000	0,0000	0,0000		sum(1,0000)		1,0000	0,0000		sum(1,0000)		0,7863	0,2137		sum(1,0000)		1,0000	0,0000	0,0000		sum(1,0000)		
0,6260	0,3740	0,0000	0,0000		sum(1,0000)		0,6708	0,3292	0,0000		sum(1,0000)		1,0000	0,0000		sum(1,0000)		0,9058	0,0942		sum(1,0000)		0,1368	0,8632	0,0000	0,0000	0,0000	0,0000	0,0000		sum(1,0000)		0,6199	0,3801		sum(1,0000)		1,0000	0,0000		sum(1,0000)		1,0000	0,0000	0,0000		sum(1,0000)		
0,0000	0,0000	0,5400	0,4600		sum(1,0000)		0,0000	0,2076	0,7924		sum(1,0000)		0,4848	0,5152		sum(1,0000)		0,0000	1,0000		sum(1,0000)		0,0000	0,0000	0,0000	0,0000	0,7859	0,2141	0,0000		sum(1,0000)		0,4006	0,5994		sum(1,0000)		0,0000	1,0000		sum(1,0000)		0,0000	1,0000	0,0000		sum(1,0000)		
0,0000	0,0000	0,8204	0,1796		sum(1,0000)		0,0000	0,3920	0,6080		sum(1,0000)		0,6122	0,3878		sum(1,0000)		0,1685	0,8315		sum(1,0000)		0,0000	0,0000	0,0000	0,1508	0,8492	0,0000	0,0000		sum(1,0000)		0,1588	0,8412		sum(1,0000)		0,1729	0,8271		sum(1,0000)		0,0000	1,0000	0,0000		sum(1,0000)		
0,0000	0,0000	0,6713	0,3287		sum(1,0000)		0,0000	0,3563	0,6437		sum(1,0000)		0,2553	0,7447		sum(1,0000)		0,1937	0,8063		sum(1,0000)		0,0000	0,0000	0,0000	0,0000	0,6445	0,3555	0,0000		sum(1,0000)		0,2137	0,7863		sum(1,0000)		0,2643	0,7357		sum(1,0000)		0,0000	1,0000	0,0000		sum(1,0000)		
0,0000	0,0000	0,0146	0,9854		sum(1,0000)		0,0000	0,0411	0,9589		sum(1,0000)		0,0000	1,0000		sum(1,0000)		0,0000	1,0000		sum(1,0000)		0,0000	0,0000	0,0000	0,0000	0,0000	0,0000	1,0000		sum(1,0000)		0,8610	0,1390		sum(1,0000)		0,0000	1,0000		sum(1,0000)		0,0000	1,0000	0,0000		sum(1,0000)		
0,0000	0,0000	0,8275	0,1725		sum(1,0000)		0,0000	0,4871	0,5129		sum(1,0000)		0,1967	0,8033		sum(1,0000)		0,1446	0,8554		sum(1,0000)		0,0000	0,0000	0,0000	0,1396	0,8604	0,0000	0,0000		sum(1,0000)		0,4297	0,5703		sum(1,0000)		0,2112	0,7888		sum(1,0000)		0,0000	1,0000	0,0000		sum(1,0000)		
0,0000	0,0000	0,8453	0,1547		sum(1,0000)		0,0000	0,4217	0,5783		sum(1,0000)		0,5740	0,4260		sum(1,0000)		0,2578	0,7422		sum(1,0000)		0,0000	0,0000	0,0000	0,4074	0,5926	0,0000	0,0000		sum(1,0000)		0,0598	0,9402		sum(1,0000)		0,2601	0,7399		sum(1,0000)		0,0000	1,0000	0,0000		sum(1,0000)		
0,0000	0,0000	0,6500	0,3500		sum(1,0000)		0,0000	0,2493	0,7507		sum(1,0000)		0,6734	0,3266		sum(1,0000)		0,0855	0,9145		sum(1,0000)		0,0000	0,0000	0,0000	0,6026	0,3974	0,0000	0,0000		sum(1,0000)		0,5024	0,4976		sum(1,0000)		0,1251	0,8749		sum(1,0000)		0,0000	1,0000	0,0000		sum(1,0000)		
0,0000	0,0000	0,0000	1,0000		sum(1,0000)		0,0000	0,0000	1,0000		sum(1,0000)		0,2553	0,7447		sum(1,0000)		0,0000	1,0000		sum(1,0000)		0,0000	0,0000	0,0000	0,0000	0,0000	0,6013	0,3987		sum(1,0000)		0,2492	0,7508		sum(1,0000)		0,0000	1,0000		sum(1,0000)		0,0000	1,0000	0,0000		sum(1,0000)		
0,0000	0,0000	0,0749	0,9251		sum(1,0000)		0,0000	0,0000	1,0000		sum(1,0000)		0,2885	0,7115		sum(1,0000)		0,0000	1,0000		sum(1,0000)		0,0000	0,0000	0,0000	0,0000	0,4517	0,5483	0,0000		sum(1,0000)		0,0017	0,9983		sum(1,0000)		0,0000	1,0000		sum(1,0000)		0,0000	1,0000	0,0000		sum(1,0000)		
0,0000	0,0000	0,7210	0,2790		sum(1,0000)		0,0000	0,4634	0,5366		sum(1,0000)		0,0000	1,0000		sum(1,0000)		0,3547	0,6453		sum(1,0000)		0,0000	0,0000	0,0000	0,0000	0,7645	0,2355	0,0000		sum(1,0000)		0,8925	0,1075		sum(1,0000)		0,3122	0,6878		sum(1,0000)		0,0000	1,0000	0,0000		sum(1,0000)		
0,0000	0,0000	0,9305	0,0695		sum(1,0000)		0,0000	0,5882	0,4118		sum(1,0000)		0,1024	0,8976		sum(1,0000)		0,3233	0,6767		sum(1,0000)		0,0000	0,0000	0,0000	0,2456	0,7544	0,0000	0,0000		sum(1,0000)		0,0000	1,0000		sum(1,0000)		0,1697	0,8303		sum(1,0000)		0,0000	1,0000	0,0000		sum(1,0000)		
0,0000	0,0000	0,1530	0,8470		sum(1,0000)		0,0000	0,0828	0,9172		sum(1,0000)		0,0000	1,0000		sum(1,0000)		0,1584	0,8416		sum(1,0000)		0,0000	0,0000	0,0000	0,0000	0,0000	0,3549	0,6451		sum(1,0000)		0,0000	1,0000		sum(1,0000)		0,1708	0,8292		sum(1,0000)		0,0000	1,0000	0,0000		sum(1,0000)		
0,0000	0,0000	0,0000	1,0000		sum(1,0000)		0,0000	0,0000	1,0000		sum(1,0000)		0,0000	1,0000		sum(1,0000)		0,0000	1,0000		sum(1,0000)		0,0000	0,0000	0,0000	0,0000	0,0000	0,3148	0,6852		sum(1,0000)		0,0000	1,0000		sum(1,0000)		0,0000	1,0000		sum(1,0000)		0,0000	1,0000	0,0000		sum(1,0000)		
0,0000	0,0000	0,0000	1,0000		sum(1,0000)		0,0000	0,0000	1,0000		sum(1,0000)		0,2146	0,7854		sum(1,0000)		0,0000	1,0000		sum(1,0000)		0,0000	0,0000	0,0000	0,0000	0,0000	0,8420	0,1580		sum(1,0000)		1,0000	0,0000		sum(1,0000)		0,0000	1,0000		sum(1,0000)		0,0000	1,0000	0,0000		sum(1,0000)		
0,0000	0,0000	0,0000	1,0000		sum(1,0000)		0,0000	0,0000	1,0000		sum(1,0000)		0,2120	0,7880		sum(1,0000)		0,0000	1,0000		sum(1,0000)		0,0000	0,0000	0,0000	0,0000	0,0000	0,6758	0,3242		sum(1,0000)		0,8505	0,1495		sum(1,0000)		0,0000	1,0000		sum(1,0000)		0,0000	1,0000	0,0000		sum(1,0000)		
0,0000	0,0000	0,3128	0,6872		sum(1,0000)		0,0000	0,1422	0,8578		sum(1,0000)		0,0000	1,0000		sum(1,0000)		0,0000	1,0000		sum(1,0000)		0,0000	0,0000	0,0000	0,0000	0,4003	0,5997	0,0000		sum(1,0000)		1,0000	0,0000		sum(1,0000)		0,0000	1,0000		sum(1,0000)		0,0000	1,0000	0,0000		sum(1,0000)		
0,0000	0,0000	0,0962	0,9038		sum(1,0000)		0,0000	0,0411	0,9589		sum(1,0000)		0,0000	1,0000		sum(1,0000)		0,0603	0,9397		sum(1,0000)		0,0000	0,0000	0,0000	0,0000	0,0000	0,8879	0,1121		sum(1,0000)		1,0000	0,0000		sum(1,0000)		0,0000	1,0000		sum(1,0000)		0,0000	1,0000	0,0000		sum(1,0000)		
0,0000	0,0000	0,0607	0,9393		sum(1,0000)		0,0000	0,0000	1,0000		sum(1,0000)		0,6963	0,3037		sum(1,0000)		0,0000	1,0000		sum(1,0000)		0,0000	0,0000	0,0000	0,0000	0,3189	0,6811	0,0000		sum(1,0000)		0,5561	0,4439		sum(1,0000)		0,0000	1,0000		sum(1,0000)		0,0000	1,0000	0,0000		sum(1,0000)		
0,0000	0,0000	0,0000	1,0000		sum(1,0000)		0,0000	0,0000	1,0000		sum(1,0000)		0,0000	1,0000		sum(1,0000)		0,0000	1,0000		sum(1,0000)		0,0000	0,0000	0,0000	0,0000	0,0000	0,0000	1,0000		sum(1,0000)		0,0000	1,0000		sum(1,0000)		0,0000	1,0000		sum(1,0000)		0,0000	1,0000	0,0000		sum(1,0000)		
0,0000	0,0000	0,0000	1,0000		sum(1,0000)		0,0000	0,0000	1,0000		sum(1,0000)		0,0000	1,0000		sum(1,0000)		0,0000	1,0000		sum(1,0000)		0,0000	0,0000	0,0000	0,0000	0,0000	0,0000	1,0000		sum(1,0000)		0,0211	0,9789		sum(1,0000)		0,0000	1,0000		sum(1,0000)		0,0000	1,0000	0,0000		sum(1,0000)		
0,0000	0,0000	0,0000	1,0000		sum(1,0000)		0,0000	0,0000	1,0000		sum(1,0000)		0,2987	0,7013		sum(1,0000)		0,0000	1,0000		sum(1,0000)		0,0000	0,0000	0,0000	0,0000	0,0000	0,7675	0,2325		sum(1,0000)		1,0000	0,0000		sum(1,0000)		0,0000	1,0000		sum(1,0000)		0,0000	1,0000	0,0000		sum(1,0000)		
0,0000	0,0000	0,1388	0,8612		sum(1,0000)		0,0000	0,0768	0,9232		sum(1,0000)		0,0000	1,0000		sum(1,0000)		0,0000	1,0000		sum(1,0000)		0,0000	0,0000	0,0000	0,0000	0,0000	0,7045	0,2955		sum(1,0000)		0,7867	0,2133		sum(1,0000)		0,0000	1,0000		sum(1,0000)		0,0000	1,0000	0,0000		sum(1,0000)		
0,0000	0,0000	0,1211	0,8789		sum(1,0000)		0,0000	0,0233	0,9767		sum(1,0000)		0,0000	1,0000		sum(1,0000)		0,0000	1,0000		sum(1,0000)		0,0000	0,0000	0,0000	0,0000	0,2204	0,7796	0,0000		sum(1,0000)		0,7394	0,2606		sum(1,0000)		0,0000	1,0000		sum(1,0000)		0,0000	1,0000	0,0000		sum(1,0000)		
0,0000	0,0000	0,1992	0,8008		sum(1,0000)		0,0000	0,1660	0,8340		sum(1,0000)		0,0000	1,0000		sum(1,0000)		0,1194	0,8806		sum(1,0000)		0,0000	0,0000	0,0000	0,0000	0,0000	0,3377	0,6623		sum(1,0000)		0,0000	1,0000		sum(1,0000)		0,1729	0,8271		sum(1,0000)		0,0000	1,0000	0,0000		sum(1,0000)		
0,0000	0,0000	0,2808	0,7192		sum(1,0000)		0,0000	0,0000	1,0000		sum(1,0000)		1,0000	0,0000		sum(1,0000)		0,0000	1,0000		sum(1,0000)		0,0000	0,0000	0,0000	0,1452	0,8548	0,0000	0,0000		sum(1,0000)		0,0546	0,9454		sum(1,0000)		0,0000	1,0000		sum(1,0000)		0,0000	1,0000	0,0000		sum(1,0000)		
0,0000	0,0000	0,8098	0,1902		sum(1,0000)		0,0000	0,4039	0,5961		sum(1,0000)		0,5485	0,4515		sum(1,0000)		0,0000	1,0000		sum(1,0000)		0,0000	0,0000	0,0000	0,2679	0,7321	0,0000	0,0000		sum(1,0000)		0,5541	0,4459		sum(1,0000)		0,0772	0,9228		sum(1,0000)		0,0000	1,0000	0,0000		sum(1,0000)		
0,0000	0,0000	0,0000	1,0000		sum(1,0000)		0,0000	0,0000	1,0000		sum(1,0000)		0,1228	0,8772		sum(1,0000)		0,0000	1,0000		sum(1,0000)		0,0000	0,0000	0,0000	0,0000	0,0000	0,6243	0,3757		sum(1,0000)		0,6425	0,3575		sum(1,0000)		0,0000	1,0000		sum(1,0000)		0,0000	1,0000	0,0000		sum(1,0000)		
0,0000	0,0000	0,0607	0,9393		sum(1,0000)		0,0000	0,0000	1,0000		sum(1,0000)		0,4491	0,5509		sum(1,0000)		0,0000	1,0000		sum(1,0000)		0,0000	0,0000	0,0000	0,0000	0,8245	0,1755	0,0000		sum(1,0000)		1,0000	0,0000		sum(1,0000)		0,0000	1,0000		sum(1,0000)		0,0000	1,0000	0,0000		sum(1,0000)		
0,0000	0,0000	0,3483	0,6517		sum(1,0000)		0,0000	0,0411	0,9589		sum(1,0000)		0,5765	0,4235		sum(1,0000)		0,0000	1,0000		sum(1,0000)		0,0000	0,0000	0,0000	0,0000	0,9959	0,0041	0,0000		sum(1,0000)		0,8945	0,1055		sum(1,0000)		0,0000	1,0000		sum(1,0000)		0,0000	1,0000	0,0000		sum(1,0000)		
0,0000	0,0000	0,1530	0,8470		sum(1,0000)		0,0000	0,0000	1,0000		sum(1,0000)		0,1355	0,8645		sum(1,0000)		0,0000	1,0000		sum(1,0000)		0,0000	0,0000	0,0000	0,0000	0,2589	0,7411	0,0000		sum(1,0000)		1,0000	0,0000		sum(1,0000)		0,0000	1,0000		sum(1,0000)		0,0000	1,0000	0,0000		sum(1,0000)		
0,0000	0,0000	0,9731	0,0269		sum(1,0000)		0,0000	0,6418	0,3582		sum(1,0000)		0,0000	1,0000		sum(1,0000)		0,5208	0,4792		sum(1,0000)		0,0000	0,0000	0,0000	0,0000	0,9402	0,0598	0,0000		sum(1,0000)		0,3437	0,6563		sum(1,0000)		0,4483	0,5517		sum(1,0000)		0,0000	1,0000	0,0000		sum(1,0000)		
0,0000	0,0000	0,4122	0,5878		sum(1,0000)		0,0000	0,2790	0,7210		sum(1,0000)		0,0000	1,0000		sum(1,0000)		0,3044	0,6956		sum(1,0000)		0,0000	0,0000	0,0000	0,0000	0,2161	0,7839	0,0000		sum(1,0000)		1,0000	0,0000		sum(1,0000)		0,2154	0,7846		sum(1,0000)		0,0000	1,0000	0,0000		sum(1,0000)		
0,0000	0,0000	0,0000	1,0000		sum(1,0000)		0,0000	0,0000	1,0000		sum(1,0000)		0,0000	1,0000		sum(1,0000)		0,0238	0,9762		sum(1,0000)		0,0000	0,0000	0,0000	0,0000	0,0000	0,1543	0,8457		sum(1,0000)		0,3070	0,6930		sum(1,0000)		0,0326	0,9674		sum(1,0000)		0,0000	1,0000	0,0000		sum(1,0000)		
0,0000	0,0000	0,0000	1,0000		sum(1,0000)		0,0000	0,0000	1,0000		sum(1,0000)		0,3726	0,6274		sum(1,0000)		0,0000	1,0000		sum(1,0000)		0,0000	0,0000	0,0000	0,0000	0,2718	0,7282	0,0000		sum(1,0000)		0,6910	0,3090		sum(1,0000)		0,0000	1,0000		sum(1,0000)		0,0000	1,0000	0,0000		sum(1,0000)		
0,0000	0,0000	0,0714	0,9286		sum(1,0000)		0,0000	0,0000	1,0000		sum(1,0000)		0,0871	0,9129		sum(1,0000)		0,0000	1,0000		sum(1,0000)		0,0000	0,0000	0,0000	0,0000	0,0000	0,9395	0,0605		sum(1,0000)		0,6865	0,3135		sum(1,0000)		0,0000	1,0000		sum(1,0000)		0,0000	1,0000	0,0000		sum(1,0000)		
0,0000	0,0000	0,1140	0,8860		sum(1,0000)		0,0000	0,0233	0,9767		sum(1,0000)		0,0000	1,0000		sum(1,0000)		0,1194	0,8806		sum(1,0000)		0,0000	0,0000	0,0000	0,0000	0,0000	0,7618	0,2382		sum(1,0000)		1,0000	0,0000		sum(1,0000)		0,1708	0,8292		sum(1,0000)		0,0000	1,0000	0,0000		sum(1,0000)		
0,0000	0,0000	0,1069	0,8931		sum(1,0000)		0,0000	0,0946	0,9054		sum(1,0000)		0,0000	1,0000		sum(1,0000)		0,0000	1,0000		sum(1,0000)		0,0000	0,0000	0,0000	0,0000	0,0000	0,6472	0,3528		sum(1,0000)		0,8985	0,1015		sum(1,0000)		0,0000	1,0000		sum(1,0000)		0,0000	1,0000	0,0000		sum(1,0000)		
0,0000	0,0000	0,5400	0,4600		sum(1,0000)		0,0000	0,2790	0,7210		sum(1,0000)		0,1610	0,8390		sum(1,0000)		0,1245	0,8755		sum(1,0000)		0,0000	0,0000	0,0000	0,0000	0,7345	0,2655	0,0000		sum(1,0000)		0,5335	0,4665		sum(1,0000)		0,1176	0,8824		sum(1,0000)		0,0000	1,0000	0,0000		sum(1,0000)		
0,0000	0,0000	0,0000	1,0000		sum(1,0000)		0,0000	0,0000	1,0000		sum(1,0000)		0,2834	0,7166		sum(1,0000)		0,0000	1,0000		sum(1,0000)		0,0000	0,0000	0,0000	0,0000	0,0000	0,8936	0,1064		sum(1,0000)		0,7334	0,2666		sum(1,0000)		0,0000	1,0000		sum(1,0000)		0,0000	1,0000	0,0000		sum(1,0000)		
0,0000	0,0000	0,2134	0,7866		sum(1,0000)		0,0000	0,0649	0,9351		sum(1,0000)		0,0000	1,0000		sum(1,0000)		0,0000	1,0000		sum(1,0000)		0,0000	0,0000	0,0000	0,0000	0,3018	0,6982	0,0000		sum(1,0000)		1,0000	0,0000		sum(1,0000)		0,1548	0,8452		sum(1,0000)		0,0000	1,0000	0,0000		sum(1,0000)		
0,0000	0,0000	0,2489	0,7511		sum(1,0000)		0,0000	0,1244	0,8756		sum(1,0000)		0,0000	1,0000		sum(1,0000)		0,0314	0,9686		sum(1,0000)		0,0000	0,0000	0,0000	0,0000	0,0000	0,8592	0,1408		sum(1,0000)		1,0000	0,0000		sum(1,0000)		0,2612	0,7388		sum(1,0000)		0,0000	1,0000	0,0000		sum(1,0000)		
0,0000	0,0000	0,0000	1,0000		sum(1,0000)		0,0000	0,0000	1,0000		sum(1,0000)		0,3751	0,6249		sum(1,0000)		0,0000	1,0000		sum(1,0000)		0,0000	0,0000	0,0000	0,0000	0,0000	0,7331	0,2669		sum(1,0000)		0,5613	0,4387		sum(1,0000)		0,0794	0,9206		sum(1,0000)		0,0000	1,0000	0,0000		sum(1,0000)		
0,0000	0,0000	0,0075	0,9925		sum(1,0000)		0,0000	0,0114	0,9886		sum(1,0000)		0,0000	1,0000		sum(1,0000)		0,0000	1,0000		sum(1,0000)		0,0000	0,0000	0,0000	0,0000	0,0000	0,0970	0,9030		sum(1,0000)		1,0000	0,0000		sum(1,0000)		0,1229	0,8771		sum(1,0000)		0,0000	1,0000	0,0000		sum(1,0000)		
0,0000	0,0000	0,0039	0,9961		sum(1,0000)		0,0000	0,0000	1,0000		sum(1,0000)		0,3599	0,6401		sum(1,0000)		0,0000	1,0000		sum(1,0000)		0,0000	0,0000	0,0000	0,0000	0,0319	0,9681	0,0000		sum(1,0000)		0,0000	1,0000		sum(1,0000)		0,0000	1,0000		sum(1,0000)		0,0000	1,0000	0,0000		sum(1,0000)		
0,0000	0,0000	0,0000	1,0000		sum(1,0000)		0,0000	0,0000	1,0000		sum(1,0000)		0,0106	0,9894		sum(1,0000)		0,0000	1,0000		sum(1,0000)		0,0000	0,0000	0,0000	0,0000	0,0000	0,0000	1,0000		sum(1,0000)		0,1580	0,8420		sum(1,0000)		0,0000	1,0000		sum(1,0000)		0,0000	1,0000	0,0000		sum(1,0000)		
0,0000	0,0000	0,0323	0,9677		sum(1,0000)		0,0000	0,0000	1,0000		sum(1,0000)		0,0234	0,9766		sum(1,0000)		0,0000	1,0000		sum(1,0000)		0,0000	0,0000	0,0000	0,0000	0,1090	0,8910	0,0000		sum(1,0000)		1,0000	0,0000		sum(1,0000)		0,0000	1,0000		sum(1,0000)		0,0000	1,0000	0,0000		sum(1,0000)		
0,0000	0,0000	0,0678	0,9322		sum(1,0000)		0,0000	0,0768	0,9232		sum(1,0000)		0,0000	1,0000		sum(1,0000)		0,1018	0,8982		sum(1,0000)		0,0000	0,0000	0,0000	0,0000	0,0000	0,1256	0,8744		sum(1,0000)		0,2965	0,7035		sum(1,0000)		0,3079	0,6921		sum(1,0000)		0,0000	1,0000	0,0000		sum(1,0000)		
0,0000	0,0000	0,0004	0,9996		sum(1,0000)		0,0000	0,0000	1,0000		sum(1,0000)		0,0000	1,0000		sum(1,0000)		0,0000	1,0000		sum(1,0000)		0,0000	0,0000	0,0000	0,0000	0,0000	0,5956	0,4044		sum(1,0000)		0,8012	0,1988		sum(1,0000)		0,0000	1,0000		sum(1,0000)		0,0000	1,0000	0,0000		sum(1,0000)		
0,0000	0,0000	0,0927	0,9073		sum(1,0000)		0,0000	0,0590	0,9410		sum(1,0000)		0,0000	1,0000		sum(1,0000)		0,0000	1,0000		sum(1,0000)		0,0000	0,0000	0,0000	0,0000	0,0000	0,8592	0,1408		sum(1,0000)		0,5771	0,4229		sum(1,0000)		0,0783	0,9217		sum(1,0000)		0,0000	1,0000	0,0000		sum(1,0000)		
0,0000	0,0000	0,0000	1,0000		sum(1,0000)		0,0000	0,0000	1,0000		sum(1,0000)		0,1330	0,8670		sum(1,0000)		0,0000	1,0000		sum(1,0000)		0,0000	0,0000	0,0000	0,0000	0,0000	0,3549	0,6451		sum(1,0000)		0,8097	0,1903		sum(1,0000)		0,0000	1,0000		sum(1,0000)		0,0000	1,0000	0,0000		sum(1,0000)		
0,0000	0,0000	0,0000	1,0000		sum(1,0000)		0,0000	0,0000	1,0000		sum(1,0000)		0,0000	1,0000		sum(1,0000)		0,0000	1,0000		sum(1,0000)		0,0000	0,0000	0,0000	0,0000	0,0000	0,0000	1,0000		sum(1,0000)		0,0000	1,0000		sum(1,0000)		0,0000	1,0000		sum(1,0000)		0,0000	1,0000	0,0000		sum(1,0000)		
0,0000	0,0000	0,3589	0,6411		sum(1,0000)		0,0000	0,1244	0,8756		sum(1,0000)		0,2324	0,7676		sum(1,0000)		0,0918	0,9082		sum(1,0000)		0,0000	0,0000	0,0000	0,0000	0,7774	0,2226	0,0000		sum(1,0000)		0,5852	0,4148		sum(1,0000)		0,0305	0,9695		sum(1,0000)		0,0000	1,0000	0,0000		sum(1,0000)		
0,0000	0,0768	0,9232	0,0000		sum(1,0000)		0,0000	0,5645	0,4355		sum(1,0000)		0,7014	0,2986		sum(1,0000)		0,4654	0,5346		sum(1,0000)		0,0000	0,0000	0,0000	0,6919	0,3081	0,0000	0,0000		sum(1,0000)		0,3158	0,6842		sum(1,0000)		0,3579	0,6421		sum(1,0000)		0,0000	1,0000	0,0000		sum(1,0000)		
0,0000	0,0000	0,2560	0,7440		sum(1,0000)		0,0000	0,2136	0,7864		sum(1,0000)		0,0000	1,0000		sum(1,0000)		0,1912	0,8088		sum(1,0000)		0,0000	0,0000	0,0000	0,0000	0,0000	0,8478	0,1522		sum(1,0000)		0,8416	0,1584		sum(1,0000)		0,1431	0,8569		sum(1,0000)		0,0000	1,0000	0,0000		sum(1,0000)		
0,0000	0,1609	0,8391	0,0000		sum(1,0000)		0,0000	0,8559	0,1441		sum(1,0000)		0,0000	1,0000		sum(1,0000)		0,9674	0,0326		sum(1,0000)		0,0000	0,0000	0,0000	0,0000	0,6960	0,3040	0,0000		sum(1,0000)		0,6994	0,3006		sum(1,0000)		0,9522	0,0478		sum(1,0000)		0,0000	1,0000	0,0000		sum(1,0000)		
0,0000	0,0000	0,1424	0,8576		sum(1,0000)		0,0000	0,0887	0,9113		sum(1,0000)		0,0000	1,0000		sum(1,0000)		0,0263	0,9737		sum(1,0000)		0,0000	0,0000	0,0000	0,0000	0,0000	0,2861	0,7139		sum(1,0000)		0,3554	0,6446		sum(1,0000)		0,0507	0,9493		sum(1,0000)		0,0000	1,0000	0,0000		sum(1,0000)		
0,0000	0,0000	0,1779	0,8221		sum(1,0000)		0,0000	0,0000	1,0000		sum(1,0000)		0,4210	0,5790		sum(1,0000)		0,0000	1,0000		sum(1,0000)		0,0000	0,0000	0,0000	0,0000	0,6445	0,3555	0,0000		sum(1,0000)		0,2734	0,7266		sum(1,0000)		0,0000	1,0000		sum(1,0000)		0,0000	1,0000	0,0000		sum(1,0000)		
0,0000	0,0000	0,4157	0,5843		sum(1,0000)		0,0000	0,2849	0,7151		sum(1,0000)		0,0000	1,0000		sum(1,0000)		0,1924	0,8076		sum(1,0000)		0,0000	0,0000	0,0000	0,0000	0,2461	0,7539	0,0000		sum(1,0000)		1,0000	0,0000		sum(1,0000)		0,1283	0,8717		sum(1,0000)		0,0000	1,0000	0,0000		sum(1,0000)		
0,0000	0,0000	0,0000	1,0000		sum(1,0000)		0,0000	0,0000	1,0000		sum(1,0000)		0,3267	0,6733		sum(1,0000)		0,0000	1,0000		sum(1,0000)		0,0000	0,0000	0,0000	0,0000	0,0000	0,8363	0,1637		sum(1,0000)		1,0000	0,0000		sum(1,0000)		0,0000	1,0000		sum(1,0000)		0,0000	1,0000	0,0000		sum(1,0000)		
0,0000	0,0000	0,5684	0,4316		sum(1,0000)		0,0000	0,3979	0,6021		sum(1,0000)		0,0000	1,0000		sum(1,0000)		0,4289	0,5711		sum(1,0000)		0,0000	0,0000	0,0000	0,0000	0,2332	0,7668	0,0000		sum(1,0000)		0,0000	1,0000		sum(1,0000)		0,4025	0,5975		sum(1,0000)		0,0000	1,0000	0,0000		sum(1,0000)		
0,0000	0,0000	0,3021	0,6979		sum(1,0000)		0,0000	0,2612	0,7388		sum(1,0000)		0,0000	1,0000		sum(1,0000)		0,1924	0,8076		sum(1,0000)		0,0000	0,0000	0,0000	0,0000	0,0000	0,9395	0,0605		sum(1,0000)		0,9009	0,0991		sum(1,0000)		0,0826	0,9174		sum(1,0000)		0,0000	1,0000	0,0000		sum(1,0000)		
0,0000	0,0000	0,0749	0,9251		sum(1,0000)		0,0000	0,0054	0,9946		sum(1,0000)		0,0000	1,0000		sum(1,0000)		0,0000	1,0000		sum(1,0000)		0,0000	0,0000	0,0000	0,0000	0,0000	0,5383	0,4617		sum(1,0000)		0,8723	0,1277		sum(1,0000)		0,0964	0,9036		sum(1,0000)		0,0000	1,0000	0,0000		sum(1,0000)		
0,0000	0,4461	0,5539	0,0000		sum(1,0000)		0,0000	0,8499	0,1501		sum(1,0000)		0,4006	0,5994		sum(1,0000)		0,3119	0,6881		sum(1,0000)		0,0000	0,0000	0,3041	0,6959	0,0000	0,0000	0,0000		sum(1,0000)		0,2448	0,7552		sum(1,0000)		0,2601	0,7399		sum(1,0000)		0,0000	1,0000	0,0000		sum(1,0000)		
0,0000	0,0814	0,9186	0,0000		sum(1,0000)		0,0000	0,5942	0,4058		sum(1,0000)		0,5587	0,4413		sum(1,0000)		0,3610	0,6390		sum(1,0000)		0,0000	0,0000	0,0000	0,6472	0,3528	0,0000	0,0000		sum(1,0000)		0,3239	0,6761		sum(1,0000)		0,2601	0,7399		sum(1,0000)		0,0000	1,0000	0,0000		sum(1,0000)		
0,0000	0,3619	0,6381	0,0000		sum(1,0000)		0,0000	0,8559	0,1441		sum(1,0000)		0,1024	0,8976		sum(1,0000)		0,4478	0,5522		sum(1,0000)		0,0000	0,0000	0,0000	0,5747	0,4253	0,0000	0,0000		sum(1,0000)		0,0388	0,9612		sum(1,0000)		0,2048	0,7952		sum(1,0000)		0,0000	1,0000	0,0000		sum(1,0000)		
0,0000	0,4461	0,5539	0,0000		sum(1,0000)		0,0000	0,9926	0,0074		sum(1,0000)		0,0000	1,0000		sum(1,0000)		0,8240	0,1760		sum(1,0000)		0,0000	0,0000	0,0000	0,2568	0,7432	0,0000	0,0000		sum(1,0000)		0,5928	0,4072		sum(1,0000)		0,6385	0,3615		sum(1,0000)		0,0000	1,0000	0,0000		sum(1,0000)		
0,0000	0,0000	0,6358	0,3642		sum(1,0000)		0,0000	0,3385	0,6615		sum(1,0000)		0,1993	0,8007		sum(1,0000)		0,0000	1,0000		sum(1,0000)		0,0000	0,0000	0,0000	0,0000	0,7302	0,2698	0,0000		sum(1,0000)		0,6227	0,3773		sum(1,0000)		0,0730	0,9270		sum(1,0000)		0,0000	1,0000	0,0000		sum(1,0000)		
0,0000	0,3573	0,6427	0,0000		sum(1,0000)		0,0000	0,7012	0,2988		sum(1,0000)		0,8569	0,1431		sum(1,0000)		0,2666	0,7334		sum(1,0000)		0,0000	0,0000	0,4806	0,5194	0,0000	0,0000	0,0000		sum(1,0000)		0,9805	0,0195		sum(1,0000)		0,1708	0,8292		sum(1,0000)		0,0000	1,0000	0,0000		sum(1,0000)		
0,0000	0,3432	0,6568	0,0000		sum(1,0000)		0,0000	0,7250	0,2750		sum(1,0000)		0,7218	0,2782		sum(1,0000)		0,3774	0,6226		sum(1,0000)		0,0000	0,0000	0,2183	0,7817	0,0000	0,0000	0,0000		sum(1,0000)		0,9462	0,0538		sum(1,0000)		0,3058	0,6942		sum(1,0000)		0,0000	1,0000	0,0000		sum(1,0000)		
0,0000	0,0487	0,9513	0,0000		sum(1,0000)		0,0000	0,6834	0,3166		sum(1,0000)		0,0336	0,9664		sum(1,0000)		0,3270	0,6730		sum(1,0000)		0,0000	0,0000	0,0000	0,2177	0,7823	0,0000	0,0000		sum(1,0000)		0,5246	0,4754		sum(1,0000)		0,1251	0,8749		sum(1,0000)		0,0000	1,0000	0,0000		sum(1,0000)		
0,4807	0,5193	0,0000	0,0000		sum(1,0000)		0,5437	0,4563	0,0000		sum(1,0000)		0,9767	0,0233		sum(1,0000)		0,8303	0,1697		sum(1,0000)		0,0000	0,5951	0,4049	0,0000	0,0000	0,0000	0,0000		sum(1,0000)		0,0000	1,0000		sum(1,0000)		0,6853	0,3147		sum(1,0000)		0,0000	0,0000	1,0000		sum(1,0000)		
0,3739	0,6261	0,0000	0,0000		sum(1,0000)		0,5288	0,4712	0,0000		sum(1,0000)		0,6377	0,3623		sum(1,0000)		0,7435	0,2565		sum(1,0000)		0,0000	0,2281	0,7719	0,0000	0,0000	0,0000	0,0000		sum(1,0000)		0,0000	1,0000		sum(1,0000)		0,6375	0,3625		sum(1,0000)		0,0000	0,0000	1,0000		sum(1,0000)		
0,3654	0,6346	0,0000	0,0000		sum(1,0000)		0,5213	0,4787	0,0000		sum(1,0000)		0,6199	0,3801		sum(1,0000)		0,9347	0,0653		sum(1,0000)		0,0000	0,2235	0,7765	0,0000	0,0000	0,0000	0,0000		sum(1,0000)		0,0000	1,0000		sum(1,0000)		0,7789	0,2211		sum(1,0000)		0,0000	0,0000	1,0000		sum(1,0000)		
0,8438	0,1562	0,0000	0,0000		sum(1,0000)		0,9921	0,0079	0,0000		sum(1,0000)		0,5383	0,4617		sum(1,0000)		1,0000	0,0000		sum(1,0000)		0,0000	0,7206	0,2794	0,0000	0,0000	0,0000	0,0000		sum(1,0000)		0,0000	1,0000		sum(1,0000)		0,8703	0,1297		sum(1,0000)		0,0000	0,0000	1,0000		sum(1,0000)		
1,0000	0,0000	0,0000	0,0000		sum(1,0000)		0,9323	0,0677	0,0000		sum(1,0000)		1,0000	0,0000		sum(1,0000)		1,0000	0,0000		sum(1,0000)		0,7147	0,2853	0,0000	0,0000	0,0000	0,0000	0,0000		sum(1,0000)		0,2411	0,7589		sum(1,0000)		0,9160	0,0840		sum(1,0000)		0,0000	0,0000	1,0000		sum(1,0000)		
1,0000	0,0000	0,0000	0,0000		sum(1,0000)		1,0000	0,0000	0,0000		sum(1,0000)		1,0000	0,0000		sum(1,0000)		1,0000	0,0000		sum(1,0000)		1,0000	0,0000	0,0000	0,0000	0,0000	0,0000	0,0000		sum(1,0000)		0,0000	1,0000		sum(1,0000)		0,8129	0,1871		sum(1,0000)		0,0000	0,0000	1,0000		sum(1,0000)		
1,0000	0,0000	0,0000	0,0000		sum(1,0000)		1,0000	0,0000	0,0000		sum(1,0000)		1,0000	0,0000		sum(1,0000)		1,0000	0,0000		sum(1,0000)		1,0000	0,0000	0,0000	0,0000	0,0000	0,0000	0,0000		sum(1,0000)		1,0000	0,0000		sum(1,0000)		0,9649	0,0351		sum(1,0000)		0,0000	0,0000	1,0000		sum(1,0000)		
0,7285	0,2715	0,0000	0,0000		sum(1,0000)		0,8875	0,1125	0,0000		sum(1,0000)		0,5230	0,4770		sum(1,0000)		1,0000	0,0000		sum(1,0000)		0,0000	0,7206	0,2794	0,0000	0,0000	0,0000	0,0000		sum(1,0000)		0,2613	0,7387		sum(1,0000)		1,0000	0,0000		sum(1,0000)		0,0000	0,0000	1,0000		sum(1,0000)		
0,6388	0,3612	0,0000	0,0000		sum(1,0000)		0,7007	0,2993	0,0000		sum(1,0000)		0,9487	0,0513		sum(1,0000)		0,9385	0,0615		sum(1,0000)		0,0000	0,9807	0,0193	0,0000	0,0000	0,0000	0,0000		sum(1,0000)		0,7301	0,2699		sum(1,0000)		0,7693	0,2307		sum(1,0000)		0,0000	0,0000	1,0000		sum(1,0000)		
1,0000	0,0000	0,0000	0,0000		sum(1,0000)		1,0000	0,0000	0,0000		sum(1,0000)		1,0000	0,0000		sum(1,0000)		1,0000	0,0000		sum(1,0000)		1,0000	0,0000	0,0000	0,0000	0,0000	0,0000	0,0000		sum(1,0000)		0,0000	1,0000		sum(1,0000)		0,8990	0,1010		sum(1,0000)		0,0000	0,0000	1,0000		sum(1,0000)		
1,0000	0,0000	0,0000	0,0000		sum(1,0000)		1,0000	0,0000	0,0000		sum(1,0000)		0,9359	0,0641		sum(1,0000)		1,0000	0,0000		sum(1,0000)		0,3679	0,6321	0,0000	0,0000	0,0000	0,0000	0,0000		sum(1,0000)		0,0000	1,0000		sum(1,0000)		0,7789	0,2211		sum(1,0000)		0,0000	0,0000	1,0000		sum(1,0000)		
0,9336	0,0664	0,0000	0,0000		sum(1,0000)		0,8426	0,1574	0,0000		sum(1,0000)		1,0000	0,0000		sum(1,0000)		0,9146	0,0854		sum(1,0000)		0,7202	0,2798	0,0000	0,0000	0,0000	0,0000	0,0000		sum(1,0000)		0,0000	1,0000		sum(1,0000)		0,8182	0,1818		sum(1,0000)		0,0000	0,0000	1,0000		sum(1,0000)		
0,8268	0,1732	0,0000	0,0000		sum(1,0000)		0,7829	0,2171	0,0000		sum(1,0000)		1,0000	0,0000		sum(1,0000)		0,9108	0,0892		sum(1,0000)		0,4064	0,5936	0,0000	0,0000	0,0000	0,0000	0,0000		sum(1,0000)		0,1261	0,8739		sum(1,0000)		0,7225	0,2775		sum(1,0000)		0,0000	0,0000	1,0000		sum(1,0000)		
1,0000	0,0000	0,0000	0,0000		sum(1,0000)		1,0000	0,0000	0,0000		sum(1,0000)		1,0000	0,0000		sum(1,0000)		1,0000	0,0000		sum(1,0000)		1,0000	0,0000	0,0000	0,0000	0,0000	0,0000	0,0000		sum(1,0000)		0,7011	0,2989		sum(1,0000)		1,0000	0,0000		sum(1,0000)		0,0000	0,0000	1,0000		sum(1,0000)		
1,0000	0,0000	0,0000	0,0000		sum(1,0000)		1,0000	0,0000	0,0000		sum(1,0000)		1,0000	0,0000		sum(1,0000)		1,0000	0,0000		sum(1,0000)		0,8357	0,1643	0,0000	0,0000	0,0000	0,0000	0,0000		sum(1,0000)		0,4119	0,5881		sum(1,0000)		0,8257	0,1743		sum(1,0000)		0,0000	0,0000	1,0000		sum(1,0000)		
1,0000	0,0000	0,0000	0,0000		sum(1,0000)		1,0000	0,0000	0,0000		sum(1,0000)		1,0000	0,0000		sum(1,0000)		1,0000	0,0000		sum(1,0000)		1,0000	0,0000	0,0000	0,0000	0,0000	0,0000	0,0000		sum(1,0000)		0,0000	1,0000		sum(1,0000)		0,8724	0,1276		sum(1,0000)		0,0000	0,0000	1,0000		sum(1,0000)		
1,0000	0,0000	0,0000	0,0000		sum(1,0000)		1,0000	0,0000	0,0000		sum(1,0000)		0,6810	0,3190		sum(1,0000)		1,0000	0,0000		sum(1,0000)		0,3184	0,6816	0,0000	0,0000	0,0000	0,0000	0,0000		sum(1,0000)		0,6950	0,3050		sum(1,0000)		1,0000	0,0000		sum(1,0000)		0,0000	0,0000	1,0000		sum(1,0000)		
0,8823	0,1177	0,0000	0,0000		sum(1,0000)		0,6857	0,3143	0,0000		sum(1,0000)		1,0000	0,0000		sum(1,0000)		0,9284	0,0716		sum(1,0000)		0,8908	0,1092	0,0000	0,0000	0,0000	0,0000	0,0000		sum(1,0000)		0,0982	0,9018		sum(1,0000)		0,8714	0,1286		sum(1,0000)		0,0000	0,0000	1,0000		sum(1,0000)		
1,0000	0,0000	0,0000	0,0000		sum(1,0000)		0,8426	0,1574	0,0000		sum(1,0000)		1,0000	0,0000		sum(1,0000)		0,8655	0,1345		sum(1,0000)		1,0000	0,0000	0,0000	0,0000	0,0000	0,0000	0,0000		sum(1,0000)		0,2787	0,7213		sum(1,0000)		0,7757	0,2243		sum(1,0000)		0,0000	0,0000	1,0000		sum(1,0000)		
1,0000	0,0000	0,0000	0,0000		sum(1,0000)		1,0000	0,0000	0,0000		sum(1,0000)		1,0000	0,0000		sum(1,0000)		1,0000	0,0000		sum(1,0000)		1,0000	0,0000	0,0000	0,0000	0,0000	0,0000	0,0000		sum(1,0000)		0,0000	1,0000		sum(1,0000)		0,7757	0,2243		sum(1,0000)		0,0000	0,0000	1,0000		sum(1,0000)		
0,7071	0,2929	0,0000	0,0000		sum(1,0000)		0,7306	0,2694	0,0000		sum(1,0000)		1,0000	0,0000		sum(1,0000)		0,8567	0,1433		sum(1,0000)		0,1533	0,8467	0,0000	0,0000	0,0000	0,0000	0,0000		sum(1,0000)		0,8020	0,1980		sum(1,0000)		0,5833	0,4167		sum(1,0000)		0,0000	0,0000	1,0000		sum(1,0000)		
0,9293	0,0707	0,0000	0,0000		sum(1,0000)		0,9846	0,0154	0,0000		sum(1,0000)		0,9181	0,0819		sum(1,0000)		0,9838	0,0162		sum(1,0000)		0,5330	0,4670	0,0000	0,0000	0,0000	0,0000	0,0000		sum(1,0000)		0,3219	0,6781		sum(1,0000)		0,7778	0,2222		sum(1,0000)		0,0000	0,0000	1,0000		sum(1,0000)		
0,9165	0,0835	0,0000	0,0000		sum(1,0000)		0,9248	0,0752	0,0000		sum(1,0000)		1,0000	0,0000		sum(1,0000)		1,0000	0,0000		sum(1,0000)		0,3294	0,6706	0,0000	0,0000	0,0000	0,0000	0,0000		sum(1,0000)		0,0324	0,9676		sum(1,0000)		1,0000	0,0000		sum(1,0000)		0,0000	0,0000	1,0000		sum(1,0000)		
0,7029	0,2971	0,0000	0,0000		sum(1,0000)		0,8053	0,1947	0,0000		sum(1,0000)		0,7779	0,2221		sum(1,0000)		1,0000	0,0000		sum(1,0000)		0,0000	0,7159	0,2841	0,0000	0,0000	0,0000	0,0000		sum(1,0000)		0,2621	0,7379		sum(1,0000)		0,9181	0,0819		sum(1,0000)		0,0000	0,0000	1,0000		sum(1,0000)		
1,0000	0,0000	0,0000	0,0000		sum(1,0000)		1,0000	0,0000	0,0000		sum(1,0000)		0,7779	0,2221		sum(1,0000)		1,0000	0,0000		sum(1,0000)		0,6211	0,3789	0,0000	0,0000	0,0000	0,0000	0,0000		sum(1,0000)		0,0000	1,0000		sum(1,0000)		1,0000	0,0000		sum(1,0000)		0,0000	0,0000	1,0000		sum(1,0000)		
0,8951	0,1049	0,0000	0,0000		sum(1,0000)		1,0000	0,0000	0,0000		sum(1,0000)		0,1789	0,8211		sum(1,0000)		1,0000	0,0000		sum(1,0000)		0,0000	0,8413	0,1587	0,0000	0,0000	0,0000	0,0000		sum(1,0000)		1,0000	0,0000		sum(1,0000)		1,0000	0,0000		sum(1,0000)		0,0000	0,0000	1,0000		sum(1,0000)		
0,7499	0,2501	0,0000	0,0000		sum(1,0000)		0,7903	0,2097	0,0000		sum(1,0000)		1,0000	0,0000		sum(1,0000)		1,0000	0,0000		sum(1,0000)		0,0542	0,9458	0,0000	0,0000	0,0000	0,0000	0,0000		sum(1,0000)		0,0582	0,9418		sum(1,0000)		0,8182	0,1818		sum(1,0000)		0,0000	0,0000	1,0000		sum(1,0000)		
0,8737	0,1263	0,0000	0,0000		sum(1,0000)		0,8950	0,1050	0,0000		sum(1,0000)		1,0000	0,0000		sum(1,0000)		0,8995	0,1005		sum(1,0000)		0,3844	0,6156	0,0000	0,0000	0,0000	0,0000	0,0000		sum(1,0000)		0,5775	0,4225		sum(1,0000)		0,7459	0,2541		sum(1,0000)		0,0000	0,0000	1,0000		sum(1,0000)		
1,0000	0,0000	0,0000	0,0000		sum(1,0000)		1,0000	0,0000	0,0000		sum(1,0000)		1,0000	0,0000		sum(1,0000)		1,0000	0,0000		sum(1,0000)		1,0000	0,0000	0,0000	0,0000	0,0000	0,0000	0,0000		sum(1,0000)		0,2952	0,7048		sum(1,0000)		0,9649	0,0351		sum(1,0000)		0,0000	0,0000	1,0000		sum(1,0000)		
1,0000	0,0000	0,0000	0,0000		sum(1,0000)		1,0000	0,0000	0,0000		sum(1,0000)		1,0000	0,0000		sum(1,0000)		1,0000	0,0000		sum(1,0000)		1,0000	0,0000	0,0000	0,0000	0,0000	0,0000	0,0000		sum(1,0000)		0,6247	0,3753		sum(1,0000)		1,0000	0,0000		sum(1,0000)		0,0000	0,0000	1,0000		sum(1,0000)		
1,0000	0,0000	0,0000	0,0000		sum(1,0000)		1,0000	0,0000	0,0000		sum(1,0000)		1,0000	0,0000		sum(1,0000)		1,0000	0,0000		sum(1,0000)		1,0000	0,0000	0,0000	0,0000	0,0000	0,0000	0,0000		sum(1,0000)		0,0000	1,0000		sum(1,0000)		0,9320	0,0680		sum(1,0000)		0,0000	0,0000	1,0000		sum(1,0000)		
1,0000	0,0000	0,0000	0,0000		sum(1,0000)		1,0000	0,0000	0,0000		sum(1,0000)		1,0000	0,0000		sum(1,0000)		1,0000	0,0000		sum(1,0000)		0,3404	0,6596	0,0000	0,0000	0,0000	0,0000	0,0000		sum(1,0000)		0,0000	1,0000		sum(1,0000)		1,0000	0,0000		sum(1,0000)		0,0000	0,0000	1,0000		sum(1,0000)		
1,0000	0,0000	0,0000	0,0000		sum(1,0000)		1,0000	0,0000	0,0000		sum(1,0000)		1,0000	0,0000		sum(1,0000)		1,0000	0,0000		sum(1,0000)		0,7917	0,2083	0,0000	0,0000	0,0000	0,0000	0,0000		sum(1,0000)		0,3066	0,6934		sum(1,0000)		1,0000	0,0000		sum(1,0000)		0,0000	0,0000	1,0000		sum(1,0000)		
1,0000	0,0000	0,0000	0,0000		sum(1,0000)		1,0000	0,0000	0,0000		sum(1,0000)		1,0000	0,0000		sum(1,0000)		1,0000	0,0000		sum(1,0000)		0,7917	0,2083	0,0000	0,0000	0,0000	0,0000	0,0000		sum(1,0000)		0,0000	1,0000		sum(1,0000)		1,0000	0,0000		sum(1,0000)		0,0000	0,0000	1,0000		sum(1,0000)		
1,0000	0,0000	0,0000	0,0000		sum(1,0000)		1,0000	0,0000	0,0000		sum(1,0000)		1,0000	0,0000		sum(1,0000)		1,0000	0,0000		sum(1,0000)		1,0000	0,0000	0,0000	0,0000	0,0000	0,0000	0,0000		sum(1,0000)		0,0000	1,0000		sum(1,0000)		0,9086	0,0914		sum(1,0000)		0,0000	0,0000	1,0000		sum(1,0000)		
1,0000	0,0000	0,0000	0,0000		sum(1,0000)		1,0000	0,0000	0,0000		sum(1,0000)		0,6963	0,3037		sum(1,0000)		1,0000	0,0000		sum(1,0000)		0,4725	0,5275	0,0000	0,0000	0,0000	0,0000	0,0000		sum(1,0000)		0,1192	0,8808		sum(1,0000)		1,0000	0,0000		sum(1,0000)		0,0000	0,0000	1,0000		sum(1,0000)		
1,0000	0,0000	0,0000	0,0000		sum(1,0000)		1,0000	0,0000	0,0000		sum(1,0000)		1,0000	0,0000		sum(1,0000)		1,0000	0,0000		sum(1,0000)		1,0000	0,0000	0,0000	0,0000	0,0000	0,0000	0,0000		sum(1,0000)		0,0000	1,0000		sum(1,0000)		1,0000	0,0000		sum(1,0000)		0,0000	0,0000	1,0000		sum(1,0000)		
1,0000	0,0000	0,0000	0,0000		sum(1,0000)		1,0000	0,0000	0,0000		sum(1,0000)		1,0000	0,0000		sum(1,0000)		1,0000	0,0000		sum(1,0000)		1,0000	0,0000	0,0000	0,0000	0,0000	0,0000	0,0000		sum(1,0000)		0,1479	0,8521		sum(1,0000)		1,0000	0,0000		sum(1,0000)		0,0000	0,0000	1,0000		sum(1,0000)		
1,0000	0,0000	0,0000	0,0000		sum(1,0000)		1,0000	0,0000	0,0000		sum(1,0000)		0,9946	0,0054		sum(1,0000)		1,0000	0,0000		sum(1,0000)		0,8192	0,1808	0,0000	0,0000	0,0000	0,0000	0,0000		sum(1,0000)		0,0000	1,0000		sum(1,0000)		1,0000	0,0000		sum(1,0000)		0,0000	0,0000	1,0000		sum(1,0000)		
0,8481	0,1519	0,0000	0,0000		sum(1,0000)		0,8800	0,1200	0,0000		sum(1,0000)		1,0000	0,0000		sum(1,0000)		0,9750	0,0250		sum(1,0000)		0,0762	0,9238	0,0000	0,0000	0,0000	0,0000	0,0000		sum(1,0000)		1,0000	0,0000		sum(1,0000)		0,9160	0,0840		sum(1,0000)		0,0000	0,0000	1,0000		sum(1,0000)		
1,0000	0,0000	0,0000	0,0000		sum(1,0000)		1,0000	0,0000	0,0000		sum(1,0000)		0,7728	0,2272		sum(1,0000)		1,0000	0,0000		sum(1,0000)		0,7257	0,2743	0,0000	0,0000	0,0000	0,0000	0,0000		sum(1,0000)		0,0449	0,9551		sum(1,0000)		1,0000	0,0000		sum(1,0000)		0,0000	0,0000	1,0000		sum(1,0000)		
0,7413	0,2587	0,0000	0,0000		sum(1,0000)		0,9248	0,0752	0,0000		sum(1,0000)		0,4006	0,5994		sum(1,0000)		1,0000	0,0000		sum(1,0000)		0,0000	0,4883	0,5117	0,0000	0,0000	0,0000	0,0000		sum(1,0000)		0,0328	0,9672		sum(1,0000)		0,9490	0,0510		sum(1,0000)		0,0000	0,0000	1,0000		sum(1,0000)		
0,8567	0,1433	0,0000	0,0000		sum(1,0000)		0,9622	0,0378	0,0000		sum(1,0000)		0,7244	0,2756		sum(1,0000)		1,0000	0,0000		sum(1,0000)		0,0000	0,9900	0,0100	0,0000	0,0000	0,0000	0,0000		sum(1,0000)		0,0853	0,9147		sum(1,0000)		0,9373	0,0627		sum(1,0000)		0,0000	0,0000	1,0000		sum(1,0000)		
1,0000	0,0000	0,0000	0,0000		sum(1,0000)		1,0000	0,0000	0,0000		sum(1,0000)		0,7346	0,2654		sum(1,0000)		1,0000	0,0000		sum(1,0000)		0,3129	0,6871	0,0000	0,0000	0,0000	0,0000	0,0000		sum(1,0000)		0,0000	1,0000		sum(1,0000)		0,9617	0,0383		sum(1,0000)		0,0000	0,0000	1,0000		sum(1,0000)		
0,5576	0,4424	0,0000	0,0000		sum(1,0000)		0,6558	0,3442	0,0000		sum(1,0000)		0,8212	0,1788		sum(1,0000)		0,8013	0,1987		sum(1,0000)		0,0000	0,4465	0,5535	0,0000	0,0000	0,0000	0,0000		sum(1,0000)		0,0000	1,0000		sum(1,0000)		0,7693	0,2307		sum(1,0000)		0,0000	0,0000	1,0000		sum(1,0000)		
1,0000	0,0000	0,0000	0,0000		sum(1,0000)		0,9996	0,0004	0,0000		sum(1,0000)		1,0000	0,0000		sum(1,0000)		0,9674	0,0326		sum(1,0000)		1,0000	0,0000	0,0000	0,0000	0,0000	0,0000	0,0000		sum(1,0000)		0,4063	0,5937		sum(1,0000)		0,9118	0,0882		sum(1,0000)		0,0000	0,0000	1,0000		sum(1,0000)		
1,0000	0,0000	0,0000	0,0000		sum(1,0000)		0,8950	0,1050	0,0000		sum(1,0000)		1,0000	0,0000		sum(1,0000)		0,9045	0,0955		sum(1,0000)		1,0000	0,0000	0,0000	0,0000	0,0000	0,0000	0,0000		sum(1,0000)		0,0687	0,9313		sum(1,0000)		0,7310	0,2690		sum(1,0000)		0,0000	0,0000	1,0000		sum(1,0000)		
1,0000	0,0000	0,0000	0,0000		sum(1,0000)		1,0000	0,0000	0,0000		sum(1,0000)		1,0000	0,0000		sum(1,0000)		1,0000	0,0000		sum(1,0000)		1,0000	0,0000	0,0000	0,0000	0,0000	0,0000	0,0000		sum(1,0000)		0,3590	0,6410		sum(1,0000)		1,0000	0,0000		sum(1,0000)		0,0000	0,0000	1,0000		sum(1,0000)		
1,0000	0,0000	0,0000	0,0000		sum(1,0000)		1,0000	0,0000	0,0000		sum(1,0000)		0,6861	0,3139		sum(1,0000)		1,0000	0,0000		sum(1,0000)		0,4725	0,5275	0,0000	0,0000	0,0000	0,0000	0,0000		sum(1,0000)		0,0000	1,0000		sum(1,0000)		1,0000	0,0000		sum(1,0000)		0,0000	0,0000	1,0000		sum(1,0000)		
1,0000	0,0000	0,0000	0,0000		sum(1,0000)		1,0000	0,0000	0,0000		sum(1,0000)		0,5485	0,4515		sum(1,0000)		1,0000	0,0000		sum(1,0000)		0,6596	0,3404	0,0000	0,0000	0,0000	0,0000	0,0000		sum(1,0000)		0,0376	0,9624		sum(1,0000)		1,0000	0,0000		sum(1,0000)		0,0000	0,0000	1,0000		sum(1,0000)		
1,0000	0,0000	0,0000	0,0000		sum(1,0000)		1,0000	0,0000	0,0000		sum(1,0000)		1,0000	0,0000		sum(1,0000)		1,0000	0,0000		sum(1,0000)		1,0000	0,0000	0,0000	0,0000	0,0000	0,0000	0,0000		sum(1,0000)		0,0000	1,0000		sum(1,0000)		1,0000	0,0000		sum(1,0000)		0,0000	0,0000	1,0000		sum(1,0000)		
1,0000	0,0000	0,0000	0,0000		sum(1,0000)		1,0000	0,0000	0,0000		sum(1,0000)		0,7651	0,2349		sum(1,0000)		1,0000	0,0000		sum(1,0000)		0,5661	0,4339	0,0000	0,0000	0,0000	0,0000	0,0000		sum(1,0000)		0,4374	0,5626		sum(1,0000)		1,0000	0,0000		sum(1,0000)		0,0000	0,0000	1,0000		sum(1,0000)		
0,9934	0,0066	0,0000	0,0000		sum(1,0000)		1,0000	0,0000	0,0000		sum(1,0000)		0,1738	0,8262		sum(1,0000)		1,0000	0,0000		sum(1,0000)		0,0000	0,7856	0,2144	0,0000	0,0000	0,0000	0,0000		sum(1,0000)		0,5941	0,4059		sum(1,0000)		0,9649	0,0351		sum(1,0000)		0,0000	0,0000	1,0000		sum(1,0000)		
1,0000	0,0000	0,0000	0,0000		sum(1,0000)		1,0000	0,0000	0,0000		sum(1,0000)		1,0000	0,0000		sum(1,0000)		1,0000	0,0000		sum(1,0000)		1,0000	0,0000	0,0000	0,0000	0,0000	0,0000	0,0000		sum(1,0000)		0,0869	0,9131		sum(1,0000)		1,0000	0,0000		sum(1,0000)		0,0000	0,0000	1,0000		sum(1,0000)		
0,8908	0,1092	0,0000	0,0000		sum(1,0000)		1,0000	0,0000	0,0000		sum(1,0000)		0,5714	0,4286		sum(1,0000)		1,0000	0,0000		sum(1,0000)		0,0000	0,6834	0,3166	0,0000	0,0000	0,0000	0,0000		sum(1,0000)		0,3780	0,6220		sum(1,0000)		1,0000	0,0000		sum(1,0000)		0,0000	0,0000	1,0000		sum(1,0000)		
0,5961	0,4039	0,0000	0,0000		sum(1,0000)		0,8800	0,1200	0,0000		sum(1,0000)		0,0081	0,9919		sum(1,0000)		1,0000	0,0000		sum(1,0000)		0,0000	0,0000	0,9814	0,0186	0,0000	0,0000	0,0000		sum(1,0000)		0,0788	0,9212		sum(1,0000)		1,0000	0,0000		sum(1,0000)		0,0000	0,0000	1,0000		sum(1,0000)		
0,6003	0,3997	0,0000	0,0000		sum(1,0000)		0,8352	0,1648	0,0000		sum(1,0000)		0,1967	0,8033		sum(1,0000)		1,0000	0,0000		sum(1,0000)		0,0000	0,3164	0,6836	0,0000	0,0000	0,0000	0,0000		sum(1,0000)		0,0000	1,0000		sum(1,0000)		1,0000	0,0000		sum(1,0000)		0,0000	0,0000	1,0000		sum(1,0000)		
0,3525	0,6475	0,0000	0,0000		sum(1,0000)		0,6484	0,3516	0,0000		sum(1,0000)		0,0361	0,9639		sum(1,0000)		1,0000	0,0000		sum(1,0000)		0,0000	0,0000	0,9719	0,0281	0,0000	0,0000	0,0000		sum(1,0000)		0,1608	0,8392		sum(1,0000)		1,0000	0,0000		sum(1,0000)		0,0000	0,0000	1,0000		sum(1,0000)		
0,6730	0,3270	0,0000	0,0000		sum(1,0000)		0,7306	0,2694	0,0000		sum(1,0000)		0,9742	0,0258		sum(1,0000)		0,9083	0,0917		sum(1,0000)		0,0000	0,9807	0,0193	0,0000	0,0000	0,0000	0,0000		sum(1,0000)		0,7116	0,2884		sum(1,0000)		0,8597	0,1403		sum(1,0000)		0,0000	0,0000	1,0000		sum(1,0000)		
0,6131	0,3869	0,0000	0,0000		sum(1,0000)		0,9473	0,0527	0,0000		sum(1,0000)		0,0000	1,0000		sum(1,0000)		1,0000	0,0000		sum(1,0000)		0,0000	0,0000	0,8431	0,1569	0,0000	0,0000	0,0000		sum(1,0000)		0,9046	0,0954		sum(1,0000)		1,0000	0,0000		sum(1,0000)		0,0000	0,0000	1,0000		sum(1,0000)		
0,7755	0,2245	0,0000	0,0000		sum(1,0000)		0,9024	0,0976	0,0000		sum(1,0000)		0,6479	0,3521		sum(1,0000)		1,0000	0,0000		sum(1,0000)		0,0000	0,6184	0,3816	0,0000	0,0000	0,0000	0,0000		sum(1,0000)		0,0000	1,0000		sum(1,0000)		1,0000	0,0000		sum(1,0000)		0,0000	0,0000	1,0000		sum(1,0000)		
0,6516	0,3484	0,0000	0,0000		sum(1,0000)		0,9921	0,0079	0,0000		sum(1,0000)		0,0000	1,0000		sum(1,0000)		1,0000	0,0000		sum(1,0000)		0,0000	0,0000	0,9385	0,0615	0,0000	0,0000	0,0000		sum(1,0000)		1,0000	0,0000		sum(1,0000)		1,0000	0,0000		sum(1,0000)		0,0000	0,0000	1,0000		sum(1,0000)		
1,0000	0,0000	0,0000	0,0000		sum(1,0000)		1,0000	0,0000	0,0000		sum(1,0000)		0,4669	0,5331		sum(1,0000)		1,0000	0,0000		sum(1,0000)		0,5330	0,4670	0,0000	0,0000	0,0000	0,0000	0,0000		sum(1,0000)		0,4107	0,5893		sum(1,0000)		1,0000	0,0000		sum(1,0000)		0,0000	0,0000	1,0000		sum(1,0000)		
0,6388	0,3612	0,0000	0,0000		sum(1,0000)		0,9248	0,0752	0,0000		sum(1,0000)		0,0000	1,0000		sum(1,0000)		1,0000	0,0000		sum(1,0000)		0,0000	0,1445	0,8555	0,0000	0,0000	0,0000	0,0000		sum(1,0000)		0,0000	1,0000		sum(1,0000)		1,0000	0,0000		sum(1,0000)		0,0000	0,0000	1,0000		sum(1,0000)		
0,7798	0,2202	0,0000	0,0000		sum(1,0000)		0,8800	0,1200	0,0000		sum(1,0000)		0,7550	0,2450		sum(1,0000)		1,0000	0,0000		sum(1,0000)		0,0000	0,7531	0,2469	0,0000	0,0000	0,0000	0,0000		sum(1,0000)		0,4640	0,5360		sum(1,0000)		1,0000	0,0000		sum(1,0000)		0,0000	0,0000	1,0000		sum(1,0000)		
0,8567	0,1433	0,0000	0,0000		sum(1,0000)		1,0000	0,0000	0,0000		sum(1,0000)		0,2044	0,7956		sum(1,0000)		1,0000	0,0000		sum(1,0000)		0,0000	0,6555	0,3445	0,0000	0,0000	0,0000	0,0000		sum(1,0000)		0,5803	0,4197		sum(1,0000)		1,0000	0,0000		sum(1,0000)		0,0000	0,0000	1,0000		sum(1,0000)		
1,0000	0,0000	0,0000	0,0000		sum(1,0000)		1,0000	0,0000	0,0000		sum(1,0000)		0,8977	0,1023		sum(1,0000)		1,0000	0,0000		sum(1,0000)		0,6156	0,3844	0,0000	0,0000	0,0000	0,0000	0,0000		sum(1,0000)		0,3001	0,6999		sum(1,0000)		1,0000	0,0000		sum(1,0000)		0,0000	0,0000	1,0000		sum(1,0000)		
0,4252	0,5748	0,0000	0,0000		sum(1,0000)		0,7380	0,2620	0,0000		sum(1,0000)		0,0000	1,0000		sum(1,0000)		1,0000	0,0000		sum(1,0000)		0,0000	0,0000	0,4758	0,5242	0,0000	0,0000	0,0000		sum(1,0000)		0,0000	1,0000		sum(1,0000)		1,0000	0,0000		sum(1,0000)		0,0000	0,0000	1,0000		sum(1,0000)		
1,0000	0,0000	0,0000	0,0000		sum(1,0000)		1,0000	0,0000	0,0000		sum(1,0000)		0,8722	0,1278		sum(1,0000)		1,0000	0,0000		sum(1,0000)		0,3899	0,6101	0,0000	0,0000	0,0000	0,0000	0,0000		sum(1,0000)		0,5936	0,4064		sum(1,0000)		1,0000	0,0000		sum(1,0000)		0,0000	0,0000	1,0000		sum(1,0000)		
0,8097	0,1903	0,0000	0,0000		sum(1,0000)		0,9772	0,0228	0,0000		sum(1,0000)		0,4567	0,5433		sum(1,0000)		1,0000	0,0000		sum(1,0000)		0,0000	0,6880	0,3120	0,0000	0,0000	0,0000	0,0000		sum(1,0000)		0,0000	1,0000		sum(1,0000)		1,0000	0,0000		sum(1,0000)		0,0000	0,0000	1,0000		sum(1,0000)		

